100 100
49.06 -22.82 16.22 -52.24 -93.47 -39.75 67.58 -37.22 4.28 -62.97 60.09 72.26 -59.72 -55.19 -1.53 89.80 -71.32 -1.00 -85.23 31.12 48.67 59.45 70.42 46.04 -26.12 -62.94 64.06 16.94 -83.11 88.56 -85.80 -96.84 -34.27 67.63 -49.08 -27.74 -34.92 -44.30 72.25 69.36 29.94 69.54 78.82 70.22 -85.65 -22.72 97.22 -56.97 76.28 -88.01 -88.65 62.15 -91.36 -81.02 45.39 19.74 -6.75 9.44 -63.33 47.35 35.20 -11.92 50.51 -61.87 -44.30 -61.37 47.60 20.78 -5.67 57.06 27.34 -38.53 26.59 6.15 -68.32 78.15 83.43 -71.10 -41.61 96.91 -21.90 -30.26 96.26 -13.26 25.93 41.64 -93.53 -80.83 -11.72 -56.86 66.53 -76.53 31.22 54.24 -1.19 -75.88 92.88 -53.60 44.90 24.41
-59.34 9.44 85.89 67.26 -84.42 -82.44 45.40 -63.79 -16.33 -59.01 -29.68 61.77 47.95 -33.43 -14.28 -26.13 -91.80 -7.81 30.26 33.69 72.55 33.99 57.16 40.97 -11.78 -6.83 65.10 -18.91 76.79 47.20 -57.29 -82.56 -43.36 -71.41 -78.10 9.43 -16.64 67.31 45.65 -95.76 -54.50 -84.04 66.01 93.45 19.75 -48.28 -32.68 27.95 81.13 97.58 -1.15 53.67 68.77 -6.79 -5.37 -43.02 86.39 -40.28 75.29 63.17 -55.87 -82.01 -82.19 0.77 -16.21 -60.28 -89.81 67.15 -55.77 93.05 71.39 -10.27 -90.99 74.61 -16.82 65.97 -36.47 87.71 31.12 -55.35 -77.52 -70.04 -64.48 91.25 23.18 67.37 -51.78 9.56 -35.71 -76.50 9.93 8.42 -21.30 27.74 -90.82 62.49 -95.34 -43.41 66.85 -51.11
-50.37 38.23 38.63 -4.15 50.04 -40.99 -38.19 -49.22 -53.29 92.94 -4.57 -30.81 -39.90 68.17 -39.57 83.28 35.53 45.86 30.04 99.82 -93.43 -60.04 8.24 22.48 -95.09 54.63 -15.03 -90.43 -88.79 -48.19 -41.53 -1.94 -72.76 -65.70 93.91 77.29 -6.69 -7.07 -71.94 40.02 23.07 60.70 -53.59 83.17 66.07 44.05 66.45 1.59 27.11 33.69 38.62 33.68 -89.14 -53.15 -43.84 -84.23 -61.32 78.34 -37.45 -12.89 -69.86 58.23 85.17 -5.41 92.53 -83.73 9.08 23.04 9.20 74.35 0.26 -67.74 35.05 83.88 -47.36 38.32 27.92 -43.71 -60.09 -44.97 89.98 78.53 -74.09 -99.17 -37.42 -17.93 -46.19 38.47 -2.39 16.37 -74.43 27.75 -25.41 -89.27 -40.45 4.33 -35.78 68.63 -35.43 73.42
42.98 64.84 -57.11 15.23 48.71 -4.47 -46.46 13.84 51.82 -6.55 68.87 41.79 9.18 -68.02 79.84 -91.04 14.06 -66.36 47.44 -88.34 87.22 -89.79 76.63 -0.98 -41.84 -63.83 -59.45 22.38 -58.00 5.12 -4.21 84.98 7.16 38.68 0.20 -6.92 -28.59 90.96 -93.09 -76.78 21.61 -87.02 -97.78 -32.00 -55.04 -80.74 -23.04 96.23 -47.10 -38.40 -54.90 -22.67 -28.18 -41.07 76.35 67.19 32.31 -83.11 -10.44 74.31 22.01 -77.45 96.50 -33.62 98.45 33.90 59.46 -30.15 24.85 -96.43 30.29 -53.54 -46.24 69.72 14.46 -1.28 88.98 -71.38 32.16 -20.92 -9.77 -85.54 56.41 99.26 -26.61 69.96 66.44 -94.31 86.85 -6.80 80.00 46.07 15.75 -86.31 -50.35 14.19 47.60 -90.90 -78.75 -27.56
-50.12 51.54 18.90 3.64 58.46 -29.44 -60.44 47.43 -0.81 -91.08 -36.29 -73.38 -76.62 -42.67 -74.13 -3.23 -72.72 -70.49 2.46 -48.66 22.71 19.67 -65.39 -24.34 33.36 -15.74 -72.94 18.16 30.57 -51.69 90.61 80.45 -62.95 46.71 21.29 -67.29 -82.73 60.85 -82.66 53.67 -93.02 -18.95 80.29 -69.64 75.59 -56.64 27.14 -97.13 10.08 -33.20 -8.58 -30.01 -76.33 26.03 45.65 94.25 -52.51 -90.09 12.40 78.06 -41.78 40.21 95.71 32.48 -13.08 54.20 65.19 41.40 52.25 82.53 -4.94 59.23 0.79 12.55 89.60 -23.63 55.91 53.94 16.45 -34.02 -79.27 -54.93 35.97 -18.38 -91.70 18.82 -24.14 -44.21 28.74 -74.54 -28.95 -75.84 65.68 3.96 93.86 -47.41 -41.85 96.25 -68.81 -89.60
78.78 63.46 69.63 16.77 -24.00 96.43 -69.66 -68.10 50.36 84.01 35.09 -91.70 -70.93 8.26 -10.08 -62.62 -72.93 65.78 -6.83 55.81 -71.56 -98.57 -82.82 94.12 5.39 -88.97 -16.09 63.55 -92.73 15.10 -88.85 -76.75 -21.45 80.78 40.02 91.76 77.21 -92.43 -39.14 64.77 91.58 95.95 73.07 -79.36 4.20 -37.02 -41.98 68.49 -34.04 88.41 24.29 -5.59 89.84 78.68 25.73 32.43 89.71 -90.36 -4.03 96.99 61.95 7.12 -79.77 -22.29 25.11 97.47 -30.54 39.52 -94.97 30.33 4.28 96.61 63.48 -22.65 -45.55 4.89 40.33 49.69 -26.63 -56.50 75.30 -65.14 37.91 65.13 -86.46 -36.37 34.76 -96.76 10.48 -32.06 -99.78 -27.57 75.06 -42.33 87.35 37.37 -44.87 -5.99 -23.12 -2.63
-75.67 -81.63 31.18 -74.98 -4.28 85.63 29.91 -26.75 35.31 -96.73 16.75 10.60 -61.87 -8.14 12.93 -11.12 55.50 -15.10 -7.87 3.18 52.84 29.56 -87.19 65.10 87.23 -99.85 2.47 -20.44 -5.83 -83.45 76.93 55.71 -65.08 45.31 -82.07 67.85 30.94 47.84 -58.90 3.45 51.11 95.06 -48.74 -73.55 -13.08 -98.61 15.33 -20.38 -13.71 -55.34 82.80 -60.88 74.23 95.62 -95.78 98.66 -67.03 6.69 -21.78 64.35 60.45 -7.65 57.27 95.38 -62.34 75.20 -99.58 -94.20 23.04 -58.48 9.25 11.35 -26.21 97.72 75.01 60.71 99.12 -9.66 -22.47 -14.60 35.00 -39.68 61.74 46.43 -6.86 65.96 45.09 63.33 9.85 -39.49 27.67 -29.71 52.86 22.14 2.87 -72.28 -2.66 3.30 -66.48 -42.42
82.03 79.99 68.93 -44.19 77.70 43.94 -46.28 -85.99 -28.52 31.25 -0.58 -56.32 -71.22 -1.64 90.12 59.13 -35.69 72.41 22.45 -88.64 -67.09 -12.67 18.86 85.77 -90.54 -78.27 -86.51 44.01 62.24 -15.78 -98.42 44.26 -35.80 -92.28 -62.72 -20.89 88.87 -9.00 -6.88 -39.66 -77.75 92.54 41.23 -11.76 -9.11 68.55 -52.64 92.41 40.95 69.82 -59.03 73.86 -5.65 59.84 96.84 3.81 -81.23 -89.68 -52.18 81.01 31.75 -13.39 62.47 95.96 -5.67 99.75 -24.94 -16.81 27.96 68.18 80.74 87.42 97.93 59.18 -24.35 26.02 27.72 23.01 55.64 -31.33 30.03 96.61 -57.48 -75.63 56.44 -60.65 65.40 75.21 -13.12 -86.79 93.42 -44.16 37.03 55.89 -48.21 -68.64 55.63 64.06 51.76 20.79
69.44 69.71 8.20 -95.44 28.88 83.85 67.80 -43.41 6.86 23.43 62.47 -25.91 57.24 -57.80 -1.53 13.68 18.76 -36.14 26.09 -94.36 14.28 19.51 -38.52 -48.70 12.60 50.48 19.87 -31.78 51.74 8.84 89.02 21.17 -21.46 34.42 62.95 -55.38 18.27 30.74 38.42 -37.67 -45.84 0.89 36.42 -88.61 43.09 -27.91 62.28 -38.16 73.16 25.58 4.69 -12.57 -54.92 -96.63 75.95 57.68 91.06 33.02 -36.90 42.79 -20.94 -10.68 1.17 94.81 -76.26 -35.89 -60.58 79.22 94.85 77.85 -58.46 -51.00 15.94 -84.84 -2.40 -3.77 -12.74 -2.91 58.07 -2.38 -77.34 -0.03 -77.74 -32.26 3.34 -64.59 -37.38 -5.60 68.43 62.93 -25.61 -15.30 -47.75 75.56 -20.50 13.20 -60.34 56.14 -7.59 -65.50
33.98 71.16 20.71 -12.88 86.32 -44.48 83.35 10.78 52.61 78.62 -54.39 75.27 -21.42 -32.13 -19.79 -80.87 3.28 42.83 13.53 8.91 5.75 87.92 93.61 95.21 -99.32 10.32 45.61 -59.66 -33.55 -24.78 -25.15 -62.37 -53.63 -67.24 24.75 -30.10 -11.72 8.09 -82.12 -59.12 -13.30 -36.51 -83.86 -97.51 31.36 -3.65 -78.38 -28.16 -23.62 35.15 80.76 -80.66 60.27 -88.44 -48.25 60.95 21.88 97.37 -61.50 88.33 -27.42 13.35 -36.84 56.17 83.32 87.91 -73.94 -28.40 33.20 -56.06 12.48 -80.10 44.65 65.84 -77.61 -24.00 -0.61 -18.78 85.06 75.78 -46.43 65.81 -67.68 -86.17 -85.43 -15.93 -88.01 36.46 18.64 -12.30 61.99 91.23 -98.96 -74.85 47.39 -78.44 -49.74 -89.35 -6.84 83.47
-8.20 -57.15 -59.43 -63.56 -91.32 0.17 49.66 8.07 81.39 34.71 21.05 -65.05 37.72 53.37 -14.01 52.29 -25.35 35.19 25.95 93.29 -77.12 -12.06 -78.29 -38.87 50.30 -93.70 -17.30 -62.24 -83.05 75.86 -41.57 8.76 -81.30 -1.00 82.41 -35.41 -63.63 32.06 -90.13 -45.04 -33.24 30.92 27.12 -58.32 21.50 -49.68 93.98 -66.65 85.51 19.92 -36.16 -54.40 -54.94 -14.44 43.94 -67.44 29.07 -73.37 -29.67 83.24 -60.30 65.97 -8.01 -4.39 -35.03 11.60 60.21 38.55 -56.34 70.08 93.52 47.63 38.20 57.84 89.32 -3.10 -91.85 83.29 30.25 93.67 40.41 94.10 -23.53 -77.32 -20.35 -79.60 -44.76 -54.08 -15.75 62.78 -70.85 23.95 28.75 58.35 -80.45 -69.08 -30.05 -83.04 -93.33 13.61
-75.76 -62.61 -1.56 62.45 95.24 -12.25 -40.66 -96.62 8.24 -73.20 -65.75 -14.14 -79.11 47.93 8.54 37.75 68.34 -99.02 83.67 -47.42 -99.03 -87.18 -86.27 66.93 71.17 -29.51 -64.95 -21.68 -12.54 -58.28 91.93 48.91 -20.88 27.58 48.56 11.56 -84.68 -54.89 52.15 60.78 -28.09 86.41 -53.37 -7.20 71.54 92.38 -32.25 39.87 -69.44 -48.59 -70.35 -68.47 1.44 -56.62 98.46 9.82 13.88 -29.29 88.14 -61.46 12.44 -82.73 87.45 -71.24 44.85 36.01 77.53 97.38 81.12 29.67 95.36 -46.98 53.28 -20.81 83.03 24.82 -28.44 -49.23 1.89 2.13 39.39 31.55 70.87 -21.96 74.93 -93.47 87.86 -11.20 -22.76 -86.81 27.34 89.68 -69.54 52.00 -44.36 -87.49 -12.00 -66.84 -90.11 6.32
62.84 -94.76 96.55 16.11 -15.56 79.57 -21.87 93.21 -32.46 80.03 32.54 -55.87 11.57 3.41 22.17 23.70 9.94 10.02 -87.50 87.18 23.22 77.05 -85.94 90.89 66.25 -30.30 -96.60 -45.76 2.87 -86.71 60.56 2.91 -44.26 94.31 -43.78 77.39 73.87 34.36 70.60 -21.39 14.38 3.13 22.75 -36.85 -56.26 -55.09 86.85 90.89 92.15 -63.45 78.07 15.36 -49.19 92.13 43.45 -82.95 -0.97 46.85 8.51 -60.90 97.35 -30.94 79.22 -46.91 0.58 -64.56 -69.53 -25.56 -93.00 -61.73 90.27 58.59 78.62 13.01 -78.27 -40.44 57.92 -54.22 -49.55 50.06 -17.66 -71.49 2.62 70.36 -42.16 -53.93 87.41 94.08 -69.88 -4.09 -66.82 -72.53 -97.82 -87.61 -19.44 2.76 -14.96 48.24 -85.60 -7.96
-76.28 -95.34 -49.38 -97.67 17.67 9.56 -38.11 12.80 55.35 49.55 0.06 -25.11 78.06 -60.11 -54.76 -26.90 23.17 -67.36 -32.82 53.29 65.77 37.57 80.76 67.95 87.17 -1.48 -29.30 -27.79 -53.24 22.31 64.25 -29.52 26.98 -47.92 10.02 -18.15 61.64 -90.89 94.65 16.98 58.67 31.92 91.87 73.93 71.81 -25.69 -15.76 -5.03 6.96 51.42 -51.75 -27.28 26.19 -33.78 -22.13 13.35 64.74 85.78 85.56 -88.51 8.08 87.02 19.18 -64.95 -60.91 -33.60 16.91 -62.07 12.73 11.55 54.92 8.60 -56.54 83.99 -17.48 -47.53 -41.70 -96.04 47.44 -97.54 92.59 -67.10 12.39 18.77 36.33 90.26 -67.88 1.06 76.03 -45.12 49.77 -15.90 -58.11 6.15 56.37 18.19 72.56 -26.73 56.13 22.49
-77.98 48.25 -68.92 2.70 69.44 50.81 55.17 -35.06 54.78 39.82 -32.60 47.36 -90.08 -83.01 -33.87 46.25 -92.76 35.46 -52.70 -79.53 90.34 -65.73 41.79 -30.56 40.43 -1.85 87.63 12.98 71.42 80.96 -64.54 -69.36 29.20 3.75 33.34 -1.36 -45.45 25.72 63.58 -90.68 2.74 -31.81 93.90 12.66 -14.82 -39.98 -3.89 29.64 95.48 80.62 50.11 -76.99 -85.11 29.10 29.66 55.32 -72.76 17.29 5.50 -64.14 35.45 78.17 -33.49 1.86 -18.09 -62.95 -99.51 73.67 62.77 -98.73 -79.80 2.71 6.67 -85.91 -47.43 91.86 -25.89 48.68 58.70 6.79 29.30 46.01 67.01 81.40 -24.89 -3.33 36.71 2.35 -48.84 -20.59 75.43 -76.19 -5.22 -58.07 25.67 76.69 16.19 26.16 87.56 -21.04
64.65 -92.25 -81.13 -28.69 -78.16 -28.55 0.37 33.16 -79.88 -40.94 -22.85 86.63 -94.93 -55.84 68.02 17.39 78.04 41.93 -80.27 -33.60 -78.67 95.16 -9.79 16.11 -25.71 -84.12 30.00 90.49 42.04 54.77 6.65 43.89 62.52 25.52 -47.59 84.37 -65.83 52.78 54.73 -45.70 -50.95 -68.12 -21.87 -8.67 13.25 -53.85 -91.29 -8.72 -74.72 -34.35 57.68 -16.17 -1.98 -52.12 -62.86 72.31 -36.24 67.15 100.00 -56.99 21.91 43.85 -75.90 21.63 6.58 -23.49 5.99 40.75 -33.50 -2.07 -67.75 15.55 29.81 10.39 -93.13 -56.95 56.54 -84.42 34.33 -80.98 18.44 29.21 2.85 -83.55 77.09 40.00 88.77 -21.94 44.35 -74.04 21.07 3.46 69.82 45.17 -74.92 -23.61 -41.11 68.29 -82.87 25.39
-33.79 -50.61 -59.07 -66.78 59.78 -14.99 -23.73 53.52 37.80 -52.20 -90.26 -43.77 77.01 12.60 -27.31 91.30 -47.41 -1.34 -30.65 -65.86 24.62 -72.38 37.60 -5.57 -90.00 99.89 -91.98 -31.11 -94.63 -37.63 -68.52 -28.42 11.76 -27.59 4.80 8.74 94.63 -81.73 -0.54 32.42 -33.93 9.20 -74.15 -56.93 -41.00 -1.46 -28.42 48.80 -65.60 40.93 82.94 59.03 68.56 57.74 -9.34 -84.24 57.63 -1.31 -15.35 63.00 61.06 16.13 -28.21 10.02 -74.26 -86.21 -44.04 -42.43 -67.93 55.42 -72.81 35.35 1.82 -46.96 -84.37 60.83 88.80 -12.79 46.83 -76.81 -34.66 29.77 -80.58 -28.90 24.71 10.09 -13.14 19.54 -54.02 -91.29 19.75 -55.76 62.05 91.54 54.26 -75.01 -57.47 -52.58 -17.44 11.81
-97.17 9.75 -52.84 41.86 -100.00 0.00 39.89 88.80 87.21 -13.28 -50.81 -10.25 -46.31 -31.38 60.86 78.40 -84.09 -15.08 -2.06 -38.11 -6.36 -82.32 6.13 -44.32 -53.58 -2.41 17.89 26.16 45.01 -99.56 -62.03 85.05 47.41 22.34 64.11 47.41 -77.67 4.00 73.41 -53.26 -72.08 -77.41 73.70 -18.39 28.42 34.55 -2.79 44.33 -80.53 95.15 -56.58 50.32 -49.97 86.76 -94.01 33.66 -15.66 61.09 -40.18 -33.45 61.54 35.00 -11.20 46.15 -42.67 -47.09 -6.45 16.87 56.91 4.16 -99.19 84.83 63.96 74.51 3.64 -7.62 46.27 -99.16 -26.09 65.74 96.00 54.55 16.05 -16.77 41.30 59.25 -83.11 -37.15 57.55 13.92 66.61 19.08 -51.09 -44.59 2.43 43.45 8.32 -66.82 -39.69 2.43
37.34 -1.67 -12.75 1.29 -27.17 90.89 -69.13 -80.91 91.73 42.00 -77.97 -75.08 33.75 75.29 45.37 -24.96 71.75 62.26 75.10 29.29 13.38 41.71 -14.43 62.29 -65.68 88.00 5.73 42.64 -78.83 -96.76 -54.94 58.51 1.57 69.52 -3.00 74.40 97.61 65.09 -69.30 -73.47 44.29 -10.06 -48.54 -21.97 -34.77 -65.97 90.28 -63.03 96.29 65.38 -96.54 46.87 44.29 -10.97 9.15 78.61 -22.98 -47.92 58.45 -1.81 -44.68 -59.29 -6.10 94.10 -52.57 -71.90 -94.31 -54.97 93.19 -63.61 -28.44 74.68 26.34 60.23 -47.30 -71.23 94.26 -57.02 2.95 -72.26 -54.44 6.41 74.61 -72.95 95.44 20.96 -94.35 -27.55 73.04 -98.70 -92.16 -34.44 -20.78 1.74 -40.35 26.65 67.05 -34.65 71.68 97.45
38.95 -19.56 72.12 2.49 -59.33 -75.18 31.26 -27.87 5.01 -65.80 -0.12 87.78 40.61 11.69 -85.18 36.04 -67.35 -42.32 -54.31 -57.11 -41.02 -9.26 45.67 75.41 -70.32 -94.69 2.05 96.74 7.87 -26.28 94.18 -53.18 91.37 66.29 49.31 -67.97 -71.69 17.78 4.17 70.53 51.98 -58.75 58.30 29.80 52.94 73.12 3.04 85.59 -69.21 48.74 -34.31 26.98 -23.32 -88.65 39.59 6.37 -46.13 -58.37 3.10 61.75 52.56 -2.73 -54.23 43.93 0.76 -67.72 -86.84 29.08 50.06 17.33 -0.40 39.25 58.58 -42.10 -30.96 48.73 -31.78 72.08 71.52 36.23 58.02 -62.80 -36.80 -65.30 -14.24 -97.21 41.07 39.64 -18.37 -18.63 38.59 -65.81 78.64 84.36 78.12 -20.61 -83.37 -71.52 -91.54 -96.10
45.82 45.28 43.15 41.60 -96.83 -87.82 27.53 8.60 -78.54 -0.95 -55.18 79.49 73.46 45.24 -48.61 -40.78 48.03 92.46 -63.94 -33.14 -26.18 74.65 1.05 -10.34 59.00 16.37 -93.75 -87.17 44.86 -85.28 -83.27 27.88 97.21 59.88 6.68 -62.42 72.06 -65.79 46.18 -69.27 70.47 91.01 -89.79 43.92 36.24 -38.40 -59.66 21.47 -8.74 -23.60 88.33 -97.72 -48.96 26.59 29.15 -52.76 -19.84 35.40 -39.92 -37.78 87.33 -23.19 90.10 84.53 -63.31 33.99 -77.90 -54.05 68.20 -94.51 -23.32 38.66 96.50 24.10 19.78 32.73 -77.10 60.13 -8.60 51.37 -63.48 -20.28 90.86 -12.43 -56.49 20.00 34.81 23.68 -7.39 -67.91 85.90 -20.07 8.91 -86.80 1.67 82.81 47.19 60.98 -34.04 52.59
66.47 42.65 28.45 -99.84 3.95 -51.78 32.89 64.07 -91.66 -75.72 15.43 -17.92 41.22 6.29 -93.15 84.73 -36.51 41.66 45.61 93.31 -89.04 31.51 -26.76 19.87 81.92 -87.89 39.88 29.10 -89.71 -94.17 -18.32 76.77 85.69 -89.88 76.93 -10.36 -4.45 47.03 -46.30 3.90 -91.49 -93.67 85.98 86.94 49.83 92.83 71.67 -86.68 71.69 54.48 -93.38 82.65 -14.02 17.07 39.72 -32.11 66.39 -20.41 -65.81 76.69 -14.57 53.08 90.66 -28.89 -99.60 -95.22 97.96 -4.04 89.02 -11.14 99.86 97.54 -4.80 -76.97 -78.33 -54.98 -46.94 -69.46 -4.45 -38.05 85.03 2.18 -18.19 -29.00 -43.55 -78.48 76.11 -39.95 38.33 -52.50 -26.06 -39.04 -99.42 -35.41 69.28 -99.02 6.58 67.24 -3.06 -4.40
-43.91 34.00 30.34 88.50 57.03 52.01 -66.48 -52.71 82.56 29.07 9.25 -95.22 -31.55 91.06 12.99 62.12 -50.22 -10.91 -77.84 88.11 36.60 -3.90 -50.94 74.39 97.90 -44.45 75.37 4.47 -77.22 -27.69 -62.73 16.08 -56.49 -95.19 4.58 -62.25 56.83 75.31 -14.96 76.59 4.37 94.29 81.37 72.83 -77.46 -5.65 72.15 -27.67 -79.35 94.31 -39.57 94.46 27.61 46.71 68.84 62.71 -97.75 81.41 4.38 -37.76 -9.08 41.66 -84.48 34.44 46.47 20.10 72.19 40.50 32.61 -42.78 54.29 -63.02 -11.28 72.86 -52.99 11.26 4.42 -80.85 83.59 25.07 -49.34 -18.77 56.73 -84.53 -34.86 62.77 78.18 -32.61 44.17 -17.45 29.63 -27.70 -38.59 45.15 -93.27 -54.91 2.46 -83.88 -77.21 -64.94
10.55 77.09 9.25 99.27 49.94 93.47 47.74 -8.44 -87.39 68.53 -46.17 0.48 -13.04 -89.45 15.95 52.10 -89.48 31.33 -80.52 54.70 -48.91 86.32 -35.80 12.50 68.68 -29.07 94.80 8.34 -12.95 -82.41 80.61 -65.20 -68.12 27.07 -65.93 -80.98 20.53 -80.99 10.59 33.15 87.54 64.42 -29.17 11.71 -87.82 86.79 -36.20 -77.30 18.11 20.50 -85.40 69.20 44.02 -21.20 18.91 49.90 49.73 50.91 -41.77 -26.02 -94.30 -23.95 8.79 -62.42 -96.89 80.07 -6.18 23.64 -63.72 -95.60 -6.01 -38.98 68.82 -97.97 72.73 81.00 88.82 -63.47 -96.30 44.13 57.03 -44.49 50.54 1.04 34.32 6.65 -49.06 21.25 -5.24 46.38 -67.56 0.47 -40.37 41.23 75.26 -37.26 58.50 -30.93 -76.41 94.78
-26.53 54.79 -7.00 -20.50 56.82 -34.27 -2.30 82.84 2.26 38.61 64.18 -3.51 94.13 14.71 -65.27 28.44 -41.44 22.88 -13.11 53.32 6.47 19.33 -46.22 66.10 -2.24 -33.75 -33.95 -43.75 35.32 26.85 -11.77 -54.00 -18.37 81.24 25.50 -24.34 -15.83 -39.60 -4.30 86.43 99.02 -40.13 20.12 -69.66 -88.22 54.85 95.99 -29.66 14.94 -17.13 -76.34 -78.60 -97.80 14.65 87.50 -0.04 80.90 -9.25 93.43 53.43 -82.41 -18.35 99.43 -0.77 0.09 62.13 -87.91 84.26 -40.27 7.79 -92.12 -41.26 67.67 28.00 26.29 79.45 20.06 22.27 -13.00 -65.01 -94.86 47.87 -6.40 -92.66 -37.49 18.30 44.51 -19.38 -90.95 37.93 -28.75 -73.36 -43.21 -29.33 63.08 56.88 -30.00 -87.63 78.35 29.73
20.17 -76.57 -74.32 25.04 88.65 51.97 41.69 8.70 -25.76 -71.32 80.90 -20.62 76.55 11.70 23.93 -23.73 -70.01 -31.57 94.10 -60.96 -93.64 -34.66 2.90 0.36 73.22 3.18 -5.56 -56.79 15.56 -27.22 -89.86 -64.28 33.43 -64.18 97.97 22.07 87.80 39.65 -32.03 -0.76 -94.46 -51.14 -84.18 -80.71 97.77 39.75 32.77 -72.25 -54.62 26.86 4.01 -11.05 -70.60 -93.10 89.31 -97.39 10.08 -16.25 -16.97 -74.37 93.74 -6.82 -1.44 27.16 66.21 33.73 -50.78 54.00 10.59 17.19 -9.56 53.34 -96.75 6.26 72.63 -98.99 -16.79 5.40 -34.02 28.60 -30.54 69.99 -82.46 36.08 76.89 -93.15 38.69 24.17 -9.40 -41.07 87.02 -15.67 52.11 22.78 -51.30 55.52 -43.49 -2.08 46.73 -95.70
-47.68 -62.84 57.64 -44.43 43.43 30.26 -6.20 -36.16 -27.14 59.78 92.44 79.54 66.97 -90.02 15.61 81.06 -45.96 -8.50 5.22 81.85 50.43 29.44 3.38 39.74 -47.78 52.08 -4.74 45.94 -50.00 -58.02 87.45 39.53 16.35 45.08 -67.70 -40.23 12.54 26.10 23.62 -77.39 23.08 53.26 -97.86 -9.96 -99.56 54.96 -28.91 -8.31 -53.55 -86.48 -26.47 -65.91 42.96 76.92 -88.97 -67.62 66.20 6.29 -84.48 -46.60 85.48 -97.04 92.93 1.83 48.04 -74.77 98.81 -2.21 51.33 59.63 20.40 11.62 12.89 22.54 -61.14 50.54 -22.51 9.96 -57.77 61.15 60.69 15.76 -67.56 40.85 29.88 -56.52 -89.56 -3.92 86.98 -74.04 86.69 72.46 -33.86 79.62 11.49 -48.62 -95.16 47.50 49.17 93.38
7.13 -30.44 42.20 -42.78 -70.70 81.07 -55.04 44.00 28.23 -12.81 42.36 -11.09 -59.84 74.80 -33.04 70.04 -81.73 -22.60 3.32 -94.75 40.58 -9.99 -85.09 -93.29 6.83 63.61 -4.70 11.67 11.10 -55.53 42.25 -44.57 51.24 -15.55 49.86 -82.25 -34.49 94.83 61.75 93.74 -17.99 4.10 19.85 22.17 -21.10 86.81 29.42 34.38 -35.79 -30.06 39.63 -58.01 97.16 91.75 -51.30 3.98 55.35 81.21 -47.15 -33.55 -37.12 95.11 59.09 -85.88 16.76 8.95 -30.92 82.27 3.77 -69.18 -86.80 85.78 72.14 33.05 45.16 -11.76 57.06 11.78 -77.39 -41.53 -81.08 99.46 0.46 -83.92 -71.60 86.37 57.27 -79.04 67.58 -52.67 24.62 -69.55 -20.36 -16.30 -18.22 96.40 92.65 50.86 -84.14 -3.59
-81.11 -33.73 19.40 91.03 99.32 1.76 16.47 93.58 -49.26 76.29 -47.95 -30.34 -87.06 52.51 22.95 -58.65 76.09 17.43 -37.69 43.66 64.76 86.93 -88.69 -18.40 -29.38 -6.90 15.20 0.48 -56.05 31.06 -65.91 -37.16 97.33 90.70 -8.93 -66.16 -7.55 -92.47 -72.59 80.40 83.83 16.67 -49.94 96.77 -30.82 -89.79 -24.68 -54.74 27.64 37.63 -73.88 29.60 61.76 -62.57 -51.60 -30.41 30.53 63.60 70.07 -88.31 -5.35 -95.85 -25.47 29.18 -67.94 65.61 -99.78 61.72 73.14 -72.36 42.12 94.17 81.52 -70.62 90.94 -49.31 -60.41 3.46 33.16 -95.56 -58.91 96.49 34.04 -59.95 -66.08 82.45 9.64 -98.35 83.25 -20.30 -86.66 15.11 21.07 25.09 -55.72 90.34 -9.31 -18.28 52.05 1.03
9.36 -5.84 32.41 -9.13 23.54 60.55 78.78 -99.66 -36.00 49.14 -95.22 42.30 45.63 76.03 82.36 -83.25 95.68 -8.01 -81.60 78.93 -91.10 -31.04 -5.97 67.18 94.05 75.52 57.51 21.94 -42.77 9.55 -77.04 -96.21 -59.08 55.37 31.88 -98.34 15.91 10.65 -98.00 -82.88 -3.01 -93.22 59.42 -20.18 82.82 41.77 -3.43 78.49 -29.03 52.19 57.41 17.08 -78.86 -11.36 -15.75 -84.82 -35.84 -21.04 37.12 21.39 -74.29 97.29 62.40 3.84 89.87 -5.73 5.51 42.98 -57.88 7.51 60.10 39.11 14.30 56.73 -81.07 -2.89 -1.51 52.71 12.80 -93.34 4.89 7.42 23.74 63.24 96.06 -54.81 78.42 -2.58 24.15 52.74 -43.98 87.08 87.24 -81.59 -9.09 77.10 12.68 96.42 57.28 54.80
3.93 54.59 31.11 -44.57 11.31 87.25 89.75 -90.21 39.96 2.54 -83.54 -17.95 -52.84 77.41 -54.71 -19.57 -77.40 -39.09 77.85 83.96 -86.35 -28.93 -91.77 -61.91 -10.52 -0.85 -47.61 -60.64 32.77 -90.34 -68.64 -26.10 64.25 62.48 66.54 -24.45 49.72 56.28 22.56 26.88 -3.97 76.23 -91.07 43.19 90.84 -45.78 -39.18 -86.57 15.13 -24.12 -65.40 65.99 46.95 -57.17 -95.93 -26.36 79.19 -43.54 13.00 49.17 3.34 44.37 -76.94 4.79 44.05 89.61 -82.45 30.97 83.09 40.11 -42.15 -20.89 53.54 3.99 -40.49 44.37 95.42 20.33 95.02 10.54 96.21 -70.39 13.74 80.37 9.65 55.02 -46.00 -11.16 -51.31 67.00 -24.79 52.03 48.57 35.48 -5.98 29.82 62.29 11.57 -2.00 45.38
-48.33 55.85 -38.31 -57.59 -2.96 21.20 86.79 -7.55 -21.26 81.80 -59.81 12.15 -51.39 53.93 -7.49 58.26 8.95 46.51 -15.70 57.64 50.72 59.51 46.87 36.49 32.20 -59.12 3.52 -5.52 52.46 -98.49 -22.94 -58.67 94.57 38.76 -16.25 -8.40 -2.84 7.74 84.05 75.90 26.74 -75.77 25.26 75.35 -84.63 -82.24 70.81 61.53 -98.52 -7.68 56.37 89.41 -48.18 3.23 25.89 -78.78 81.32 -70.60 15.71 70.98 -31.88 92.77 -50.48 -37.32 31.52 70.48 91.49 -34.11 -21.79 75.53 -21.01 -57.85 -63.03 -95.76 -45.30 -10.45 -77.99 -74.50 -48.93 -39.30 17.82 -92.57 -49.90 -93.15 47.87 75.99 -71.93 29.18 -57.40 80.99 37.37 10.72 73.76 86.89 -89.39 42.48 57.36 -97.91 -91.64 -27.23
-85.17 -12.64 14.92 -10.99 28.81 69.62 78.56 88.03 -67.68 -33.17 -51.28 50.15 -25.74 -1.18 94.21 -40.67 12.02 -40.52 -74.29 91.83 -59.53 63.08 39.75 -48.57 49.96 50.36 -68.89 44.52 52.46 -23.31 -82.72 -95.51 -98.75 32.20 -6.50 30.06 39.02 9.26 18.09 71.35 76.09 66.81 58.70 -12.45 2.84 90.11 46.88 -85.15 -50.42 72.59 -93.33 27.26 35.67 46.42 -84.11 22.83 33.99 -15.78 -32.65 23.65 60.91 -15.37 28.14 99.37 -45.96 -78.37 29.42 93.06 68.10 -15.29 -98.40 44.18 -11.27 97.51 -68.28 91.57 87.61 78.60 -56.38 -25.60 51.18 -12.50 -61.14 24.05 -28.88 -45.24 -53.12 -94.90 38.98 14.23 28.75 37.09 -63.94 -5.91 36.45 27.31 52.93 3.07 57.58 21.02
87.79 59.18 2.40 13.72 93.90 34.12 42.49 -81.30 49.92 86.11 -6.90 38.31 10.81 69.18 -37.65 81.93 -38.86 46.44 87.04 -62.68 -2.13 52.99 74.41 33.94 -15.71 48.06 -1.55 -62.79 -48.88 -43.98 95.45 -23.89 -84.80 -2.16 -72.97 -53.70 -68.04 69.52 -35.00 -80.92 92.83 95.32 57.39 3.63 64.49 -43.05 -14.44 -74.38 -96.62 9.80 -37.06 1.26 -0.01 -25.45 -27.60 84.28 -40.19 70.85 -41.30 10.93 -35.92 -45.86 -75.75 -20.72 51.98 -11.51 62.79 -78.86 -41.99 -72.22 -59.77 -49.17 -76.91 -65.18 54.47 87.58 -8.23 -22.77 -49.60 -4.84 87.03 50.55 -66.38 24.22 -74.91 43.23 8.50 -15.10 51.28 -95.60 -66.96 -84.65 -41.46 -5.50 31.84 -52.28 82.99 -5.38 -31.13 -21.80
59.62 46.31 29.04 82.71 81.13 20.71 -92.51 -27.10 97.94 -42.11 -94.74 -77.84 -54.35 -23.91 46.38 -29.26 -43.48 -7.92 92.86 -92.21 -3.52 -36.90 -39.64 55.02 57.60 92.20 -60.05 77.79 24.03 46.03 -44.01 -16.36 -7.67 85.03 3.55 10.66 42.94 11.04 -79.24 78.08 -93.86 -36.77 -99.77 -48.21 39.32 83.82 59.74 -66.96 -24.10 89.80 -59.16 72.38 -47.11 1.20 64.61 -52.31 30.60 -95.45 -74.52 -45.38 50.58 -18.53 75.47 -19.89 3.70 -20.98 -72.03 -16.16 90.06 -14.05 -38.09 -66.60 49.18 -37.86 22.40 25.71 -16.84 -17.86 58.75 59.06 9.14 -63.21 68.65 62.04 37.99 33.25 -90.28 5.80 75.01 -27.59 97.63 62.79 91.09 73.10 -19.90 -5.22 -47.89 45.28 78.62 -20.63
-68.78 -22.27 49.99 -82.39 77.08 -27.62 43.32 -39.76 91.73 39.27 -80.71 0.87 76.07 -74.86 -37.10 51.26 58.39 9.83 -42.95 70.60 82.25 -45.32 70.59 73.33 -72.23 -49.32 5.32 17.09 95.97 21.14 96.46 -35.61 98.88 46.44 -18.00 75.95 -43.97 -74.69 -26.61 -52.25 -98.21 29.90 48.62 77.86 55.04 -51.28 66.32 50.64 58.56 -76.63 21.23 78.01 15.26 -8.18 88.54 80.24 79.71 -6.15 34.53 -87.13 -47.80 68.19 -22.73 -48.93 51.84 59.27 -35.78 -92.14 -78.21 37.62 -44.39 -76.42 -32.49 -58.56 -61.36 -40.25 -9.84 -95.05 -89.62 -51.29 -34.47 68.83 -73.29 -82.01 -39.36 -84.75 98.23 -22.45 46.31 69.96 -9.57 98.51 38.15 -95.10 -13.22 -10.02 -98.63 88.22 -2.16 -76.84
63.04 53.45 -16.05 -32.25 -67.91 59.80 27.50 22.26 -98.04 37.89 70.97 4.70 6.71 -65.11 22.70 -95.45 -12.65 58.13 19.31 -66.35 28.09 -90.27 -30.63 -33.77 -48.16 56.15 56.21 -46.78 81.57 -8.75 13.59 44.60 -55.31 -65.25 -87.66 -23.21 94.55 77.06 -63.75 -66.29 52.15 -92.79 38.42 -41.15 -20.69 -38.89 0.61 66.66 -43.56 -80.09 -62.48 84.53 -33.14 6.89 -12.04 18.70 0.24 -18.63 -90.88 19.02 72.62 22.72 -36.39 -45.48 57.47 13.17 68.52 89.22 27.43 -95.24 -77.07 -20.43 -50.82 61.35 75.63 28.50 -40.34 -23.77 32.36 16.10 33.35 69.88 37.84 -99.80 13.97 -37.00 56.12 -48.58 44.38 65.24 -92.36 54.20 25.16 -28.75 -91.29 19.83 -78.38 77.23 9.05 49.05
-80.81 31.98 -34.18 -31.62 30.53 -58.56 -65.92 -72.61 54.88 66.44 43.49 -11.77 73.53 18.53 25.64 24.70 -81.26 -18.25 -86.68 63.12 -15.80 -79.04 17.31 -53.44 29.43 63.24 66.40 88.26 40.46 -24.56 37.31 59.66 -55.38 -59.67 -34.76 -87.65 -18.22 -0.68 -60.26 -63.35 -34.25 83.23 24.88 -23.52 38.97 -12.27 -98.82 57.71 -93.32 -85.50 58.03 -9.12 -64.53 12.54 74.66 -97.90 -24.23 41.05 90.36 -46.56 -46.31 64.87 -49.70 -1.69 -94.80 15.54 10.66 -13.02 -85.15 87.61 60.84 17.81 70.83 22.93 94.30 47.00 -89.35 -67.32 41.91 -82.67 -52.82 -0.07 45.43 19.86 -87.53 20.08 21.96 25.45 -38.88 12.32 78.89 52.02 -22.82 -70.82 -49.68 -17.62 44.72 98.19 -93.44 96.78
85.79 67.41 51.80 93.82 27.54 46.09 78.03 38.19 -84.03 19.93 92.73 -36.85 -42.93 75.36 -79.78 -30.46 -4.57 79.39 94.99 93.76 -8.30 -88.92 45.77 -93.91 -59.74 -66.71 25.68 -77.81 -31.32 32.25 -81.04 -45.54 36.86 70.76 -14.51 1.60 54.05 -36.49 -23.01 -92.78 -79.36 -30.29 -29.62 -22.29 -54.93 27.81 84.46 77.71 7.19 -83.35 71.47 -63.90 -72.27 54.44 -57.81 -32.01 -75.06 67.87 27.39 -6.38 37.32 46.36 48.09 11.38 54.32 -29.22 -87.03 45.58 71.50 -10.04 52.80 92.14 96.89 -39.62 -30.15 -20.84 88.19 -45.70 -43.14 32.59 8.16 -34.47 68.69 35.89 -80.03 -51.92 -58.91 -55.09 -46.85 68.48 75.74 -72.32 52.04 23.82 39.06 6.36 -68.20 89.25 -10.86 -96.71
16.41 -58.07 95.44 50.50 39.53 2.49 -70.35 64.92 94.00 23.73 -2.50 2.16 89.26 3.39 -24.75 -53.57 51.47 16.34 28.55 -95.38 22.03 4.29 -30.49 -25.94 -34.69 -91.44 -82.38 -2.88 -64.99 6.76 37.62 88.64 85.91 33.05 39.13 62.64 -64.47 -94.01 27.55 -33.26 29.72 -74.95 68.90 18.97 65.65 -55.86 -97.39 17.12 97.70 31.16 58.95 19.72 -27.35 -71.55 -69.02 37.97 -25.78 -51.39 -27.71 46.45 92.58 -90.10 35.08 -84.32 80.17 11.41 78.32 -47.10 17.40 5.87 19.64 -15.68 68.13 -11.47 -96.71 33.77 69.89 -56.89 -11.91 67.58 -88.53 -15.76 24.50 -15.87 12.69 55.48 -40.70 -75.88 -58.71 31.59 70.57 -28.92 78.70 42.85 -13.24 58.86 -8.54 2.29 -88.24 -91.14
-54.64 68.61 -6.82 -86.52 -5.65 33.68 84.46 -35.77 76.79 -27.45 -30.99 88.27 56.79 93.51 9.60 6.69 86.19 68.90 68.02 -35.31 0.48 75.79 35.77 16.38 18.63 -40.27 -24.76 -89.92 62.02 24.21 -43.85 -92.63 30.02 86.55 -41.94 -75.64 20.22 -57.48 25.80 34.22 15.07 94.81 59.69 9.06 -74.49 -30.72 -47.05 -51.09 -61.83 -79.04 13.60 75.86 96.75 -50.64 -7.77 15.37 9.09 -95.33 62.67 8.32 28.88 -81.19 15.69 -41.10 -94.65 73.76 20.47 62.79 -46.52 -53.73 34.21 -94.25 -21.72 -6.11 14.81 3.80 -99.63 67.77 52.71 -61.46 88.73 -33.70 -48.40 -77.32 52.87 81.04 38.05 -38.05 85.72 37.92 -92.53 51.80 93.95 23.17 -52.10 -63.50 34.13 68.38 99.29 87.61
-48.15 70.70 93.36 30.13 -35.42 45.37 -66.08 -35.05 50.34 -76.17 40.70 76.28 27.34 -70.50 98.96 -19.80 -89.46 74.21 79.37 96.26 12.13 86.84 85.26 43.28 47.21 -66.84 79.78 18.54 -61.26 -83.73 6.14 -9.41 86.97 36.70 -79.29 -11.24 19.28 -8.15 53.71 -30.39 15.68 31.62 -54.12 -19.77 61.12 -17.96 97.64 71.66 -43.75 77.00 -94.89 -94.42 -98.96 90.38 48.86 48.25 -76.47 28.63 4.00 -37.73 82.11 -89.87 90.07 69.08 84.05 -89.23 -4.96 40.53 2.62 -51.26 -89.87 -44.49 -82.44 -6.77 72.95 78.69 75.27 70.58 87.55 -31.28 84.79 92.67 -25.70 85.83 83.04 -76.85 71.28 -56.23 89.00 -24.73 43.25 -91.70 22.62 33.31 -85.42 43.87 81.29 9.62 -15.61 21.12
95.58 31.73 76.63 -86.87 -37.84 86.78 -70.98 -62.57 57.35 -83.43 6.15 42.13 -53.56 -82.34 65.16 -70.53 -59.19 36.44 10.45 -32.99 -51.09 -46.31 -24.68 71.53 -75.80 -10.10 52.60 -94.52 99.53 -63.02 26.60 95.10 -94.08 40.43 -91.78 -31.92 27.20 -62.75 42.72 -15.45 -8.97 -51.13 -36.12 37.47 -33.47 -70.96 -95.86 44.55 65.48 14.59 -88.44 -48.41 -94.52 24.09 -76.88 -33.11 -86.02 -87.08 -27.63 -49.29 -50.09 -63.82 -54.20 -6.96 76.61 -8.76 61.12 41.02 65.70 3.84 -74.44 -43.28 89.92 26.65 -68.61 -6.35 55.69 -64.47 -61.81 21.16 87.33 -13.04 -90.04 92.81 -51.75 -66.92 -40.31 -37.76 -16.79 69.27 50.16 70.33 -94.56 -66.83 -36.64 -80.74 24.41 -75.52 60.28 27.31
65.53 -76.96 -78.77 55.44 49.69 -47.38 -50.92 5.38 -11.85 24.48 -36.26 -24.53 -51.35 -26.30 5.48 -3.10 43.99 -97.63 96.35 -72.80 71.64 46.51 97.53 -85.71 -83.12 -39.11 -66.45 41.29 22.58 93.83 5.80 -11.90 -83.14 27.03 -56.47 66.55 79.65 29.82 9.13 5.00 -8.50 72.88 -82.33 40.15 -53.43 60.36 -25.74 90.57 62.73 -29.40 -45.03 71.57 -45.69 -47.51 85.86 -28.81 50.59 -80.60 -50.32 -26.84 -49.57 55.48 98.47 4.50 19.71 -20.80 -28.95 36.56 -90.99 -82.62 -58.45 37.73 90.26 -3.57 -22.13 -25.96 -43.22 52.13 1.81 -43.29 -40.06 56.78 -71.72 51.46 -53.53 -85.87 -40.14 97.07 -29.25 46.75 7.43 58.39 2.23 5.90 -37.11 -40.86 85.10 71.15 95.71 -68.68
88.53 -25.54 69.05 -84.01 70.90 -15.88 -9.97 -72.33 -26.54 91.84 21.60 70.61 48.61 49.88 59.27 95.08 -98.79 -80.88 -70.66 9.17 65.88 36.78 -32.44 5.31 -20.12 67.66 -98.35 2.18 76.01 97.36 33.50 -98.27 -28.18 39.75 -82.28 -20.08 -38.92 7.75 7.59 34.54 -0.42 -70.82 42.35 -14.61 -83.74 1.61 17.68 -82.52 57.95 47.02 63.86 61.03 21.00 -68.59 3.54 -99.13 -63.73 5.19 3.06 -87.73 39.76 -26.24 -85.99 -88.43 -49.28 -31.06 -8.51 11.80 76.70 -63.72 -16.46 -23.73 2.68 -36.91 98.88 56.15 64.70 16.55 73.63 59.85 -36.44 37.49 20.87 84.57 -93.90 -75.60 -77.36 -20.41 66.81 25.70 29.07 6.56 -63.33 80.29 55.34 -12.61 -50.77 -53.18 -63.61 -74.08
20.31 19.93 39.40 -39.81 -79.78 38.27 -83.66 84.92 -7.98 89.97 81.98 55.59 64.66 2.84 77.36 -92.03 64.46 100.00 -12.44 68.47 62.91 -46.17 -24.98 99.58 -65.88 -69.65 24.17 -16.65 14.38 60.56 46.48 -65.32 17.69 -14.13 32.09 37.91 -38.65 48.43 60.03 53.37 75.60 42.00 8.95 40.26 -17.95 23.51 85.44 -53.50 60.72 10.20 -85.04 23.62 64.03 27.19 60.40 98.15 57.54 -15.44 18.70 9.12 -17.68 -34.83 81.01 -100.00 51.05 13.09 75.12 -50.40 -38.49 35.14 -97.04 -62.89 14.35 49.13 -85.43 96.40 -27.37 -62.79 -19.90 -29.45 47.41 32.27 -68.63 48.64 -40.55 91.77 46.79 -45.81 13.53 2.69 63.31 -66.95 67.87 81.52 -29.74 56.12 -5.39 -54.63 -94.29 93.33
-82.28 -54.12 -32.36 32.07 95.01 -17.79 65.67 -32.36 19.42 -54.24 75.40 4.03 78.03 -93.23 -47.33 -62.53 -64.26 99.46 28.87 49.28 39.35 -7.83 -80.47 44.42 10.89 -10.20 0.53 -94.51 35.17 43.45 -63.97 90.10 89.34 3.67 59.37 84.34 85.89 25.03 -10.82 42.51 70.79 1.79 -53.46 86.02 8.56 -0.79 -39.31 44.30 35.87 89.56 30.78 -24.79 18.93 50.32 -43.16 -70.18 -59.89 57.37 -27.48 -87.52 38.03 8.55 -97.42 64.57 -87.78 61.95 86.11 98.11 24.19 12.50 77.82 -5.03 -85.72 -75.65 -19.01 22.84 23.56 41.68 4.34 -3.37 68.45 -64.88 -90.95 -12.63 85.44 -34.11 17.19 -37.25 -39.54 89.72 -24.77 98.49 -1.74 15.02 -99.75 10.48 14.18 86.37 45.79 -61.64
36.07 23.61 70.54 50.35 85.17 -11.27 10.39 45.94 -32.38 -85.28 -57.44 -63.94 -50.16 -48.39 23.43 -27.52 17.50 -22.17 35.23 77.97 4.75 -52.33 -86.35 -97.00 62.69 -86.09 50.70 14.07 -62.52 33.69 52.43 -89.25 -42.71 22.97 98.31 -20.33 -88.31 8.69 -74.40 -20.69 60.62 -31.84 52.58 -52.33 19.78 -23.99 20.15 -25.52 91.05 -7.41 -47.56 -4.21 40.26 3.31 -1.21 40.15 17.22 -13.31 -45.78 91.91 -79.62 -93.36 -97.35 14.88 66.82 -99.05 94.55 -84.28 46.85 -79.86 32.24 7.46 -11.69 -15.18 92.34 -54.71 98.04 12.49 19.77 89.08 -94.93 -90.58 -15.14 82.54 12.73 -79.15 22.68 -32.85 7.55 -85.90 -3.74 65.14 -79.25 -1.09 -19.99 -75.23 37.07 11.77 -59.51 21.12
31.91 72.74 -71.43 -42.58 -5.24 -79.09 2.71 -7.21 70.61 -40.31 -18.14 -87.12 6.32 66.72 -67.38 -80.96 87.57 55.30 23.40 32.32 69.41 -80.35 34.66 -72.64 55.77 -85.33 -10.66 -7.17 26.44 29.84 -86.06 -4.45 39.78 -20.28 52.98 -65.47 37.84 -7.11 64.53 45.65 89.79 -53.62 95.74 -3.90 -49.70 -71.65 52.35 -24.93 -79.14 -24.26 -92.61 90.27 -4.61 42.05 -45.17 -48.85 93.93 44.17 81.19 57.57 11.21 -67.67 -46.88 -11.81 49.27 -56.70 22.72 24.31 73.40 -12.76 -30.04 63.19 70.83 -34.31 -3.51 -78.88 -5.95 -51.16 -3.80 14.91 61.79 40.80 42.38 -5.61 20.05 -65.59 45.54 13.98 78.58 63.94 8.75 27.00 -66.53 61.87 -84.82 82.74 -57.63 75.12 7.05 -84.23
-0.44 -85.79 -83.84 -29.61 -20.10 49.86 -8.49 -88.85 98.70 -75.09 63.27 60.49 65.71 5.64 -45.13 22.97 77.26 -62.39 -63.06 55.84 -61.25 45.69 -17.17 -27.77 44.77 -1.99 -7.83 -75.66 -26.88 99.22 -59.89 72.69 -86.58 -6.52 -19.72 30.54 -56.66 -91.01 78.90 -20.76 -66.09 42.17 -23.07 -63.18 -14.99 69.01 59.79 -37.73 -93.38 -66.07 -81.90 -17.42 -83.17 38.14 92.02 61.60 -26.65 -15.81 85.94 83.69 20.61 -36.74 93.58 71.25 93.95 -26.15 1.78 -62.72 20.05 -19.33 16.53 53.96 -39.96 93.46 -72.01 45.06 62.47 -75.02 -92.68 -93.71 -41.08 -37.37 26.08 -24.25 -62.03 18.10 -25.45 11.32 -60.51 -39.52 32.21 60.10 60.95 25.78 68.55 54.90 -63.17 7.53 92.18 56.89
-74.59 45.91 48.05 -14.55 76.58 -86.76 -69.50 76.25 -61.77 -24.97 -80.26 -2.85 74.87 45.82 -89.90 -87.17 1.12 -15.35 61.37 40.61 82.34 -6.43 37.92 43.29 -43.44 6.46 35.39 30.60 -86.01 27.56 -12.52 -60.60 10.68 -27.26 24.85 -12.75 -14.02 92.57 0.70 61.42 -32.41 20.44 -4.23 -57.54 -33.75 5.87 -7.50 67.38 90.52 -46.14 7.98 -89.94 84.65 -16.90 53.35 -58.80 89.57 25.94 71.80 -96.45 -9.30 -3.51 -57.05 -98.63 -93.57 -95.00 25.83 29.62 97.57 -73.48 -8.96 2.37 46.96 86.81 82.04 -49.58 29.89 -25.47 -82.21 57.61 28.40 62.98 67.67 13.04 -53.92 58.22 91.45 -64.36 -15.85 -99.56 -23.60 74.86 -3.07 56.56 76.23 40.57 98.77 39.27 -29.81 96.34
65.79 98.44 35.91 49.96 85.24 17.94 -99.63 52.33 92.47 -44.63 9.94 58.07 -44.45 -22.40 8.31 1.63 -26.97 -0.25 74.48 57.18 37.41 -11.92 32.03 -28.46 -55.37 45.47 -87.89 -56.60 21.94 -17.70 -23.06 24.93 -19.27 -87.16 -25.12 3.17 67.99 12.46 -7.29 60.45 67.83 -97.36 55.73 -76.62 17.45 -35.97 62.22 90.48 -99.01 73.91 47.66 38.40 -38.02 16.89 -90.07 6.62 -0.44 -40.75 87.23 -78.51 78.76 1.37 46.43 -3.31 14.21 -78.70 99.87 -17.81 70.98 -7.43 -20.16 38.80 32.42 -64.44 99.39 -50.14 36.81 61.61 -59.66 37.80 35.51 -74.80 13.40 -65.31 42.09 60.54 78.52 -58.35 -80.21 65.74 -36.86 98.55 4.31 -53.23 -4.76 -44.28 -31.92 32.31 37.91 -23.74
-37.92 -45.04 -84.95 -68.30 27.73 -48.35 -18.44 -35.47 -49.54 59.11 -60.47 -76.83 84.31 90.14 -42.14 63.61 50.68 -63.62 -94.75 -92.33 -60.68 5.60 -56.58 43.64 52.38 75.87 99.36 -42.34 45.38 74.48 33.92 -55.34 -33.36 86.18 -23.64 94.37 -62.18 95.14 -41.10 25.49 54.24 35.64 48.66 75.76 25.78 -93.48 39.36 13.66 -19.89 81.82 21.33 19.43 -12.59 -98.05 0.27 -23.01 77.83 -0.37 34.65 60.41 11.31 5.77 -94.93 77.95 -8.05 18.64 -90.49 66.98 13.77 5.62 -7.53 5.22 -58.74 -21.67 -19.03 -95.76 -15.15 -79.68 17.90 64.96 -97.87 -23.57 21.60 26.75 -21.62 -78.14 -96.26 -6.59 58.70 75.60 -46.18 -30.00 -18.63 -3.90 -14.85 -89.48 -85.27 -5.33 -85.30 28.51
-99.72 44.38 -29.07 -58.46 -77.29 51.90 -54.22 44.77 -90.58 -99.12 9.73 -51.24 -22.69 -31.47 75.51 55.70 -9.61 -83.55 -13.69 -50.91 92.06 77.34 56.30 10.63 -26.57 -58.55 58.36 -11.83 73.33 -89.74 -46.12 73.61 54.65 24.81 -47.64 77.36 13.91 35.35 22.12 23.33 36.24 -30.95 72.09 -86.46 37.58 84.80 -93.56 -34.82 -61.54 29.97 51.48 -32.28 7.30 7.77 78.35 80.74 86.43 73.91 6.11 59.75 84.17 97.20 70.57 76.02 22.00 -77.08 90.58 -26.89 95.48 12.70 -66.36 31.71 -81.05 -57.07 82.47 93.75 -72.28 -73.89 -41.08 -33.82 56.08 -89.61 33.90 -36.62 55.37 49.45 -18.68 79.01 60.56 87.43 38.75 44.73 84.62 46.52 57.95 43.82 69.44 48.53 -45.87 -97.88
-1.57 -12.23 33.83 17.38 30.70 53.50 48.33 95.63 79.62 -92.76 -38.19 72.90 -45.16 -67.09 -26.52 -52.58 -80.43 54.80 -73.58 80.13 79.43 -97.63 62.06 -98.76 48.90 20.01 82.27 55.54 5.74 -63.61 57.66 -95.84 24.16 28.70 21.54 -45.15 -17.81 7.08 -49.52 -0.99 51.53 49.50 -28.09 -93.63 -80.39 45.39 -9.00 -60.82 37.40 17.42 -43.48 16.82 19.79 -44.22 55.28 5.89 -87.01 37.54 -38.57 18.73 73.94 -80.92 22.89 -1.91 84.99 -18.36 90.16 -32.82 88.72 -22.16 66.19 40.24 -72.67 -24.70 83.82 -53.06 -42.10 -25.19 23.34 -67.50 -70.57 -82.94 86.53 86.44 10.05 41.80 -7.68 23.05 -20.66 90.96 -21.02 -46.73 -52.75 -60.92 88.57 -67.77 20.72 -84.08 -0.59 46.64
-6.24 2.81 24.08 21.09 78.11 7.90 -94.76 -26.79 -80.09 65.79 5.71 -13.44 -79.95 -7.76 -27.01 30.10 -65.97 -97.49 -9.65 50.58 93.48 -93.46 -58.95 -59.28 -54.38 -70.38 -27.05 66.34 -17.25 72.37 50.18 76.52 12.38 -25.75 34.81 27.69 -80.65 77.26 -99.10 -23.52 80.25 43.82 63.04 -99.71 -63.95 -26.77 67.61 7.30 -24.26 -4.84 -4.92 -30.79 1.70 36.14 47.14 47.32 -97.04 -79.91 50.86 -14.29 -70.34 1.03 -37.78 42.04 -87.51 97.04 6.93 -68.16 -88.51 45.04 45.53 91.75 -11.14 8.56 -70.76 62.12 81.79 96.85 -30.59 -42.47 29.22 -98.30 63.95 -69.09 37.84 11.09 -84.56 40.80 68.39 -96.50 -73.50 98.05 4.54 25.94 77.29 54.24 60.18 21.42 -76.72 71.67
-33.54 68.82 -99.39 55.32 14.58 -70.14 17.43 -3.63 -36.09 -75.95 91.11 93.13 -74.25 92.26 -38.75 63.59 40.55 13.90 41.59 8.93 17.40 -94.71 44.18 -40.86 31.23 58.67 -86.63 28.61 -19.91 -26.13 0.28 46.55 -57.32 38.10 1.86 94.47 67.96 -43.51 28.04 -30.92 -19.46 19.14 -0.59 43.50 48.61 60.66 44.29 -10.85 11.76 -14.13 98.09 -70.84 28.38 42.26 -11.70 -3.19 0.93 1.68 -74.58 -81.78 -87.25 62.91 64.77 -7.36 1.00 -33.38 -12.90 6.17 60.32 -84.86 75.25 -59.14 71.49 -25.35 -78.44 20.09 -27.48 65.86 -90.76 84.28 -11.07 -92.68 -86.57 -45.49 86.79 1.74 51.33 24.92 -59.38 76.75 43.14 -9.42 39.65 7.90 83.22 -59.36 -88.28 -29.69 46.81 72.05
22.66 59.26 -49.89 -5.85 -66.09 -28.33 -85.77 43.64 -25.27 -76.53 27.91 -99.13 -32.00 78.56 -44.62 -8.00 17.50 -93.30 -45.88 95.33 83.45 97.27 -14.10 60.30 42.37 6.32 -99.06 91.31 76.63 84.96 -99.45 -0.71 44.22 -12.13 93.44 -84.67 59.54 -55.13 58.97 -28.52 -31.65 24.08 -27.65 73.56 39.84 64.94 2.76 -42.67 71.65 56.89 -10.14 92.30 54.15 -87.04 52.60 33.72 19.28 53.54 62.23 -4.09 75.70 62.78 -67.60 57.12 -49.36 -36.96 72.45 -52.61 7.91 68.62 18.87 -86.54 29.91 -71.58 -75.77 -30.26 -69.44 26.99 64.29 -97.80 -16.13 -8.65 94.51 -24.78 4.32 47.10 -53.85 -76.41 37.84 -91.63 56.71 50.74 71.16 89.11 7.86 -41.00 -10.65 17.51 6.39 -65.53
-13.87 -37.54 -52.07 -46.76 28.09 9.37 60.19 58.66 -63.64 24.47 98.07 57.44 -84.18 92.57 -67.34 20.14 76.87 -21.19 80.94 51.91 24.39 37.65 39.86 -4.46 63.96 -52.29 91.76 -46.69 -97.58 -1.86 -12.22 25.76 97.82 72.92 79.00 63.11 -17.71 39.19 21.76 55.86 0.86 57.04 13.29 53.89 49.60 83.16 11.23 63.68 -0.83 -7.83 52.79 -76.44 -70.19 -7.36 56.31 93.77 77.56 48.06 -15.72 79.99 -16.59 72.06 42.95 18.43 44.98 21.95 -18.47 -35.53 -1.66 -59.50 -42.47 99.20 97.54 70.82 90.30 84.34 91.19 1.52 85.22 27.56 -69.11 75.22 88.33 -2.09 -32.15 81.85 -8.32 -17.38 67.11 -86.84 -0.19 -49.49 85.23 -57.25 -93.86 67.41 -98.10 24.89 -68.13 0.24
-97.41 -10.60 36.65 -99.88 -2.58 64.15 -78.34 25.81 -34.34 -55.91 -9.42 -3.44 -80.70 -21.10 -68.33 24.36 -39.26 60.56 -93.03 -72.15 73.73 43.99 15.57 58.95 86.75 58.93 63.56 88.65 -16.19 95.43 26.10 -13.60 22.03 -0.05 23.73 -43.35 -35.91 45.39 -80.33 29.75 -73.32 10.25 -36.49 -54.02 -73.65 -4.81 70.35 -12.90 -44.26 77.32 52.16 -33.33 21.31 4.93 -74.39 45.26 -36.15 -73.63 71.11 47.66 -41.00 -2.80 -28.74 81.03 97.15 94.99 -25.11 -1.56 77.59 -5.44 -34.60 -95.74 -57.99 66.12 -49.75 -31.64 -1.49 -42.20 92.67 91.47 -27.68 82.03 -41.87 -69.17 -13.04 20.96 76.09 88.02 47.33 47.20 72.89 -93.67 -18.40 -55.86 87.36 15.96 -23.66 -0.55 -85.61 -8.87
-68.79 17.00 32.60 10.43 -16.88 82.85 78.80 81.63 -22.15 -91.34 73.09 50.18 90.70 -68.78 81.01 14.86 52.18 94.31 40.08 -0.50 78.71 12.96 5.83 -39.70 94.32 30.40 -86.54 -29.35 -32.95 -34.93 98.99 -1.73 82.07 31.58 -91.31 2.39 51.64 -75.31 -15.98 -70.52 -66.64 -42.90 79.66 -38.74 25.53 97.88 -86.68 -22.30 92.18 53.40 77.21 -91.92 -33.64 20.24 -31.62 -2.12 -12.16 19.06 68.53 54.90 -78.67 -95.29 -46.84 -59.40 36.29 -0.94 43.00 -12.08 60.97 -72.99 54.62 -68.47 21.32 71.48 -7.21 -53.15 69.35 43.32 24.55 98.73 -3.29 38.96 -93.20 -99.73 -3.59 12.40 -1.85 84.25 -31.34 3.88 39.14 -10.01 8.59 -70.50 30.59 -55.12 65.78 -26.42 70.01 26.74
37.80 24.62 58.27 -40.88 33.31 -11.74 5.97 39.86 -68.43 -32.28 38.59 65.49 -56.11 82.60 65.77 40.30 -5.01 -36.09 24.54 -99.15 67.80 0.89 -9.16 13.59 67.60 -41.36 95.68 33.37 69.43 -97.11 -2.69 7.23 27.51 -44.43 -96.45 -1.98 81.04 46.73 -62.12 -87.40 -85.56 76.47 78.10 -41.67 96.27 81.07 -64.17 28.47 -55.03 97.59 29.32 -50.03 -1.53 -79.84 -99.23 -33.94 16.01 96.45 -63.36 -14.57 99.34 33.95 -70.14 64.06 -73.27 -66.59 -37.93 -92.24 80.14 -0.05 -42.42 -68.21 13.62 -27.12 27.33 9.89 -46.06 63.17 -61.65 36.12 60.75 -95.13 -76.70 -3.58 -37.76 -75.93 99.69 78.25 -79.49 -63.68 0.89 -80.15 -92.52 30.75 -78.89 -28.58 64.17 -16.82 -20.82 81.51
-79.66 73.97 -86.71 71.17 -15.95 40.63 -18.95 37.99 41.00 56.61 11.32 1.74 98.70 34.62 -64.64 -39.07 58.69 -64.96 -60.82 -83.60 8.58 40.07 -26.54 16.06 -29.19 -5.43 87.48 -27.82 -85.04 3.86 -46.31 -64.70 15.04 4.19 -93.54 99.09 -17.98 24.73 74.29 -76.99 18.54 -14.40 61.96 17.23 -42.58 97.32 78.17 -46.69 -67.64 -45.45 -30.29 40.94 94.62 43.18 -5.80 2.63 -25.05 -18.33 -87.98 -10.09 -77.27 2.92 62.42 37.77 -92.90 -93.91 74.07 26.34 68.03 48.35 49.35 -13.44 -28.85 11.31 -59.00 28.57 45.83 -43.63 -80.92 78.19 48.13 -11.21 56.33 79.95 -30.83 -49.48 -17.43 81.34 32.19 31.80 -28.76 92.14 -65.29 -29.13 29.90 -20.97 -23.04 3.96 -94.64 -55.02
-10.49 54.71 68.75 60.66 3.22 -53.05 26.43 -13.74 3.32 82.72 -35.56 -48.56 -28.49 -79.23 -68.62 77.89 8.50 51.17 59.22 -22.10 -17.04 -32.33 -29.97 17.68 38.54 -62.87 96.71 -84.51 41.10 -60.73 -2.32 -32.19 -68.82 -33.58 -34.32 71.62 13.38 92.11 -42.13 -46.10 74.83 22.31 42.56 -16.46 80.29 73.94 -1.37 -11.21 62.31 -4.94 -96.11 -54.73 99.94 -26.08 -99.85 38.47 11.05 -65.94 91.17 -10.65 -26.67 -11.16 57.17 4.51 92.47 -77.16 -23.88 5.84 -47.85 33.99 96.96 -35.82 -6.49 39.51 84.93 11.00 50.65 -16.44 -63.01 12.96 78.62 -59.12 95.44 78.55 14.80 95.59 54.22 -36.94 -33.15 82.59 52.41 40.18 8.63 46.78 -18.11 1.09 -93.18 95.23 -55.86 -41.02
66.42 -58.91 60.37 -2.87 80.60 45.30 -91.87 31.24 -71.15 -17.67 -18.60 -55.33 23.22 -23.17 -39.58 -24.78 9.62 -48.16 75.49 76.47 -65.58 65.11 53.85 43.05 11.88 -27.05 -18.66 55.92 -31.83 25.48 -47.90 -28.21 -96.23 -87.54 68.93 -78.43 57.76 -85.74 90.03 86.61 -3.41 -28.58 -31.52 -42.99 48.26 28.90 69.45 -42.13 -82.06 44.93 -28.45 -47.64 47.24 -74.61 -67.39 -40.88 -1.66 13.96 -47.76 -96.29 -60.57 4.34 -24.49 -19.58 16.80 -18.36 1.99 -25.44 -4.10 -7.99 -1.63 92.49 63.44 -95.94 -13.29 48.90 32.96 -43.85 -56.03 88.12 -61.72 15.52 -59.53 85.53 78.13 -26.91 -18.15 13.67 -75.75 34.09 17.39 0.89 -24.37 -69.90 81.31 92.43 11.74 -16.70 4.19 -92.37
-87.49 -97.44 -62.68 -86.85 -93.38 24.03 99.26 76.79 -82.62 -56.77 64.90 -7.12 95.96 -57.42 15.61 -88.72 52.88 97.46 24.96 -85.67 68.75 -20.45 15.22 -55.63 9.65 -3.47 -26.00 -78.62 -82.97 78.20 -70.99 -33.25 -82.04 3.54 -20.09 -38.21 -35.22 -20.84 -24.22 19.37 59.60 -22.11 -87.76 92.77 20.47 27.85 -95.96 10.55 62.51 66.21 24.88 31.25 -54.25 -59.91 -87.18 55.40 73.83 -13.17 76.78 -71.94 2.23 -57.01 -5.18 20.19 83.75 -88.07 81.98 -51.48 28.30 -42.25 67.89 25.11 35.64 -82.66 17.87 -6.69 45.19 59.12 -58.94 7.70 25.33 65.94 -23.85 -91.72 -56.76 -11.02 63.69 -82.94 -86.99 77.67 -17.66 15.24 -42.13 77.16 -27.37 -58.39 -73.71 -45.40 27.34 54.59
49.56 -4.78 -20.31 22.41 12.56 -65.24 -47.08 -5.04 -68.91 -6.01 -60.14 56.42 -2.87 16.01 -98.10 40.37 -57.81 -97.21 94.65 -44.80 80.47 -23.02 -92.36 -24.46 -8.66 -19.73 54.36 17.63 72.08 -18.31 9.42 58.85 -85.89 89.12 -18.75 63.89 -38.92 71.38 -41.16 -7.83 -34.64 35.91 -14.21 62.50 -48.09 -12.30 40.07 -5.89 -9.51 34.71 86.52 8.16 -51.11 -68.63 83.70 40.23 11.64 75.26 -4.94 20.93 -43.06 -95.52 -20.23 8.27 -69.20 98.23 -27.85 -8.12 69.60 68.20 -78.74 -27.83 4.10 7.05 -28.13 93.22 94.75 -88.07 24.53 22.45 83.86 48.26 -69.40 -67.26 79.63 -48.49 -89.82 -8.74 -73.24 5.24 -87.82 20.92 46.93 29.16 -70.82 77.73 27.38 38.54 6.82 -3.02
43.94 28.08 -93.65 -51.97 -64.88 -21.78 -21.55 -32.92 27.36 -97.02 89.53 11.21 51.24 -79.88 81.17 30.86 8.84 -71.45 -40.68 35.61 33.79 8.72 -43.48 -19.28 -62.13 22.91 -4.35 65.26 -38.56 -97.54 -0.56 -94.63 30.54 5.79 -9.39 65.67 84.01 69.06 -67.26 11.36 -90.76 -40.53 -40.22 60.48 16.80 -21.85 28.54 -74.36 6.70 87.87 61.25 -22.31 -3.42 -45.03 95.62 71.66 -84.92 -8.73 36.91 13.73 -6.27 -63.66 56.31 -38.52 79.34 -53.09 -35.65 63.34 -46.83 34.30 11.91 -37.58 93.77 -91.11 -39.90 10.56 -12.96 -74.15 36.20 -69.06 -86.29 34.65 8.63 47.50 -73.18 4.25 56.36 -58.10 -67.28 -6.73 55.63 63.66 66.82 11.93 -74.87 46.16 96.05 -10.52 46.70 -13.57
-76.23 -4.19 86.06 -45.26 41.91 -16.64 65.31 -33.85 9.21 1.50 -2.91 22.92 -26.64 -57.07 7.62 0.18 47.18 -36.02 42.09 -82.90 94.46 34.92 80.76 98.48 -15.94 -56.90 44.63 17.31 69.79 28.54 -96.27 93.57 -38.45 89.79 -51.70 -96.54 -26.85 -49.19 -30.39 82.36 89.53 -96.09 42.49 -37.12 -53.16 -12.69 63.06 -68.78 51.29 42.35 -51.68 82.95 14.48 -33.72 81.43 98.54 9.38 63.26 53.05 -20.83 29.00 56.79 9.94 90.56 83.78 95.45 94.02 -43.08 -53.74 0.83 -23.51 -64.22 4.74 -43.82 35.87 51.58 43.49 36.13 -80.00 31.99 -21.52 -31.68 14.93 -69.84 71.82 33.56 -34.10 -18.81 -3.18 -81.06 97.57 -74.19 75.73 7.50 -83.64 59.51 40.16 -52.42 -46.37 -76.38
48.42 67.33 -40.60 -9.64 -76.50 -67.53 -20.85 67.00 68.60 -0.85 36.19 -15.72 -95.32 -48.89 14.44 76.50 84.68 80.34 -5.11 18.70 -63.51 -7.54 44.51 -50.58 -62.84 98.09 -91.08 77.32 -17.13 -0.23 -99.07 -31.51 -32.91 -2.46 58.86 27.81 30.01 -62.00 32.01 -1.39 74.36 -31.81 -79.91 79.04 56.51 34.54 55.53 78.39 52.08 -12.37 -2.92 88.57 80.09 -21.20 -62.01 -82.76 14.09 -15.88 -68.23 96.96 -78.91 -30.09 -34.55 25.40 -95.34 -38.49 -46.80 34.67 36.72 85.21 -29.52 11.07 -9.40 -9.42 -9.89 -52.90 -37.68 -17.16 -74.51 -85.61 70.47 59.78 -59.83 87.76 -61.43 15.37 -57.79 89.87 99.49 -26.02 -75.97 -79.42 81.10 26.69 45.98 85.76 88.20 -63.62 20.43 24.91
-41.21 -71.89 -26.82 49.39 55.90 63.29 96.49 -81.79 -16.66 -40.82 -30.18 -8.99 -81.04 9.99 -21.23 -5.26 -37.44 20.98 -15.39 -37.96 -67.84 8.64 19.83 -86.75 -27.47 3.01 99.02 -39.28 39.39 56.65 -77.17 98.18 84.76 -3.99 84.77 77.87 -3.49 81.26 -66.72 79.85 -22.36 3.10 8.06 -3.40 -49.71 86.83 -71.45 12.85 7.80 50.37 -87.90 39.96 -3.79 31.93 53.22 68.74 -27.85 52.23 -33.34 -88.47 46.08 -10.51 -53.08 68.04 -77.30 -68.32 45.90 19.21 -49.86 79.19 36.26 27.79 19.49 -55.68 -38.41 69.79 -31.65 -9.86 19.84 76.16 -22.29 31.94 53.32 73.92 1.08 6.53 42.65 73.23 -4.04 -90.70 -78.04 -20.76 36.00 6.09 -52.72 58.71 37.78 93.18 15.12 -74.88
-90.44 -11.41 52.91 29.06 32.91 -48.29 36.05 -61.54 79.06 -6.91 -85.39 -43.23 -74.97 67.94 -69.32 63.32 11.67 -89.46 73.75 -55.16 -42.95 -67.09 24.08 93.06 39.01 71.36 88.97 13.99 -98.26 4.08 39.11 -88.70 -70.13 29.23 77.57 99.99 80.94 13.61 -61.55 97.20 -93.30 -46.94 -46.04 -31.06 -41.80 -15.35 -30.54 -92.92 32.40 -56.80 -48.08 89.45 13.32 76.00 -80.30 -47.68 84.57 -91.34 66.31 86.31 49.96 42.63 -65.19 79.83 9.06 -87.62 -82.98 -10.01 63.20 -44.53 -12.82 -92.90 8.53 78.36 13.25 -96.06 0.21 82.71 -88.98 -67.40 -36.89 -37.06 -40.75 76.44 -23.86 -21.04 -34.04 -2.09 24.83 -67.73 21.42 11.99 -87.90 56.24 29.03 21.16 -94.18 46.05 -51.65 -93.78
-98.49 72.74 -86.67 47.25 51.09 63.79 88.40 -48.71 46.50 99.42 21.10 -53.19 -0.44 80.36 -39.55 -87.09 -3.48 26.42 10.82 -41.45 58.69 -30.55 -92.25 -92.01 -37.11 36.78 29.15 -31.29 20.03 77.50 12.14 58.75 87.44 25.47 43.20 38.53 26.47 31.60 -72.98 -27.04 68.22 48.13 56.98 -32.22 28.48 -82.57 -19.31 -37.80 43.85 -71.29 20.75 39.74 -1.84 28.50 47.73 61.05 2.48 14.08 -33.04 -40.29 28.78 79.11 -44.34 16.21 41.78 98.87 -45.27 -31.76 67.67 -18.24 78.41 35.88 -32.91 72.60 -59.14 -67.23 90.03 58.76 -5.03 71.08 87.48 -47.08 48.02 22.84 -81.37 -4.26 21.10 58.32 -52.98 -74.74 -81.97 75.80 -58.43 -26.31 29.21 83.36 9.76 83.95 -11.20 -22.58
2.91 4.42 -49.49 -92.80 14.22 -8.63 -60.03 4.24 -49.87 34.94 12.52 -25.19 -74.94 -39.47 97.65 -56.31 93.48 55.95 -97.99 -59.51 81.22 -42.75 -46.51 -77.22 68.15 82.70 -56.66 -22.09 -96.16 69.36 92.54 43.96 10.98 -56.96 51.16 -74.81 71.63 91.13 66.64 -78.25 63.27 -20.85 33.77 88.34 39.68 68.62 -30.77 70.36 24.57 -28.76 -89.16 42.99 65.70 1.54 65.77 33.85 -15.77 -53.68 -51.04 25.29 -84.33 -21.30 -30.76 26.65 58.96 -42.39 51.84 30.58 -14.06 18.47 89.54 -50.79 -65.18 23.30 -25.25 74.50 29.12 43.98 44.85 -46.32 -47.57 92.90 96.67 -81.88 -5.57 99.65 89.18 -84.14 -54.04 -61.87 78.36 -38.37 16.84 -15.19 -74.52 13.00 42.42 -85.48 -56.43 -71.65
32.99 -29.69 14.77 -94.99 -69.19 89.52 79.51 59.93 70.71 61.56 -86.39 -76.87 91.66 -52.52 -21.54 -13.92 -52.88 -32.36 39.15 30.29 42.98 54.72 -70.88 -2.98 -60.48 -45.40 -89.99 -80.86 -30.88 -46.42 -15.30 -60.69 61.10 99.48 -55.68 91.91 -73.81 -38.97 51.84 96.90 -40.21 -97.35 -42.77 -48.56 -12.66 35.70 74.73 71.68 -96.67 13.88 1.96 46.31 5.80 31.09 -19.46 45.32 -77.11 -9.45 64.46 -7.98 81.35 -13.64 68.54 42.44 23.04 -49.93 34.35 49.24 11.10 23.39 83.34 70.90 63.25 -22.22 -77.67 -12.21 -86.53 -65.73 -40.54 -45.99 48.15 61.43 -62.48 -46.06 29.72 18.06 -63.54 52.61 -54.18 -61.88 -18.17 -72.84 24.48 -49.63 69.60 -52.48 0.44 41.15 -66.04 -51.26
1.74 -45.50 -43.16 -35.02 32.28 16.39 52.78 82.96 50.66 -50.56 -63.04 36.01 -89.14 11.70 -72.85 77.79 -33.04 -36.39 30.40 12.78 1.73 -87.78 39.94 -36.59 -0.20 46.75 10.93 -62.56 -12.11 82.10 -13.81 89.64 -63.40 80.24 -8.18 68.88 -3.38 -18.20 51.84 -52.73 68.46 -74.00 83.28 79.32 74.91 -52.37 94.32 -58.13 11.24 24.71 91.86 -49.83 74.14 31.80 13.59 -26.06 -21.46 -38.28 11.38 -96.37 -56.18 -65.23 -69.53 17.63 -84.99 59.51 -13.50 11.63 -21.49 -24.46 96.12 -53.04 38.76 -83.41 -36.51 50.87 -35.77 -42.20 92.74 -87.33 82.51 -78.20 0.06 93.85 53.60 -49.15 -32.22 -30.66 49.78 -83.63 -27.03 93.60 -11.65 40.66 48.43 3.36 0.16 -27.86 -47.80 78.67
84.89 -14.48 -74.37 23.64 39.32 -10.88 11.72 -59.25 46.92 4.45 -46.57 66.63 63.46 53.49 60.47 17.05 -58.46 -34.54 -76.41 91.32 19.04 33.78 -77.88 -92.62 -25.57 70.55 47.96 74.59 -57.32 -62.64 90.46 -72.43 60.09 -46.71 88.42 -0.60 42.41 0.13 40.16 26.53 -58.21 -69.21 30.36 -94.76 -78.52 28.04 59.51 -36.98 -69.30 83.10 -45.67 49.74 16.87 -23.55 94.33 -71.50 -15.79 79.49 -59.71 64.10 -45.95 -69.25 91.67 -85.87 -15.96 -82.71 13.54 -36.34 54.63 -9.10 -72.61 -66.38 21.69 57.76 -23.92 80.38 -14.21 -64.42 -56.61 16.49 -44.12 34.93 3.43 -90.04 -88.62 -2.25 -24.33 32.80 14.45 15.97 -3.11 68.50 83.93 25.77 82.64 -32.04 43.06 33.38 68.83 34.89
-38.52 96.23 68.52 -79.63 53.98 -18.20 -99.26 -23.03 54.59 -55.87 -69.34 -52.33 79.06 34.09 -42.37 -72.36 -30.96 33.31 60.44 83.49 -13.52 -42.67 89.20 -29.60 -79.70 -90.97 75.57 63.36 42.41 44.40 35.45 -58.91 77.83 41.17 -38.54 69.01 -77.04 -37.80 -16.82 77.55 43.54 13.84 -74.78 59.80 -52.08 20.06 87.45 16.96 -9.43 85.09 37.66 -85.75 -20.38 26.85 -15.35 -0.08 35.88 -2.57 0.48 15.49 -20.97 -64.07 56.58 -43.15 -85.70 -44.76 -36.94 -62.73 54.65 46.24 -47.98 -1.82 -39.93 14.45 -4.82 7.99 -28.28 19.83 -37.85 99.50 4.92 99.81 -86.25 -78.26 26.65 -1.60 21.67 -0.27 95.83 -77.86 -84.79 -25.15 -4.72 -91.01 68.91 46.80 -35.77 -68.04 -78.73 -81.13
78.20 -26.71 54.26 -24.53 -75.05 -13.35 83.46 33.88 -93.53 -17.18 33.37 11.39 -17.38 47.12 33.14 -53.52 -17.27 -7.99 46.21 -21.45 51.36 98.64 90.62 -53.36 -92.38 59.52 -69.36 -28.14 -71.31 -48.09 27.94 -55.91 62.41 19.41 19.57 87.36 -93.95 40.23 58.44 -87.48 -76.96 -8.19 61.13 42.88 -61.08 31.47 89.36 21.65 -76.53 72.77 -62.59 74.83 71.40 -71.98 -41.33 79.03 -75.26 -10.69 -11.91 -46.57 41.22 -83.98 -2.47 3.63 35.43 -45.70 28.19 78.69 94.53 23.84 91.22 -82.43 -84.36 52.34 60.45 -8.23 -16.20 87.01 -86.58 44.48 96.98 -11.96 19.30 68.38 53.27 -84.82 84.61 78.01 41.70 -27.31 -31.35 -17.08 -11.29 -96.62 -76.25 -38.65 -42.32 89.15 -59.97 -10.59
12.98 -68.76 6.98 65.83 -79.22 4.63 -42.40 41.79 28.84 8.23 23.47 25.82 96.27 -20.02 31.40 86.74 -4.84 16.00 -98.06 -63.15 88.69 -29.41 56.98 14.60 11.18 -82.07 75.95 -93.94 -92.92 -84.02 -4.52 57.27 -15.57 -60.34 23.10 42.43 81.51 80.70 -15.79 47.55 26.13 -55.11 -26.64 59.60 24.87 -95.25 46.33 -79.98 57.96 48.27 -5.92 46.64 -43.93 -48.94 -38.76 67.25 -31.01 -25.61 -89.48 13.28 -9.63 43.21 -29.45 -87.99 -79.93 -69.15 54.44 -98.43 -51.25 -24.15 49.13 74.88 20.74 -40.31 34.47 -54.40 1.66 18.00 2.83 -40.39 -33.74 96.92 -56.54 22.33 -52.03 41.91 26.79 16.96 -83.71 74.52 -32.55 43.88 17.72 38.00 55.89 37.79 -93.95 47.53 76.58 -45.20
-39.42 62.91 -33.12 81.33 -77.41 -61.45 -35.87 61.46 56.55 66.97 -41.72 -77.20 -98.92 38.95 45.14 -50.95 -19.15 9.13 -96.79 34.35 -16.36 -29.34 -21.78 -98.65 -54.14 -28.69 76.35 -48.09 -43.96 90.13 43.92 16.63 53.03 -89.21 35.16 -87.17 -50.66 -63.51 74.29 -94.12 -59.34 -30.23 -34.10 -58.26 -91.29 -51.76 28.00 26.77 57.37 31.22 -38.88 -21.79 -60.92 39.34 -20.44 22.16 -52.14 -6.89 -88.73 41.11 -16.76 55.20 -42.27 -63.74 -96.81 -69.91 -13.70 -47.46 -33.41 -2.20 -4.37 44.46 67.57 61.53 86.21 76.29 -90.24 14.20 3.05 -95.67 -17.38 -98.63 -17.46 21.71 77.93 99.31 -18.93 -74.22 29.63 -7.66 66.89 -87.14 -52.47 -38.17 -13.67 -49.27 29.13 72.64 40.48 95.72
-29.57 -26.69 40.18 -24.80 -27.95 63.59 -11.31 19.02 -22.22 -71.05 23.36 97.62 -69.68 -56.90 19.32 -91.76 -57.59 -99.62 -28.77 72.04 29.93 -24.67 -77.90 77.47 37.16 8.43 -34.60 -33.72 18.27 -56.92 -0.79 -74.10 53.60 -23.41 1.11 -74.36 -59.83 89.80 44.67 55.16 -44.05 5.23 52.77 -13.72 48.33 9.29 31.73 -72.06 46.88 -97.04 99.98 -23.19 -21.71 -77.93 -8.52 -47.35 67.72 94.09 18.93 23.19 -62.84 -44.66 49.10 -72.04 31.93 -49.80 -46.39 -90.70 -22.80 -64.52 -98.33 33.16 40.71 91.65 -43.36 26.24 38.15 88.37 54.19 -14.98 91.33 54.16 99.04 6.82 -86.56 27.72 59.47 -81.64 21.80 15.61 41.55 96.17 70.95 27.85 -75.87 40.09 78.05 14.95 86.60 -7.54
50.43 88.27 -37.18 28.34 -82.88 19.46 -45.43 55.27 7.82 -91.25 -22.51 36.36 -99.88 -23.47 -56.83 -49.23 -58.55 -97.36 6.34 -99.54 55.46 -14.91 -66.17 26.40 -87.06 -4.83 3.69 90.99 -89.89 27.50 20.65 97.75 15.76 83.47 26.08 32.88 2.92 -82.14 25.35 -52.05 -73.39 -97.16 84.31 -36.06 16.58 -72.53 51.92 58.03 -32.68 -41.75 95.70 -77.23 43.35 -70.47 86.39 56.29 24.70 -9.93 84.48 72.03 -82.44 42.34 -93.03 70.54 25.80 70.27 40.62 -34.07 88.13 -34.03 13.88 -48.06 6.02 35.39 53.10 -77.41 62.86 5.01 -82.18 -32.61 63.27 -86.48 -9.84 43.82 -19.74 13.75 37.31 -95.05 -96.18 58.99 -85.82 -41.41 1.32 -41.63 -33.67 -72.88 -71.37 -55.84 30.26 -83.25
47.34 -18.66 5.90 -46.65 -83.28 -41.01 -24.06 -83.22 64.01 -6.24 -15.83 64.48 44.49 -88.46 45.50 -75.26 25.29 -17.20 -33.09 66.32 -58.22 18.30 -37.88 43.11 76.67 28.45 -92.57 -94.71 72.61 74.90 -40.75 19.94 -43.77 65.16 -89.51 -27.05 -75.86 -13.57 -10.27 -74.65 -82.60 -88.89 89.83 61.89 -77.35 72.53 -76.16 85.15 -44.68 -9.25 51.47 34.32 -90.96 -49.21 14.63 85.72 79.24 59.27 -71.79 89.06 34.16 -12.53 46.20 90.39 -47.38 56.70 0.54 -23.24 -19.67 -72.53 2.12 34.94 -61.42 29.15 34.04 -1.56 1.68 57.88 20.80 94.21 -14.17 9.47 28.52 -5.13 60.26 -19.65 17.79 39.49 -60.39 46.01 65.75 73.77 -66.53 49.16 -98.65 23.30 43.06 39.10 -99.95 -76.62
66.58 39.38 95.54 -57.64 5.74 29.57 78.02 -55.38 24.65 -1.19 -61.18 -89.53 -91.73 -95.45 42.55 68.53 -15.10 -39.66 45.22 61.73 -56.45 10.97 35.49 14.23 -39.88 74.06 -62.48 -96.83 13.15 -25.22 -36.24 16.93 -48.63 -40.71 59.30 94.32 -73.94 37.31 -61.07 50.71 -63.89 14.96 61.18 -18.41 56.72 3.73 -49.89 -58.38 -98.73 -67.47 -96.66 -55.18 43.50 76.04 96.26 -59.18 87.30 -66.23 -18.80 37.66 8.55 82.18 -45.42 97.13 -21.33 -48.92 91.44 4.74 88.39 -69.64 -44.56 -38.30 82.54 -46.17 80.50 39.25 57.56 -69.40 -81.93 96.04 -36.86 -41.38 -21.94 -56.16 -28.13 -25.69 21.88 -40.84 45.29 -59.72 -65.98 -46.17 -77.55 -11.39 -11.83 38.34 76.90 -20.40 -56.93 -97.51
47.18 35.72 -35.81 29.71 89.55 -18.10 6.16 84.31 49.71 24.24 -82.46 -49.95 82.86 -4.40 -6.10 -45.28 69.91 -47.02 51.10 15.19 -6.74 85.12 -93.77 52.93 10.93 31.61 28.47 -12.17 -88.80 -91.26 27.53 95.59 44.46 -71.08 25.29 71.22 10.82 -31.34 92.73 -39.47 92.90 -89.73 10.58 -87.05 43.08 -58.32 4.89 50.20 -5.34 -44.02 -34.62 -74.87 -21.70 8.82 -84.74 -73.56 -59.58 80.94 51.48 -11.16 89.68 -21.00 -15.58 34.13 7.92 -53.08 42.55 -81.26 15.58 72.49 16.48 45.68 82.76 -72.95 58.63 63.04 -31.26 -36.49 13.23 -99.40 56.70 -84.18 -37.06 -65.00 24.64 15.41 -1.35 -97.73 -3.66 -49.88 -8.89 -13.99 66.33 -87.27 -42.65 -25.76 -3.14 -62.90 30.19 -87.57
-90.42 -53.34 95.32 -70.46 10.93 53.95 92.59 -83.13 -82.55 5.81 -82.53 -88.64 21.63 17.63 -53.64 -16.52 -66.97 82.22 -14.25 66.59 -30.46 -85.94 -47.41 -64.14 -36.00 47.15 47.31 60.87 84.26 -22.50 -89.50 93.84 61.37 -94.18 -76.62 -27.71 96.98 -84.04 -10.84 -48.37 58.98 43.85 -37.01 17.82 -1.32 46.56 -98.71 31.71 28.77 24.25 -1.71 98.31 75.52 88.10 -65.84 -60.49 35.24 -81.32 -62.42 19.49 33.39 -51.91 50.54 -5.25 -8.88 73.92 -95.75 -11.91 -72.92 30.62 39.72 -76.74 11.67 -60.08 41.08 -89.66 86.48 42.37 79.27 52.46 -33.39 14.76 87.97 -57.88 2.85 -77.87 18.85 -24.70 -21.98 56.43 -68.01 -88.60 -95.49 82.53 6.15 32.84 93.65 47.61 -79.08 -79.28
-21.77 97.86 -56.01 -72.90 -25.02 -77.73 -62.55 -38.55 64.65 -83.29 -48.89 -31.54 31.47 -60.92 47.80 -28.47 -1.58 3.85 46.83 76.44 -39.73 78.82 87.84 2.00 98.56 31.19 -65.17 92.20 -21.20 -7.03 -49.87 94.24 28.03 -5.88 -78.67 -97.00 16.39 -41.22 1.66 18.24 12.70 52.78 -76.09 -18.62 91.86 -91.09 52.91 -9.73 12.76 -0.27 3.91 73.03 15.75 -8.26 -24.98 14.30 -77.08 47.07 6.50 38.93 -59.97 56.63 33.16 -94.74 -12.05 54.50 -91.74 -58.46 -49.52 9.92 97.00 -99.61 -0.10 -79.10 -18.23 -8.25 -70.19 -65.33 -80.78 42.57 71.61 23.13 52.80 -12.65 -47.93 -34.97 -61.14 12.21 -87.91 45.36 -48.87 -10.67 39.19 84.30 31.80 -35.66 76.00 40.06 5.88 -36.32
-12.82 2.87 -35.93 87.09 60.98 83.05 16.04 -72.01 -45.08 72.48 -92.24 -73.48 32.81 60.57 51.09 -77.91 -37.20 89.95 34.30 12.10 72.51 85.43 -61.37 48.90 -93.08 70.43 -86.77 -79.88 10.48 19.11 -16.19 -65.14 -40.81 85.09 -40.85 -42.63 -94.66 -87.60 22.58 -39.74 84.88 30.34 -13.21 54.89 28.11 -24.92 76.98 90.91 -34.98 48.48 40.21 -25.27 33.91 78.84 -76.38 78.04 49.26 -25.94 98.17 -3.06 93.17 19.18 31.81 -10.44 41.47 -71.84 84.15 46.81 -59.44 6.72 -92.93 -37.36 -25.74 31.07 -82.47 -97.63 -93.86 -68.29 -69.52 8.37 80.20 70.70 -79.70 51.31 86.74 -56.08 29.34 36.00 17.98 64.71 -29.86 48.35 21.09 -60.85 -24.88 -37.44 -32.68 -3.53 -53.43 45.09
-96.82 -9.15 -92.27 -22.56 -40.88 -37.53 17.02 2.47 -5.82 84.72 -89.17 11.58 55.41 -31.66 0.09 79.35 12.26 -70.57 15.34 -32.56 -68.66 -77.31 -47.00 89.65 -38.16 65.33 -47.80 66.37 -38.21 35.98 11.46 2.18 -35.96 19.19 -83.18 23.16 81.66 33.85 -74.37 13.04 18.56 -26.33 -38.17 11.17 42.02 61.92 -9.49 -8.52 -71.45 -56.94 96.14 -40.10 -34.25 -50.87 -13.25 64.80 -48.34 76.16 31.17 50.66 12.13 -57.38 -47.17 76.17 99.02 -30.35 36.54 80.67 -59.30 62.17 30.91 96.47 -26.96 -70.06 44.84 -84.95 91.87 -64.65 43.75 -79.59 15.62 39.88 17.52 -81.43 -73.79 -95.74 83.37 -22.13 80.42 14.53 -34.27 29.76 94.36 18.56 43.13 93.37 -74.59 -20.34 -88.77 3.33
-20.97 42.15 -0.21 52.08 -90.71 -55.37 -95.67 -98.85 17.19 48.08 -41.22 -29.99 -12.05 76.30 -11.42 51.37 -82.23 -28.06 -33.56 -64.61 -76.32 32.17 -97.65 -81.97 -49.28 45.49 -51.39 13.35 -74.86 -40.16 -83.33 41.39 -60.81 16.46 -6.54 -51.51 98.30 35.00 -50.36 52.69 -16.92 45.63 -77.31 -91.77 59.14 11.27 59.61 76.91 -79.58 -73.96 -50.50 -55.90 58.22 -48.14 -0.66 -53.86 97.35 47.95 59.49 -40.31 -55.00 -86.64 -61.72 -15.81 29.83 68.95 32.68 65.33 3.95 -80.47 18.02 -75.77 65.16 40.71 -67.54 24.29 -10.81 -70.73 38.40 9.61 -7.47 87.91 90.92 -12.05 -23.03 27.46 34.09 11.52 12.62 30.79 -91.59 57.62 44.15 -53.30 -58.20 11.18 -84.36 -88.31 -23.49 19.59
-31.57 -68.27 81.03 -29.21 -90.36 -86.51 95.09 36.04 -20.03 70.69 -17.15 -90.30 95.80 -26.24 -2.35 -27.24 -61.57 -31.05 84.28 51.05 99.74 92.70 45.87 81.09 -23.40 87.67 -7.73 -7.76 -63.44 -94.02 -50.96 4.99 -25.08 -69.94 -87.01 -15.44 -19.24 -91.93 -79.40 60.74 -84.04 40.66 -92.36 -88.24 -48.37 5.30 21.73 -9.94 74.25 6.01 -21.69 -88.82 35.91 -75.83 92.27 -87.50 -50.96 -15.47 41.95 -14.39 27.72 90.99 -72.20 -97.37 -78.95 -59.21 24.41 39.02 -13.93 82.22 36.96 2.04 22.87 44.61 51.01 74.50 -50.10 -27.27 -35.45 -38.65 -84.06 42.86 -27.47 89.06 67.03 -35.21 -61.24 -46.72 86.54 80.72 38.89 14.25 71.70 -96.11 16.89 -70.05 -18.10 -58.71 -93.82 -94.83
-76.50 43.14 44.42 46.37 -12.26 -4.58 58.08 74.85 -94.64 -77.38 -63.81 -78.70 -97.31 8.72 -89.64 -93.08 73.52 -13.67 -39.80 60.05 -32.96 -63.71 11.50 -24.05 -22.60 -71.62 43.11 59.30 6.88 49.29 -98.33 67.59 -7.57 46.10 51.17 -82.63 -21.28 9.24 92.23 -15.92 69.07 -71.59 42.60 71.76 37.14 90.17 -84.11 47.86 -23.51 -23.91 45.11 43.54 49.60 -43.40 -80.52 -73.01 22.20 99.80 -76.51 -33.72 49.09 -37.63 -66.13 -21.28 -91.54 85.04 -3.91 24.40 31.48 -11.69 -91.53 0.54 16.73 51.07 9.51 -46.14 78.44 25.40 -61.08 -45.07 -61.31 84.03 -64.33 88.29 -59.38 -7.64 -47.52 -99.98 -7.85 13.18 -33.69 -58.77 75.56 0.18 19.95 -78.78 22.42 -83.96 45.62 -8.90
4.35 54.10 -71.16 -41.72 42.37 38.35 49.35 58.02 0.95 88.27 -87.06 76.86 72.29 -51.39 -97.66 -49.88 40.97 -45.17 -49.86 -29.68 -94.79 16.45 11.56 80.77 -46.17 -31.29 -98.01 -86.55 21.96 47.61 4.55 -36.48 38.91 33.40 21.80 18.49 8.95 -28.85 -23.50 -90.10 -40.59 26.65 86.76 -31.09 75.26 -73.70 19.03 53.43 -18.87 69.17 -76.26 -13.65 22.83 72.51 4.32 76.66 -21.57 43.52 90.12 -99.62 -8.87 -5.34 1.11 -32.76 -34.74 -39.88 -77.07 74.22 31.27 36.64 -78.68 -72.12 -36.72 -54.72 34.00 -24.26 -28.42 -46.98 -33.63 89.93 -40.60 -9.88 13.48 82.23 -0.17 -82.21 58.88 78.26 61.32 86.20 -84.15 -10.35 18.07 54.17 94.10 83.33 -85.72 -82.97 94.75 82.76
90.88 -46.73 -52.15 -45.84 35.76 81.85 29.90 -92.66 -27.92 -66.52 -65.53 31.48 23.60 47.95 13.70 -39.37 -97.06 9.78 -23.90 64.26 33.19 29.16 -8.89 -48.75 -16.68 22.42 -28.22 -2.39 39.45 -33.47 -19.64 67.53 57.01 28.21 -78.32 -7.23 10.06 88.80 37.32 82.14 -77.73 71.79 50.82 83.08 19.73 1.72 -56.30 22.67 -51.30 57.01 24.14 81.89 -13.84 -47.55 -66.87 69.49 74.87 42.13 -32.91 51.52 -54.14 84.66 19.05 -97.14 12.87 40.73 -4.37 -39.87 66.73 -67.06 -20.53 89.00 -58.07 -69.72 72.07 98.87 32.00 -47.02 21.54 80.70 -90.02 -17.12 62.59 33.36 35.33 -67.08 2.84 47.41 -87.75 -92.87 -1.08 -41.89 91.79 -82.04 -39.02 41.86 95.91 93.82 -98.02 62.63
-36.03 -18.55 51.63 5.90 48.94 60.90 4.77 -19.07 -48.92 -36.49 -1.16 -1.72 83.60 -1.37 -68.37 56.13 31.55 71.68 3.53 43.81 78.81 -97.55 -60.88 -92.21 -42.38 0.10 49.66 -46.48 31.13 51.64 -46.64 95.10 -29.70 -57.81 38.20 -80.77 -96.92 -57.04 37.38 -8.62 43.68 -63.79 89.66 27.27 34.84 -78.72 -16.60 3.59 92.96 -75.87 -15.40 -91.04 -73.42 23.73 -83.25 21.42 -38.97 66.41 74.94 92.16 55.26 -71.71 -75.55 -37.24 7.69 62.66 -18.01 47.99 -57.18 -43.43 -60.64 86.51 -7.22 -70.99 50.98 -35.18 -49.71 -28.42 -94.38 -19.55 -4.28 -9.78 -10.59 59.51 -48.85 6.16 -19.08 12.19 9.78 -44.14 41.55 -34.97 21.36 66.01 27.79 -33.74 28.66 -53.02 -85.76 -91.32
40.77 -46.40 95.19 -66.46 -17.39 83.38 35.58 70.11 -45.05 41.20 -49.45 87.88 -31.38 77.17 47.39 19.78 20.53 -71.70 -30.83 -69.70 21.37 -52.08 -4.67 -20.06 -86.08 -39.68 46.20 79.79 44.52 60.44 88.48 -14.72 -85.97 -79.14 56.03 33.85 -95.77 -8.40 3.95 -3.60 -30.00 91.71 -15.73 38.63 -93.93 -68.35 -4.39 26.60 -2.83 -98.02 56.91 -81.47 -50.10 -10.56 -1.53 -36.17 49.77 -18.13 -19.18 31.49 -57.70 6.50 -83.24 -6.46 27.37 -90.01 -72.62 68.81 38.81 68.54 2.41 -91.20 97.45 -76.11 84.64 -96.49 -7.25 -19.76 30.12 89.92 -17.78 -12.98 -54.34 69.34 76.46 81.34 -29.63 63.43 -36.79 51.19 32.12 5.51 -5.10 86.09 -63.74 -77.74 96.09 -36.36 -71.73 34.89
-30.61 67.90 80.90 -33.17 91.79 65.54 -29.65 -15.47 -17.02 -99.54 11.66 -97.59 24.69 57.32 -91.05 38.35 38.65 -20.68 38.99 -98.15 -69.50 -28.90 44.58 25.40 -42.81 80.84 84.87 -9.52 -18.32 -49.65 -37.43 51.07 -44.55 -56.54 -82.10 -52.77 -53.80 25.46 68.97 66.40 25.92 -19.38 -93.99 -12.19 -62.07 -85.04 -36.64 -86.21 -5.72 -97.66 -47.15 61.99 10.66 97.43 24.60 -94.95 -84.54 46.67 -4.47 34.36 -65.78 58.10 -14.58 -10.33 -61.24 40.53 36.90 22.18 -34.02 43.08 25.78 -70.90 -76.31 69.00 16.91 -1.16 -78.84 80.28 12.63 15.44 -80.18 -97.32 14.63 30.48 -99.89 -23.57 35.53 -47.22 -76.90 -31.74 -75.66 -5.47 -36.44 9.77 84.21 39.54 -12.50 58.31 -38.29 53.49
1.38 -75.31 -80.21 25.08 93.69 36.71 -38.88 -85.16 54.19 -89.05 67.49 74.01 -86.37 19.32 41.70 -49.05 95.76 -22.78 40.95 -43.94 82.70 65.29 50.59 -53.75 -24.95 34.79 85.79 99.77 30.31 -52.51 53.25 -68.32 9.39 -89.76 93.97 40.28 46.95 -44.92 92.33 38.34 -33.97 59.81 49.56 16.88 16.34 -8.75 67.83 12.09 -94.33 8.77 -94.65 88.37 11.27 93.15 -65.38 -76.48 27.94 -79.60 -76.72 -41.76 5.11 -86.27 27.13 -48.30 -76.02 21.10 91.99 -91.87 -86.62 84.31 46.48 -20.58 81.33 33.24 -66.50 -2.34 -75.52 -61.47 -53.05 -32.64 84.52 -10.49 -44.27 -4.22 -17.35 27.56 19.30 -52.21 85.17 42.59 43.24 -9.73 56.32 -29.63 79.19 -82.50 91.47 71.17 -74.36 -95.16
92.68 -90.68 21.47 -88.80 42.56 92.18 46.07 67.04 -69.29 93.02 -28.40 -84.78 19.73 27.33 11.00 -97.62 -7.91 -69.71 -49.83 -22.74 -89.92 93.42 -95.27 -96.39 0.99 83.92 -78.89 29.66 92.29 -53.25 34.50 84.97 -43.93 -6.82 -66.63 98.63 -14.65 79.45 -97.14 16.06 72.46 -25.53 31.28 29.40 -61.00 -20.52 31.78 31.10 46.99 -80.85 -54.44 57.07 -50.23 -49.71 60.68 50.76 -65.79 81.80 -19.59 -36.30 -34.25 -47.88 -14.13 21.83 45.30 19.25 57.66 -32.15 -1.31 97.74 83.92 8.35 -27.80 52.40 -62.26 48.41 -30.91 -93.28 -20.50 -83.93 -74.12 25.06 73.14 12.86 -87.44 33.82 0.83 -16.02 52.82 81.24 47.68 -81.44 -29.44 -66.45 77.60 -46.94 90.01 35.26 20.92 -11.31
