100 100
0.00 0.00 0.00 0.00 0.00 0.00 0.00 0.00 0.00 0.00 0.00 -58.01 0.00 0.00 0.00 0.00 -5.62 0.00 0.00 0.00 0.00 0.00 0.00 0.00 0.00 0.00 -86.81 -83.16 0.00 -30.32 0.00 0.00 0.00 0.00 0.00 0.00 0.00 -55.17 0.00 0.00 0.00 0.00 0.00 0.00 0.00 0.00 0.00 0.00 0.00 0.00 95.60 0.00 0.00 19.52 0.00 0.00 0.00 0.00 0.00 0.00 0.00 0.00 0.00 0.00 0.00 0.00 0.00 0.00 0.00 15.44 0.00 0.00 0.00 0.00 0.00 0.00 10.01 0.00 0.00 0.00 0.00 0.00 0.00 0.00 0.00 93.96 0.00 29.33 0.00 0.00 0.00 0.00 0.00 -90.72 0.00 0.00 0.00 0.00 0.00 0.00
76.09 91.04 0.00 -29.95 0.00 0.00 0.00 0.00 0.00 0.00 0.00 0.00 0.00 0.00 0.00 0.00 0.00 0.00 -76.63 0.00 0.00 0.00 0.00 0.00 0.00 0.00 0.00 0.00 0.00 0.00 0.00 0.00 0.00 0.00 0.00 0.00 0.00 0.00 -34.90 0.00 0.00 0.00 0.00 0.00 0.00 0.00 0.00 12.62 93.52 0.00 0.00 0.00 0.00 0.00 0.00 0.00 0.00 0.00 0.00 0.00 0.00 0.00 0.00 0.00 0.00 0.00 -44.03 0.00 0.00 0.00 0.00 0.00 0.00 0.00 0.00 0.00 0.00 0.00 0.00 0.00 0.00 0.00 0.00 0.00 0.00 -50.49 0.00 0.00 0.00 0.00 0.00 0.00 0.00 0.00 0.00 -95.09 -89.08 0.00 0.00 0.00
0.00 0.00 0.00 0.00 -77.82 0.00 0.00 0.00 0.00 0.00 0.00 0.00 0.00 0.00 0.00 0.00 0.00 0.00 -33.15 0.00 0.00 52.74 0.00 0.00 0.00 0.00 0.00 -71.31 0.00 0.00 0.00 0.00 0.00 0.00 0.00 0.00 0.00 0.00 0.00 0.00 0.00 0.00 0.00 0.00 0.00 0.00 13.87 0.00 0.00 33.80 0.00 0.00 0.00 0.00 0.00 0.00 0.00 0.00 0.00 -2.39 0.00 0.00 0.00 0.00 0.00 0.00 0.00 0.00 0.00 93.07 0.00 0.00 -34.62 0.00 0.00 0.00 0.00 0.00 0.00 0.00 0.00 10.80 0.00 0.00 0.00 0.00 0.00 0.00 0.00 0.00 0.00 0.00 0.00 0.00 0.00 0.00 0.00 0.00 0.00 0.00
0.00 0.00 0.00 0.00 0.00 0.00 0.00 0.00 0.00 0.00 0.00 0.00 0.00 0.00 0.00 0.00 0.00 0.00 0.00 0.00 0.00 0.00 -90.10 0.00 0.00 0.00 0.00 0.00 72.27 0.00 0.00 0.00 0.00 0.00 0.00 0.00 0.00 0.00 0.00 0.00 0.00 0.00 0.00 0.00 0.00 0.00 0.00 0.00 0.00 0.00 0.00 0.00 0.00 0.00 0.00 0.00 92.85 0.00 0.00 0.00 0.00 0.00 0.00 0.00 0.00 0.00 0.00 0.00 -57.30 0.00 28.99 0.00 0.00 8.28 0.00 0.00 0.00 0.00 0.00 0.00 0.00 89.93 0.00 0.00 0.00 0.00 0.00 0.00 0.00 0.00 0.00 60.15 0.00 0.00 -62.40 0.00 0.00 0.00 99.21 0.00
0.00 0.00 0.00 0.00 36.24 0.00 0.00 -71.37 0.00 0.00 0.00 0.00 0.00 0.00 6.46 0.00 0.00 0.00 0.00 59.61 30.94 0.00 0.00 0.00 0.00 0.00 0.00 -43.72 90.33 0.00 0.00 0.00 0.00 0.00 0.00 86.92 0.00 0.00 0.00 0.00 0.00 0.00 0.00 0.00 0.00 0.00 0.00 0.00 5.80 0.00 0.00 0.00 0.00 0.00 0.00 0.00 95.24 0.00 0.00 0.00 0.00 0.00 0.00 0.00 0.00 0.00 0.00 0.00 0.00 0.00 0.00 0.00 0.00 0.00 0.00 0.00 0.00 0.00 0.00 0.00 0.00 -64.96 27.98 0.00 0.00 0.00 -0.71 0.00 0.00 0.00 0.00 0.00 0.00 0.00 0.00 0.00 0.00 0.00 0.00 0.00
0.00 0.00 0.00 0.00 0.00 0.00 0.00 0.00 -75.02 0.00 0.00 0.00 0.00 0.00 0.00 0.00 93.89 0.00 0.00 0.00 0.00 0.00 0.00 0.00 0.00 -86.85 96.00 -8.51 -93.79 0.00 0.00 0.00 -38.63 -60.50 0.00 0.00 0.00 0.00 0.00 -46.68 0.00 0.00 0.00 -29.15 0.00 0.00 0.00 0.00 0.00 0.00 0.00 0.00 0.00 0.00 -67.66 0.00 33.24 0.00 99.84 0.00 0.00 0.00 0.00 0.00 0.00 0.00 0.00 0.00 0.00 0.00 0.00 0.00 77.83 0.00 0.00 0.00 23.16 0.00 0.00 0.00 0.00 0.00 0.00 0.00 0.00 0.00 0.00 0.00 0.00 0.00 0.00 0.00 0.00 0.00 0.00 0.00 0.00 0.00 0.00 0.00
0.00 0.00 0.00 0.00 0.00 0.00 0.00 0.00 0.00 0.00 0.00 0.00 59.99 0.00 -84.58 0.00 0.00 59.57 0.00 0.00 0.00 0.00 0.00 0.00 0.00 0.00 0.00 0.00 0.00 0.00 0.00 0.00 0.00 0.00 0.00 0.00 33.43 0.00 0.00 -18.74 -33.98 0.00 0.00 0.00 0.00 0.00 0.00 0.00 0.00 0.00 0.00 0.00 30.24 0.00 0.00 0.00 0.00 0.00 0.00 0.00 0.00 0.00 0.00 0.00 0.00 0.00 0.00 0.00 0.00 0.00 -50.59 0.00 0.00 0.00 0.00 0.00 0.00 0.00 0.00 59.52 0.00 0.00 0.00 0.00 0.00 0.00 0.00 0.00 0.00 0.00 0.00 0.00 0.00 0.00 0.00 0.00 0.00 0.00 0.00 0.00
0.00 0.00 0.00 0.00 0.00 0.00 20.57 -63.68 0.00 0.00 0.00 0.00 0.00 0.00 0.00 0.00 0.00 0.00 0.00 0.00 0.00 0.00 0.00 0.00 0.00 0.00 0.00 0.00 -34.69 0.00 0.00 0.00 0.00 0.00 0.00 0.00 0.00 53.01 0.00 0.00 0.00 8.57 93.29 0.00 0.00 0.00 0.00 0.00 -47.70 0.00 0.00 0.00 0.00 33.55 0.00 0.00 0.00 0.00 0.00 -75.63 0.00 0.00 0.00 0.00 0.00 0.00 0.00 0.00 0.00 0.00 0.00 0.00 0.00 0.00 0.00 0.00 0.00 0.00 0.00 0.00 0.00 2.66 29.54 0.00 0.00 0.00 0.00 0.00 0.00 0.00 0.00 0.00 0.00 0.00 0.00 0.00 0.00 0.00 0.00 0.00
0.00 0.00 0.00 0.00 0.00 0.00 0.00 0.00 0.00 0.00 0.00 0.00 0.00 0.00 0.00 0.00 0.00 15.87 0.00 0.00 0.00 0.00 0.00 0.00 8.88 0.00 0.00 0.00 0.00 -71.88 55.37 0.00 99.41 36.18 0.00 0.00 0.00 0.00 0.00 0.00 0.00 0.00 0.00 -75.09 0.00 0.00 0.00 0.00 69.85 0.00 0.00 0.00 0.00 0.00 0.00 0.00 0.00 0.00 36.01 0.00 0.00 0.00 0.00 0.00 0.00 0.00 0.00 0.00 0.00 0.00 0.00 0.00 0.00 0.00 0.00 0.00 0.00 0.00 0.00 0.00 0.00 -97.27 0.00 -7.00 0.00 0.00 0.00 0.00 0.00 0.00 0.00 0.00 0.00 0.00 0.00 0.00 0.00 0.00 0.00 0.00
0.00 0.00 0.00 0.00 0.00 0.00 0.00 0.00 0.00 0.00 0.00 0.00 0.00 0.00 0.00 0.00 33.20 0.00 0.00 0.00 0.00 0.00 0.00 0.00 -44.64 0.00 -10.23 3.83 0.00 0.00 0.00 0.00 0.00 73.83 0.00 0.00 0.00 0.00 0.00 93.01 0.00 0.00 0.00 0.00 0.00 0.00 0.00 0.00 0.00 0.00 0.00 0.00 0.00 0.00 -65.93 0.00 0.00 0.00 0.00 -76.77 0.00 0.00 0.00 0.00 0.00 0.00 0.00 52.52 0.00 0.00 0.00 0.00 0.00 0.00 0.00 0.00 0.00 0.00 0.00 0.00 91.85 0.00 -3.24 -44.97 0.00 0.00 0.00 44.85 0.00 0.00 0.00 0.00 0.00 0.00 0.00 0.00 0.00 0.00 0.00 0.00
0.00 0.00 0.00 0.00 0.00 0.00 0.00 0.00 0.00 -94.68 0.00 0.00 0.00 0.00 0.00 0.00 0.00 -14.48 0.00 0.00 0.00 0.00 0.00 0.00 0.00 0.00 0.00 97.15 0.00 0.00 0.00 0.00 0.00 0.00 0.00 0.00 76.09 0.00 9.90 0.00 0.00 0.00 0.00 0.00 0.00 0.00 0.00 0.00 0.00 0.00 0.00 0.00 37.02 0.00 0.00 0.00 0.00 42.83 -74.24 0.00 0.00 0.00 0.00 0.00 0.00 0.00 0.00 0.00 0.00 0.00 0.00 0.00 0.00 0.00 -16.90 0.00 0.00 70.95 0.00 0.00 0.00 -81.67 0.00 0.00 0.00 0.00 0.00 0.00 0.00 0.00 0.00 0.00 0.00 0.00 -17.50 0.00 7.12 -56.76 0.00 0.00
0.00 0.00 0.00 0.00 0.00 0.00 0.00 0.00 0.00 0.00 0.00 0.00 0.00 0.00 0.00 0.00 0.00 0.00 0.00 0.00 0.00 0.00 0.00 0.00 0.00 0.00 0.00 0.00 0.00 -10.44 0.00 0.00 0.00 0.00 0.00 0.00 -19.66 0.00 0.00 0.00 0.00 0.00 0.00 0.00 0.00 0.00 0.00 0.00 0.00 0.00 0.00 0.00 0.00 0.00 0.00 0.00 0.00 0.00 0.00 -16.82 0.00 0.00 0.00 0.00 0.00 0.00 0.00 0.00 0.00 0.00 0.00 82.56 0.00 0.00 0.00 0.00 -86.47 0.00 0.00 0.00 0.00 0.00 0.00 0.00 0.00 0.00 0.00 0.00 0.00 0.00 0.00 38.54 0.00 0.00 0.00 0.00 0.00 0.00 0.00 0.00
0.00 0.00 9.54 0.00 0.00 0.00 0.00 17.37 0.00 0.00 0.00 0.00 0.00 0.00 0.00 0.00 0.00 0.00 49.57 0.00 0.00 0.00 2.54 0.00 0.00 0.00 0.00 0.00 0.00 0.00 0.00 0.00 0.00 0.00 0.00 0.00 0.00 0.00 0.00 0.00 0.00 0.00 0.00 0.00 0.00 0.00 0.00 0.00 0.00 0.00 0.00 0.00 0.00 0.00 0.00 0.00 0.00 0.00 0.00 0.00 0.00 0.00 88.65 0.00 0.00 0.00 0.00 0.00 0.00 0.00 0.00 0.00 0.00 0.00 0.00 0.00 0.00 0.00 72.81 0.00 0.00 0.00 0.00 -7.74 0.00 0.00 0.00 0.00 0.00 0.00 0.00 0.00 0.00 0.00 0.00 80.49 0.00 0.00 0.00 0.00
0.00 0.00 0.00 0.00 0.00 0.00 0.00 0.00 0.00 0.00 0.00 0.00 0.00 0.00 0.00 0.00 0.00 0.00 0.00 0.00 0.00 0.00 0.00 0.00 -30.44 0.00 0.00 0.00 0.00 0.00 0.00 0.00 0.00 0.00 0.00 0.00 0.00 0.00 0.00 0.00 0.00 0.00 0.00 0.00 0.00 0.00 0.00 0.00 0.00 47.29 0.00 62.54 0.00 0.00 0.00 0.00 0.00 0.00 0.00 0.00 0.00 0.00 12.10 0.00 0.00 -67.20 0.00 0.00 0.00 0.00 0.00 0.00 0.00 0.00 0.00 0.00 0.00 0.00 0.00 0.00 0.00 0.00 0.00 0.00 0.00 0.00 0.00 0.00 0.00 0.00 0.00 0.00 0.00 0.00 0.00 96.90 0.00 0.00 0.00 0.00
0.00 0.00 0.00 0.00 0.00 0.00 0.00 0.00 0.00 0.00 0.00 -11.82 0.00 42.70 0.00 0.00 0.00 0.00 0.00 0.00 0.00 0.00 0.00 0.00 0.00 0.00 0.00 0.00 0.00 0.00 0.00 0.00 0.00 33.91 0.00 0.00 0.00 0.00 -31.79 0.00 0.00 0.00 0.00 0.00 0.00 0.00 0.00 0.00 0.00 -94.34 0.00 0.00 0.00 0.00 0.00 0.00 0.00 0.00 0.00 0.00 -83.00 0.00 0.00 0.00 0.00 0.00 0.00 0.00 -60.84 0.00 0.00 0.00 0.00 0.00 0.00 0.00 0.00 0.00 0.00 0.00 0.00 0.00 0.00 -76.01 0.00 0.00 0.00 0.00 0.00 36.71 0.00 0.00 0.00 0.00 0.00 0.00 0.00 0.00 0.00 0.00
0.00 83.49 4.44 0.00 0.00 0.00 0.00 0.00 0.00 0.00 0.00 0.00 0.00 -73.74 0.00 0.00 0.00 1.03 0.00 0.00 0.00 0.00 0.00 0.00 0.00 0.00 0.00 0.00 0.00 0.00 0.00 0.00 0.00 0.00 0.00 87.62 -53.97 0.00 0.00 0.00 0.00 0.00 0.00 51.78 0.00 63.36 0.00 0.00 0.00 0.00 0.00 0.00 0.00 0.00 55.57 0.00 0.00 0.00 0.00 0.00 0.00 0.00 0.00 0.00 0.00 0.00 0.00 0.00 0.00 0.00 0.00 0.00 0.00 0.00 0.00 6.35 0.00 0.00 0.00 0.00 0.00 0.00 12.93 0.00 0.00 -4.69 0.00 0.00 0.00 0.00 0.00 0.00 0.00 0.00 0.00 0.00 0.00 0.00 0.00 0.00
0.00 0.00 0.00 0.00 0.00 0.00 0.00 0.00 0.00 0.00 0.00 0.00 0.00 0.00 0.00 0.00 0.00 0.00 0.00 0.00 0.00 0.00 0.00 0.00 -5.01 0.00 0.00 0.00 0.00 -14.27 0.00 0.00 0.00 0.00 0.00 0.00 0.00 0.00 0.00 0.00 0.00 0.00 0.00 87.57 0.00 0.00 0.00 0.00 12.68 0.00 0.00 0.00 0.00 0.00 0.00 0.00 0.00 0.00 0.00 0.00 0.00 0.00 0.00 0.00 0.00 0.00 0.00 0.00 0.00 0.00 0.00 0.00 0.00 0.00 0.00 0.00 0.00 0.00 0.00 0.00 0.00 0.00 0.00 0.00 0.00 0.00 0.00 0.00 0.00 0.00 0.00 0.00 0.00 0.00 0.00 92.50 34.85 0.00 0.00 0.00
0.00 0.00 0.00 -24.79 0.00 0.00 0.00 0.00 0.00 0.00 0.00 0.00 0.00 4.59 0.00 0.00 0.00 0.00 0.00 67.65 0.00 0.00 0.00 0.00 0.00 0.00 0.00 0.00 0.00 0.00 0.00 0.00 0.00 9.31 0.00 0.00 0.00 0.00 0.00 0.00 0.00 0.00 0.00 -70.03 0.00 47.56 0.00 0.00 0.00 0.00 0.00 0.00 0.00 0.00 0.00 0.00 0.00 0.00 0.00 0.00 0.00 -56.79 0.00 0.00 0.00 0.00 0.00 -1.81 0.00 0.00 0.00 0.00 0.00 0.00 0.00 0.00 0.00 0.00 0.00 0.00 0.00 0.00 0.00 0.00 0.00 53.22 0.00 -2.58 0.00 0.00 74.56 0.00 0.00 0.00 -85.58 0.00 0.00 0.00 0.00 0.00
0.00 0.00 0.00 0.00 0.00 0.00 0.00 0.00 0.00 0.00 0.00 0.00 0.00 -65.87 0.00 0.00 0.00 0.00 0.00 0.00 0.00 0.00 0.00 0.00 0.00 0.00 0.00 0.00 0.00 0.00 0.00 0.00 0.00 0.00 0.00 0.00 0.00 0.00 0.00 0.00 0.00 0.00 0.00 0.00 0.00 95.25 18.86 -39.61 0.00 0.00 0.00 0.00 0.00 0.00 0.00 0.00 0.00 -3.72 0.00 0.00 0.00 0.00 0.00 0.00 0.00 0.00 0.00 0.00 0.00 0.00 0.00 0.00 43.69 0.00 0.00 0.00 0.00 0.00 0.00 0.00 0.00 0.00 0.00 0.00 0.00 0.00 0.00 0.00 0.00 0.00 0.00 0.00 0.00 6.42 0.00 0.00 0.00 0.00 0.00 0.00
0.00 0.00 -14.74 0.00 0.00 7.04 0.00 0.00 0.00 -0.81 0.00 0.00 91.61 0.00 0.00 0.00 -80.04 0.00 0.00 0.00 0.00 94.50 0.00 0.00 0.00 0.00 0.00 0.00 0.00 0.00 0.00 0.00 0.00 0.00 0.00 0.00 0.00 0.00 0.00 0.00 0.00 0.00 0.00 0.00 0.00 0.00 0.00 0.00 0.00 0.00 0.00 0.00 0.00 0.00 0.00 0.00 0.00 0.00 0.00 0.00 0.00 0.00 0.00 0.00 -13.41 0.00 0.00 0.00 0.00 0.00 0.00 0.00 0.00 0.00 0.00 0.00 0.00 0.00 0.00 0.00 0.00 0.00 0.00 0.00 0.00 42.90 0.00 0.00 0.00 82.06 0.00 0.00 0.00 -63.53 0.00 35.40 0.00 0.00 16.90 48.89
0.00 0.00 -22.81 0.00 0.00 0.00 0.00 0.00 0.00 0.00 0.00 0.00 0.00 0.00 0.00 0.00 0.00 0.00 0.00 21.76 0.00 0.00 0.00 0.00 0.00 0.00 0.00 0.00 -41.80 0.00 44.38 0.00 0.00 0.00 0.00 6.52 0.00 38.62 0.00 -20.23 0.00 -40.27 0.00 0.00 0.00 0.00 0.00 0.00 0.00 0.00 0.00 0.00 -63.96 -8.47 0.00 0.00 0.00 0.00 0.00 0.00 0.00 0.00 0.00 0.00 0.00 0.00 0.00 0.00 0.00 0.00 0.00 0.00 0.00 0.00 0.00 0.00 0.00 0.00 0.00 11.36 0.00 0.00 0.00 0.00 0.00 0.00 0.00 0.00 0.00 0.00 0.00 -29.83 0.00 0.00 0.00 0.00 0.00 0.00 0.00 0.00
0.00 0.00 0.00 0.00 0.00 0.00 0.00 0.00 -13.23 0.00 0.00 -69.78 67.77 0.00 0.00 0.00 0.00 0.00 0.00 0.00 -79.75 0.00 0.00 0.00 0.00 0.00 0.00 0.00 0.00 0.00 0.00 -88.89 0.00 0.00 11.40 0.00 0.00 0.00 0.00 0.00 0.00 0.00 0.00 0.00 42.72 0.00 0.00 0.00 0.00 0.00 0.00 0.00 0.00 0.00 0.00 18.15 0.00 0.00 0.00 0.00 0.00 0.00 0.00 0.00 0.00 0.00 0.00 0.00 0.00 0.00 0.00 0.00 0.00 0.00 0.00 0.00 0.00 0.00 -89.42 0.00 0.00 0.00 0.00 0.00 0.00 0.00 0.00 0.00 0.00 0.00 0.00 0.00 0.00 34.32 0.00 0.00 0.00 0.00 0.00 0.00
0.00 0.00 0.00 75.33 0.00 0.00 0.00 0.00 0.00 0.00 0.00 0.00 -94.92 0.00 0.00 0.00 0.00 0.00 0.00 0.00 0.00 0.00 0.00 0.00 0.00 0.00 0.00 0.00 0.00 0.00 -41.89 0.00 0.00 0.00 18.22 0.00 0.00 0.00 0.00 0.00 0.00 0.00 0.00 0.00 0.00 0.00 0.00 0.00 -75.66 0.00 0.00 0.00 0.00 0.00 0.00 0.00 0.00 0.00 0.00 -5.42 0.00 0.00 0.00 0.00 0.00 -9.18 0.00 78.46 -19.32 0.00 0.00 0.00 0.00 0.00 0.00 0.00 0.00 0.00 0.00 0.00 0.00 0.00 0.00 0.00 0.00 0.00 0.00 0.00 0.00 0.00 -94.78 0.00 0.00 0.00 0.00 0.00 0.00 0.00 0.00 0.21
0.00 0.00 0.00 0.00 0.00 0.00 0.00 0.00 0.00 0.00 0.00 0.00 0.00 0.00 0.00 0.00 0.00 0.00 0.00 0.00 0.00 0.00 0.00 0.00 0.00 0.00 0.00 0.00 0.00 38.88 0.00 0.00 0.00 0.00 0.00 0.00 0.00 0.00 0.00 0.00 0.00 0.00 0.00 0.00 0.00 0.00 0.00 0.00 0.00 0.00 0.00 0.00 0.00 0.00 0.00 0.00 0.00 0.00 0.00 0.00 0.00 0.00 0.00 0.00 0.00 0.00 86.81 0.00 0.00 0.00 0.00 0.00 0.00 0.00 0.00 0.00 0.00 0.00 0.00 0.00 0.00 0.00 0.00 0.00 0.00 -56.07 0.00 0.00 0.00 0.00 0.00 0.00 0.00 0.00 0.00 0.00 0.00 0.00 0.00 0.00
14.70 0.00 0.00 0.00 0.00 0.00 0.00 -33.43 0.00 0.00 0.00 0.00 0.00 0.00 0.00 0.00 0.00 40.87 0.00 0.00 0.00 0.00 0.00 0.00 0.00 0.00 0.00 0.00 0.00 0.00 0.00 50.74 0.00 58.10 0.00 0.00 0.00 0.00 0.00 0.00 0.00 0.00 0.00 0.00 0.00 0.00 0.00 0.00 0.00 0.00 0.00 0.00 0.00 0.00 0.00 0.00 0.00 0.00 0.00 0.00 0.00 0.00 0.00 0.00 0.00 0.00 0.00 0.00 0.00 -47.77 0.00 0.00 0.00 0.00 0.00 0.00 0.00 0.00 0.00 0.00 0.00 0.00 0.00 0.00 0.00 -41.89 0.00 0.00 0.00 0.00 0.00 0.00 0.00 0.00 0.00 0.00 0.00 0.00 0.00 0.00
0.00 0.00 0.00 0.00 -17.93 0.00 0.00 0.00 0.00 0.00 0.00 0.00 0.00 0.00 0.00 0.00 0.00 0.00 0.00 0.00 0.00 0.00 0.00 0.00 0.00 0.00 0.00 0.00 0.00 0.00 0.00 0.00 0.00 0.00 0.00 0.00 0.00 0.00 0.00 0.00 0.00 0.00 0.00 0.00 0.00 0.00 0.00 0.00 0.00 19.66 0.00 0.00 -74.12 0.00 39.54 0.00 0.00 0.00 0.00 0.00 30.77 0.00 0.00 0.00 0.00 0.00 0.00 0.00 0.00 37.28 0.00 0.00 0.00 0.00 -17.75 0.00 0.00 0.00 0.00 0.00 0.00 0.00 0.00 0.00 0.00 0.00 0.00 0.00 0.00 0.00 0.00 0.00 0.00 0.00 -51.09 0.00 0.00 0.00 0.00 0.00
0.00 0.00 0.00 47.86 0.00 0.00 0.00 0.00 0.00 -83.43 0.00 0.00 0.00 0.00 0.00 0.00 0.00 0.00 -75.77 0.00 0.00 0.00 0.00 0.00 0.00 0.00 0.00 0.00 0.00 0.00 0.00 0.00 0.00 90.15 11.89 0.00 0.00 0.00 0.00 0.00 79.67 0.00 0.00 -85.51 0.00 0.00 0.00 0.00 0.00 0.00 0.00 0.00 0.00 0.00 0.00 0.00 0.00 0.00 0.00 0.00 0.00 0.00 0.00 0.00 0.00 0.00 0.00 0.00 0.00 0.00 0.00 0.00 0.00 0.00 0.00 0.00 0.00 0.00 0.00 0.00 0.00 0.00 0.00 -93.53 7.69 0.00 0.00 0.00 0.00 0.00 0.00 0.00 0.00 0.00 0.00 0.00 92.95 24.36 0.00 0.00
0.00 50.12 0.00 0.00 0.00 0.00 0.00 0.00 0.00 0.00 0.00 0.00 0.00 0.00 30.36 0.00 0.00 0.00 0.00 0.00 0.00 0.44 0.00 0.00 0.00 0.00 0.00 36.92 0.00 0.00 0.00 0.00 0.00 0.00 0.00 0.00 0.00 0.00 0.00 0.00 0.00 0.00 0.00 0.00 0.00 0.00 74.29 0.00 0.00 0.00 0.00 0.00 0.00 0.00 0.00 0.00 0.00 -84.87 0.00 0.00 0.00 0.00 0.00 0.00 0.00 0.00 0.00 0.00 0.00 0.00 0.00 0.00 0.00 0.00 0.00 0.00 0.00 -96.52 0.00 0.00 0.00 0.00 0.00 0.00 0.00 0.00 0.00 52.36 65.88 0.00 0.00 0.00 0.00 0.00 0.00 0.00 0.00 0.00 98.79 0.00
0.00 0.00 0.00 0.00 0.00 0.00 0.00 0.00 -95.42 0.00 -38.81 0.00 0.00 0.00 0.00 0.00 0.00 0.00 0.00 0.00 0.00 0.00 0.00 0.00 0.00 0.00 0.00 0.00 0.00 0.00 0.00 0.00 0.00 0.00 0.00 0.00 0.00 0.00 0.00 0.00 0.00 0.00 0.00 0.00 0.00 0.00 0.00 -19.14 0.00 0.00 0.00 0.00 0.00 0.00 0.00 0.00 0.00 0.00 0.00 24.24 -12.93 0.00 0.00 0.00 0.00 0.00 0.00 0.00 0.00 0.00 0.00 0.00 0.00 0.00 0.00 0.00 0.00 0.00 -42.40 -45.00 0.00 0.00 0.00 0.00 -38.45 0.00 0.00 0.00 0.00 0.00 0.00 0.00 0.00 0.00 0.00 0.00 39.85 0.00 0.00 41.13
0.00 0.00 0.00 0.00 0.00 0.00 0.00 0.00 0.00 0.00 0.00 0.00 0.00 0.00 0.00 0.00 0.00 0.00 0.00 0.00 0.00 0.00 0.00 0.00 0.00 0.00 -53.38 0.00 0.00 0.00 0.00 0.00 0.00 0.00 0.00 0.00 0.00 0.00 0.00 0.00 0.00 0.00 0.00 0.00 0.00 0.00 0.00 0.00 0.00 0.00 0.00 0.00 0.00 0.00 0.00 0.00 0.00 93.63 0.00 0.00 0.00 0.00 0.00 0.00 0.00 0.00 -97.44 0.00 -63.24 0.00 0.00 0.00 0.00 0.00 5.52 0.00 0.00 0.00 0.00 0.00 0.00 0.00 0.00 0.00 0.00 0.00 -80.57 0.00 0.00 0.00 0.00 0.00 0.00 -11.54 0.00 0.00 49.20 0.00 0.00 0.00
0.00 0.00 0.00 0.00 0.00 0.00 0.00 0.00 0.00 0.00 0.00 0.00 27.13 0.00 0.00 0.00 0.00 0.00 0.00 0.00 0.00 0.00 0.00 0.00 0.00 0.00 0.00 0.00 0.00 0.00 18.61 0.00 0.00 0.00 0.00 0.00 0.00 0.00 0.00 0.00 0.00 0.00 0.00 0.00 0.00 0.00 0.00 0.00 0.00 0.00 -26.45 -22.76 0.00 0.00 0.00 0.00 0.00 0.00 0.00 -51.04 0.00 0.00 0.00 0.00 0.00 0.00 0.00 73.99 0.00 0.00 0.00 0.00 0.00 0.00 -48.63 0.00 0.00 0.00 0.00 0.00 -39.55 0.00 0.00 0.00 0.00 0.00 0.00 0.00 0.00 0.00 0.00 0.00 -73.68 -45.15 0.00 0.00 0.00 0.00 -87.19 0.00
0.00 0.00 0.00 0.00 0.00 0.00 0.00 0.00 0.00 92.20 -9.15 0.00 0.00 0.00 0.00 0.00 0.00 0.00 0.00 0.00 0.00 0.00 0.00 0.00 0.00 0.00 0.00 0.00 0.00 0.00 0.00 0.00 0.00 0.00 0.00 0.00 0.00 -45.40 0.00 0.00 0.00 0.00 0.00 0.00 0.00 0.00 -9.40 0.00 0.00 0.00 0.00 0.00 0.00 71.71 0.00 0.00 0.00 0.00 78.85 0.00 0.00 0.00 0.00 0.00 0.00 0.00 0.00 0.00 0.00 0.00 0.00 0.00 0.00 0.00 0.00 0.00 0.00 77.67 0.00 -70.70 0.00 0.00 0.00 0.00 0.00 0.00 0.00 -28.95 0.00 0.00 0.00 0.00 0.00 0.00 0.00 0.00 0.00 0.00 0.00 0.00
0.00 0.00 0.00 0.00 -60.78 0.00 0.00 0.00 -93.65 0.00 0.00 0.00 0.00 0.00 0.00 0.00 0.00 0.00 0.00 0.00 0.00 0.00 0.00 0.00 0.00 0.00 0.00 0.00 0.00 0.00 0.00 0.00 0.00 0.00 0.00 0.00 0.00 0.00 0.00 0.00 0.00 -87.83 0.00 0.00 0.00 0.00 0.00 0.00 -14.16 0.00 0.00 99.99 0.00 0.00 0.00 0.00 0.00 0.00 0.00 -85.26 0.00 59.81 0.00 0.00 0.00 0.00 0.00 0.00 0.00 0.00 0.00 0.00 0.00 0.00 0.00 0.00 0.00 0.00 0.00 0.00 0.00 0.00 0.00 0.00 0.00 0.00 0.00 0.00 0.00 0.00 0.00 0.00 0.00 42.71 0.00 0.00 -28.62 -51.73 0.00 0.00
0.00 0.00 0.00 0.00 0.00 -8.10 98.51 0.00 66.88 0.00 0.00 0.00 0.00 0.00 0.00 0.00 0.00 0.00 0.00 0.00 0.00 0.00 0.00 0.00 0.00 0.00 0.00 0.00 0.00 0.00 0.00 0.00 0.00 65.45 0.00 0.00 0.00 0.00 0.00 0.00 0.00 0.00 0.00 0.00 0.00 0.00 0.00 0.00 0.00 0.00 0.00 0.00 0.00 0.00 0.00 0.00 0.00 0.00 0.00 0.00 0.00 0.00 0.00 0.00 0.00 0.00 0.00 0.00 0.00 0.00 0.00 0.00 0.00 0.00 0.00 0.00 0.00 0.00 0.00 0.00 0.00 0.00 12.96 0.00 -46.95 0.00 0.00 0.00 0.00 76.64 0.00 0.00 0.00 0.00 0.00 -98.47 0.00 0.00 0.00 0.00
0.00 0.00 0.00 0.00 0.00 0.00 0.00 0.00 0.00 0.00 0.00 0.00 0.00 0.00 0.00 0.00 0.00 50.71 0.00 0.00 0.00 0.00 0.00 0.00 0.00 0.00 0.00 0.00 0.00 -97.05 0.00 0.00 0.00 0.00 0.00 -6.41 0.00 0.00 0.00 0.00 0.00 0.00 0.00 0.00 0.00 0.00 0.00 0.00 0.00 0.00 0.00 0.00 -99.28 0.00 0.00 -67.64 0.00 0.00 0.00 84.44 0.00 0.00 0.00 0.00 0.00 0.00 0.00 0.00 0.00 0.00 0.00 0.00 -44.67 0.00 0.00 0.00 0.00 0.00 22.96 0.00 0.00 0.00 0.00 0.00 0.00 0.00 0.00 0.00 0.00 0.00 0.00 93.35 0.00 0.00 0.00 0.00 0.00 0.00 0.00 0.00
0.00 0.00 -28.62 0.00 0.00 0.00 0.00 0.00 0.00 0.00 0.00 0.00 37.83 0.00 0.00 0.00 0.00 0.00 0.00 0.00 0.00 -77.36 0.00 0.00 0.00 42.43 0.00 0.00 0.00 0.00 0.00 0.00 0.00 0.00 0.00 0.00 0.00 0.00 0.00 0.00 0.00 0.00 -85.75 0.00 0.00 0.00 0.00 0.00 0.00 0.00 0.00 0.00 0.00 0.00 0.00 0.00 -33.79 0.00 0.00 0.00 0.00 0.00 0.00 91.82 0.00 0.00 0.00 0.00 0.00 0.00 0.00 0.00 0.00 0.00 0.00 0.00 0.00 0.00 0.00 0.00 0.00 0.00 0.00 0.00 0.00 0.00 0.00 0.00 0.00 0.00 0.00 0.00 0.00 0.00 37.30 0.00 0.00 3.40 0.00 0.00
0.00 0.00 0.00 0.00 0.00 0.00 0.00 0.00 0.00 -56.24 0.00 0.00 0.00 0.00 0.00 0.00 0.00 0.00 0.00 0.00 0.00 0.00 0.00 0.00 0.00 0.00 0.00 0.00 0.00 0.00 0.00 0.00 0.00 0.00 0.00 0.00 0.00 0.00 0.00 0.00 0.00 -2.89 0.00 -53.90 0.00 0.00 0.00 0.00 15.14 0.00 0.00 0.00 0.00 0.00 0.00 0.00 0.00 0.00 0.00 0.00 0.00 0.00 0.00 0.00 0.00 0.00 0.00 0.00 0.00 0.00 0.00 82.59 0.00 0.00 0.00 0.00 0.00 0.00 0.00 0.00 0.00 0.00 0.00 0.00 0.00 0.00 0.00 0.00 0.00 0.00 0.00 0.00 0.00 0.00 0.00 0.00 0.00 0.00 0.00 0.00
0.00 0.00 0.00 0.00 0.00 0.00 38.00 0.00 0.00 0.00 0.00 0.00 0.00 0.00 0.00 0.00 0.00 0.00 50.86 0.00 0.00 86.67 0.00 40.65 0.00 0.00 0.00 0.00 1.02 0.00 0.00 0.00 0.00 -23.08 0.00 0.00 0.00 0.00 0.00 0.00 0.00 0.00 0.00 0.00 0.00 0.00 0.00 54.49 0.00 0.00 0.00 0.00 0.00 0.00 0.00 0.00 0.00 0.00 0.00 0.00 0.00 0.00 0.00 0.00 0.00 0.00 0.00 0.00 0.00 0.00 2.55 0.00 0.00 -35.16 94.65 0.00 0.00 0.00 0.00 0.00 0.00 0.00 0.00 96.14 0.00 0.00 0.00 0.00 0.00 -34.44 0.00 0.00 0.00 0.00 0.00 0.00 0.00 -73.00 0.00 0.00
0.00 0.00 0.00 0.00 0.00 0.00 0.00 0.00 0.00 0.00 0.00 0.00 0.00 0.00 0.00 0.00 0.00 0.00 0.00 0.00 0.00 0.00 0.00 0.00 80.58 0.00 58.10 87.17 0.00 73.92 0.00 0.00 -70.53 0.00 0.00 0.00 0.00 0.00 0.00 62.21 0.00 0.00 0.00 0.00 0.00 0.00 0.00 0.00 0.00 -66.23 0.00 0.00 0.00 0.00 0.00 0.00 0.00 0.00 0.00 0.00 -90.89 76.46 -0.02 0.00 0.00 0.00 0.00 0.00 0.00 0.00 0.00 0.00 0.00 0.00 0.00 0.00 0.00 0.00 0.00 -99.08 0.00 0.00 13.76 0.00 0.00 0.00 0.00 0.00 0.00 0.00 0.00 0.00 0.00 0.00 -59.42 0.00 0.00 0.00 0.00 -55.32
0.00 0.00 0.00 0.00 -51.93 0.00 0.00 0.00 -13.32 0.00 0.00 0.00 0.00 0.00 0.00 0.00 0.00 0.00 0.00 0.00 0.00 0.00 0.00 0.00 0.00 0.00 0.00 0.00 0.00 0.00 0.00 0.00 0.00 0.00 59.82 0.00 0.00 0.00 -32.14 -75.33 0.00 0.00 0.00 47.88 0.00 0.00 0.00 0.00 0.00 0.00 0.00 0.00 0.00 -8.27 0.00 0.00 0.00 0.00 0.00 0.00 0.00 0.00 0.00 0.00 0.00 0.00 -97.48 0.00 0.00 0.00 0.00 -51.11 0.00 0.00 0.00 0.00 0.00 0.00 0.00 0.00 0.00 0.00 0.00 0.00 68.66 0.00 0.00 0.00 0.00 0.00 0.00 0.00 0.00 0.00 0.00 0.00 57.01 0.00 0.00 0.00
0.00 0.00 0.00 0.00 0.00 0.00 51.44 0.00 0.00 0.00 0.00 0.00 -66.51 0.00 0.00 51.65 0.00 0.00 0.00 0.00 0.00 0.00 0.00 84.79 0.00 36.26 0.00 0.00 0.00 0.00 0.00 0.00 -84.14 0.00 0.00 0.00 65.36 0.00 0.00 -5.64 0.00 0.00 0.00 0.00 -59.77 0.00 0.00 76.48 0.00 0.00 0.00 0.00 0.00 0.00 0.00 0.00 0.00 0.00 0.00 0.00 23.83 0.00 -97.57 0.00 0.00 0.00 -89.76 0.00 0.00 0.00 0.00 0.00 0.00 0.00 0.00 32.94 0.00 0.00 0.00 -83.90 47.43 71.07 0.00 0.00 29.86 0.00 0.00 88.01 0.00 0.00 0.00 0.00 0.00 0.00 0.00 0.00 0.00 0.00 0.00 0.00
-84.26 0.00 0.00 0.00 0.00 0.00 0.00 0.00 -84.87 11.89 0.00 0.00 0.00 -87.23 0.00 0.00 0.00 0.00 0.00 -17.01 0.00 0.00 0.00 36.56 60.65 0.00 0.00 0.00 0.00 0.00 0.00 0.00 0.00 -88.08 0.00 0.00 0.00 0.00 0.00 0.00 0.00 0.00 0.00 0.00 76.29 0.00 0.00 0.00 -90.46 0.00 0.00 0.00 0.00 0.00 0.00 0.00 0.00 0.00 0.00 0.00 0.00 0.00 0.00 0.00 0.00 0.00 0.00 0.00 0.00 0.00 0.00 0.00 0.00 0.00 0.00 0.00 0.00 0.00 80.58 0.00 70.50 0.00 0.00 0.00 0.00 0.00 0.00 0.00 0.00 0.00 0.00 0.00 0.00 98.19 0.00 0.00 -48.73 0.00 0.00 0.00
0.00 0.00 0.00 0.00 0.00 0.00 0.00 0.00 0.00 0.00 0.00 0.00 0.00 59.36 0.00 0.00 0.00 0.00 0.00 0.00 0.00 0.00 0.00 0.00 0.00 0.00 0.00 82.97 0.00 0.00 0.00 0.00 0.00 0.00 0.00 0.00 0.00 0.00 0.00 0.00 0.00 0.00 0.00 0.00 0.00 0.00 0.00 0.00 87.54 0.00 0.00 0.00 0.00 0.00 0.00 0.00 75.22 0.00 0.00 0.00 0.00 0.00 0.00 0.00 0.00 0.00 0.00 0.00 0.00 0.00 0.00 0.00 0.00 0.00 0.00 0.00 48.32 0.00 0.00 0.00 0.00 0.00 19.10 0.00 0.00 0.00 -47.35 0.00 0.00 0.00 0.00 62.01 0.00 0.00 0.00 0.00 0.00 0.00 0.00 0.00
-19.87 0.00 0.00 0.00 0.00 0.00 0.00 0.00 0.00 -44.91 0.00 0.00 0.00 0.00 0.00 0.00 0.00 0.00 0.00 0.00 0.00 0.00 0.00 0.00 0.00 0.00 0.00 0.00 0.00 72.25 0.00 0.00 0.00 0.00 0.00 0.00 0.00 0.00 0.00 0.00 0.00 0.00 0.00 0.00 0.00 0.00 0.00 0.00 0.00 0.00 0.00 0.00 0.00 0.00 0.00 0.00 0.00 0.00 0.00 0.00 0.00 0.00 0.00 0.00 0.00 -49.72 0.00 -28.81 0.00 0.00 56.89 0.00 0.00 0.00 0.00 0.00 0.00 0.00 0.00 0.00 0.00 0.00 0.00 0.00 0.00 0.00 0.00 0.00 0.00 0.00 0.00 0.00 0.00 0.00 0.00 0.00 0.00 0.00 0.00 0.00
0.00 0.00 0.00 0.00 0.00 0.00 -78.66 0.00 0.00 0.00 0.00 0.00 0.00 0.00 0.00 0.00 0.00 0.00 0.00 -61.75 0.00 0.00 0.00 0.00 0.00 0.00 44.89 0.00 0.00 0.00 0.00 0.00 0.00 0.00 0.00 0.00 0.00 0.00 0.00 -62.91 0.00 -9.41 0.00 0.00 0.00 -43.22 0.00 0.00 0.00 0.00 -12.93 0.00 0.00 0.00 0.00 0.00 0.00 0.00 0.00 0.00 -89.22 0.00 0.00 0.00 0.00 0.00 0.00 -69.46 0.00 0.00 0.00 0.00 0.00 0.00 0.00 0.00 0.00 0.00 0.00 0.00 0.00 0.00 0.00 0.00 0.00 0.00 -52.29 0.00 0.00 0.00 0.00 0.00 0.00 0.00 0.00 0.00 0.00 0.00 0.00 0.00
0.00 0.00 0.00 0.00 0.00 0.00 0.00 0.00 0.00 0.00 0.00 -77.30 -55.96 0.00 0.00 0.00 0.00 -5.54 0.00 0.00 0.00 0.00 0.00 0.00 0.00 0.00 0.00 0.00 0.00 0.00 -59.51 0.00 0.00 0.00 0.00 0.00 0.00 0.00 0.00 0.00 -85.47 0.00 0.00 0.00 0.00 0.00 0.00 0.00 0.00 0.00 0.00 0.00 0.00 0.00 0.00 0.00 0.00 0.00 0.00 -7.35 0.00 0.00 0.00 0.00 0.00 0.00 0.00 -8.24 0.00 0.00 0.00 0.00 0.00 0.00 0.00 0.00 0.00 0.00 0.00 0.00 73.89 12.82 0.00 0.00 0.00 0.00 16.50 0.00 0.00 0.00 86.31 -1.65 0.00 0.00 0.00 0.00 0.00 0.00 0.00 0.00
0.00 0.00 0.00 0.00 0.00 0.00 0.00 0.00 0.00 0.00 0.00 0.00 0.00 0.00 0.00 0.00 0.00 0.00 -64.41 0.00 0.00 0.00 0.00 0.00 0.00 0.00 0.00 0.00 0.00 0.00 0.00 0.00 0.00 0.00 0.00 0.00 0.00 0.00 0.00 0.00 0.00 0.00 0.00 0.00 0.00 -61.04 0.00 0.00 0.00 0.00 0.00 0.00 -39.65 0.00 15.73 0.00 0.00 0.00 0.00 0.00 0.00 0.00 0.00 0.00 0.00 31.26 0.00 0.00 0.00 0.00 0.00 0.00 0.00 0.00 0.00 0.00 0.00 0.00 0.00 0.00 0.00 0.00 0.00 0.00 0.00 0.00 0.00 0.00 0.00 0.00 0.00 0.00 0.00 0.00 0.00 0.00 0.00 0.00 0.00 0.00
0.00 0.00 0.00 0.00 0.00 0.00 0.00 0.00 0.00 0.00 -67.41 0.00 0.00 0.00 66.01 0.00 0.00 0.00 0.00 0.00 -60.35 0.00 0.00 0.00 0.00 -73.32 0.00 0.00 0.00 0.00 0.00 0.00 0.00 0.00 0.00 87.35 0.00 0.00 0.00 0.00 15.11 0.00 0.00 0.00 0.00 0.00 0.00 0.00 0.00 0.00 0.00 0.00 0.00 0.00 0.00 0.00 0.00 0.00 0.00 0.00 0.00 0.00 0.00 0.00 0.00 0.00 0.00 0.00 0.00 -91.22 0.00 0.00 -38.36 0.00 0.00 0.00 0.00 0.00 0.00 0.00 0.00 0.00 0.00 0.00 0.00 0.00 0.00 0.00 0.00 0.00 0.00 0.00 0.00 0.00 0.00 0.00 0.00 0.00 0.00 0.00
0.00 0.00 0.00 0.00 0.00 0.00 0.00 0.00 0.00 0.00 0.00 0.00 0.00 0.00 0.00 0.00 0.00 0.00 0.00 0.00 0.00 0.00 0.00 0.00 0.00 0.00 0.00 0.00 0.00 0.00 0.00 0.00 0.00 0.00 0.00 0.00 0.00 0.00 0.00 0.00 0.00 0.00 -57.10 0.00 0.00 0.00 2.77 0.00 0.00 0.00 0.00 0.00 0.00 0.00 85.92 0.00 0.00 0.00 0.00 -46.32 0.00 0.00 0.00 0.00 0.00 0.00 0.00 0.00 0.00 0.00 0.00 0.00 0.00 0.00 0.00 0.00 0.00 0.00 0.00 0.00 0.00 0.00 70.52 0.00 0.00 0.00 0.00 0.00 0.00 -66.37 0.00 0.00 0.00 0.00 0.00 0.00 0.00 0.00 13.59 0.00
0.00 0.00 0.00 0.00 0.00 0.00 0.00 0.00 0.00 0.00 0.00 0.00 0.00 0.00 0.00 0.00 0.00 0.00 0.00 0.00 -85.45 0.00 0.00 0.00 0.00 0.00 0.00 65.30 0.00 0.00 54.08 0.00 0.00 0.00 0.00 0.00 0.00 0.00 0.00 0.00 0.00 0.00 0.00 0.00 0.00 0.00 0.00 0.00 0.00 0.00 0.00 0.00 0.00 0.00 0.00 0.00 0.00 0.00 0.00 0.00 0.00 0.00 0.00 0.00 0.00 0.00 0.00 -33.70 0.00 0.00 0.00 0.00 0.00 0.00 0.00 0.00 0.00 0.00 0.00 0.00 0.00 0.00 0.00 0.00 -42.06 0.00 0.00 0.00 0.00 0.00 0.00 0.00 0.00 0.00 0.00 0.00 0.00 0.00 0.00 0.00
0.00 0.00 -16.95 0.00 0.00 0.00 0.00 0.00 0.00 0.00 0.00 -59.82 0.00 0.00 0.00 0.00 0.00 0.00 0.00 0.00 0.00 0.00 0.00 0.00 0.00 0.00 0.00 0.00 0.00 0.00 -92.03 0.00 0.00 0.00 0.00 99.55 0.00 0.00 0.00 0.00 0.00 0.00 -36.30 0.00 0.00 0.00 0.00 6.32 0.00 0.00 0.00 0.00 0.00 -64.86 0.00 0.00 39.87 0.00 0.00 0.00 0.00 0.00 0.00 0.00 0.00 0.00 0.00 0.00 0.00 0.00 0.00 0.00 0.00 0.00 0.00 0.00 0.00 0.00 0.00 0.00 0.00 0.00 0.00 0.00 0.00 0.00 0.00 0.00 0.00 0.00 0.00 0.00 0.00 0.00 0.00 0.00 0.00 0.00 0.00 0.00
0.00 0.00 0.00 0.00 0.00 0.00 0.00 0.00 0.00 0.00 66.67 0.00 0.00 0.00 0.00 0.00 88.08 0.00 0.00 0.00 0.00 0.00 0.00 0.00 0.00 0.00 0.00 0.00 8.33 0.00 0.00 0.00 0.00 0.00 0.00 0.00 0.00 0.00 0.00 0.00 0.00 0.00 -63.54 0.00 0.00 0.00 91.29 0.00 0.00 0.00 0.00 0.00 0.00 0.00 0.00 0.00 0.00 0.00 0.00 0.00 0.00 0.00 0.00 0.00 0.00 0.00 0.00 0.00 0.00 0.00 0.00 0.00 0.00 0.00 85.19 0.00 0.00 0.00 0.00 0.00 0.00 0.00 0.00 0.00 0.00 0.00 0.00 0.00 0.00 0.00 0.00 0.00 0.00 0.00 0.00 0.00 0.00 0.00 0.00 0.00
0.00 0.00 0.00 0.00 -36.85 0.00 -84.17 0.00 0.00 0.00 0.29 0.00 0.00 0.00 0.00 0.00 0.00 0.00 0.00 0.00 0.00 0.00 0.00 0.00 0.00 0.00 0.00 0.00 0.00 0.00 0.00 -28.07 0.00 0.00 0.00 0.00 0.00 0.00 0.00 0.00 -22.52 0.00 80.40 0.00 0.00 0.00 0.00 0.00 0.00 0.00 0.00 0.00 0.00 0.00 0.00 74.70 0.00 0.00 0.00 0.00 0.00 0.00 -36.61 0.00 0.00 0.00 0.00 0.00 0.00 0.00 0.00 0.00 0.00 0.00 0.00 0.00 -65.93 0.00 0.00 0.00 0.00 0.00 0.00 0.00 0.00 0.00 0.00 0.00 0.00 0.00 0.00 0.00 0.00 45.21 34.23 0.00 0.00 0.00 0.00 0.00
0.00 0.00 0.00 0.00 0.00 0.00 0.00 0.00 0.00 0.00 0.00 0.00 0.00 0.00 0.00 0.00 0.00 84.87 0.00 0.00 0.00 0.00 0.00 0.00 0.00 0.00 0.00 0.00 0.00 96.98 0.00 0.00 0.00 0.00 0.00 0.00 0.00 0.00 0.00 0.00 -0.47 0.00 0.00 0.00 0.00 0.00 0.00 0.00 0.00 0.00 0.00 0.00 0.00 0.00 0.00 0.00 0.00 0.00 38.95 0.00 0.00 0.00 0.00 -36.73 0.00 0.00 0.00 0.00 0.00 0.00 94.68 0.00 -78.01 0.00 0.00 0.00 0.00 0.00 0.00 40.66 0.00 0.00 0.00 0.00 0.00 0.00 0.00 0.00 0.00 0.00 0.00 0.00 -97.36 0.00 0.00 0.00 -41.26 -95.65 0.00 0.00
46.17 31.09 0.00 0.00 0.00 0.00 0.00 0.00 0.00 0.00 0.00 0.00 0.00 0.00 81.43 0.00 0.00 0.00 0.00 0.00 0.00 0.00 0.00 0.00 0.00 0.00 0.00 12.83 19.16 0.00 0.00 0.00 0.00 -10.25 0.00 0.00 0.00 0.00 0.00 0.00 0.00 0.00 0.00 0.00 0.00 0.00 49.30 0.00 0.00 0.00 0.00 10.44 0.00 0.00 0.00 12.14 -50.35 0.00 0.00 0.00 0.00 26.28 0.00 0.00 0.00 0.00 0.00 0.00 0.00 0.00 0.00 0.00 0.00 0.00 0.00 0.00 0.00 0.00 0.00 0.00 0.00 0.00 0.00 0.00 0.00 0.00 0.00 0.00 0.00 0.00 0.00 0.00 0.00 0.00 0.00 0.00 0.00 0.00 0.00 0.00
0.00 0.00 0.00 0.00 0.00 0.00 0.00 0.00 0.00 0.00 0.00 -87.58 0.00 0.00 0.00 0.00 0.00 0.00 0.00 0.00 0.00 0.00 0.00 0.00 0.00 0.00 0.00 0.00 0.00 0.00 0.00 0.00 0.00 21.58 0.00 0.00 0.00 0.00 0.00 0.00 0.00 -59.04 0.00 0.00 0.00 0.00 0.00 0.00 0.00 0.00 0.00 0.00 0.00 0.00 0.00 0.00 0.00 0.00 0.00 0.00 0.00 0.00 0.00 0.00 0.00 0.00 -69.98 0.00 0.00 0.00 0.00 0.00 0.00 0.00 33.48 0.00 0.00 0.00 0.00 0.00 0.00 0.00 0.00 0.00 0.00 0.00 0.00 0.00 41.56 0.00 0.00 0.00 0.00 0.00 0.00 0.00 0.00 0.00 0.00 0.00
0.00 0.00 0.00 0.00 0.00 1.30 15.89 0.00 0.00 0.00 0.00 0.00 0.00 13.00 0.00 0.00 0.00 0.00 0.00 -13.83 0.00 0.00 0.00 0.00 0.00 0.00 0.00 12.86 0.00 0.00 0.00 0.00 0.00 0.00 0.00 0.00 0.00 0.00 0.00 -87.48 0.00 0.00 0.00 0.00 0.00 0.00 0.00 0.00 0.00 0.00 0.00 -37.68 0.00 0.00 0.00 0.00 0.00 0.00 0.00 0.00 0.00 76.13 -55.60 -15.69 0.00 0.00 0.00 0.00 0.00 0.00 0.00 0.00 0.00 0.00 0.00 0.00 0.00 0.00 0.00 0.00 0.00 0.00 0.00 0.00 0.00 0.00 0.00 0.00 0.00 54.00 0.00 0.00 0.00 0.00 0.00 0.00 0.00 0.00 0.00 0.00
0.00 0.00 0.00 -15.74 0.00 0.00 0.00 0.00 0.00 80.26 0.00 95.56 0.00 0.00 0.00 0.00 0.00 0.00 0.00 0.00 -69.58 0.00 0.00 11.35 0.00 76.99 0.00 0.00 0.00 0.00 0.00 0.00 43.26 0.00 0.00 0.00 0.00 0.00 0.00 0.00 0.00 -69.50 0.00 3.94 29.76 0.00 0.00 0.00 0.00 0.00 0.00 0.00 0.00 0.00 0.00 78.16 0.00 0.00 0.00 0.00 0.00 0.00 0.00 0.00 0.00 0.00 0.00 0.00 0.00 0.00 0.00 0.00 0.00 0.00 0.00 0.00 0.00 0.00 0.00 0.00 0.00 0.00 0.00 0.00 0.00 0.00 0.00 0.00 0.00 0.00 0.00 0.00 0.00 0.00 0.00 0.00 0.00 0.00 0.00 -83.92
0.00 0.00 -83.39 0.00 41.64 0.00 0.00 0.00 0.00 0.00 0.00 0.00 -34.29 0.00 0.00 0.00 38.19 0.00 0.00 82.60 0.00 0.00 -4.26 0.00 0.00 0.00 0.00 0.00 0.00 0.00 0.00 0.00 0.00 0.00 0.00 0.00 0.00 0.00 0.00 0.00 0.00 0.00 0.00 0.00 0.00 0.00 8.87 0.00 0.00 0.00 0.00 0.00 0.00 0.00 0.00 0.00 0.00 0.00 0.00 0.00 0.00 0.00 0.00 0.00 61.36 0.00 0.00 0.00 0.00 0.00 0.00 0.00 0.00 0.00 97.04 0.00 0.00 0.00 0.00 0.00 0.00 0.00 0.00 0.00 0.00 -38.04 0.00 -25.65 0.00 0.00 0.00 0.00 0.00 0.00 0.00 0.00 0.00 0.00 0.00 0.00
0.00 20.41 0.00 0.00 0.00 0.00 0.00 74.83 0.00 0.00 0.00 0.00 24.08 0.00 82.73 0.00 0.00 0.00 0.00 0.00 0.00 0.00 0.00 0.00 0.00 0.00 0.00 0.00 0.00 88.16 0.00 0.00 -94.31 0.00 0.00 0.00 0.00 0.00 0.00 0.00 0.00 0.00 0.00 4.24 0.00 0.00 0.00 79.36 0.00 0.00 0.00 0.00 0.00 0.00 0.00 0.00 0.00 0.00 0.00 0.00 0.00 -10.05 0.00 0.00 0.00 0.00 0.00 -15.50 0.00 0.00 0.00 0.00 0.00 0.00 0.00 0.00 0.00 0.00 0.00 0.00 0.00 0.00 0.00 0.00 0.00 0.00 0.00 74.92 0.00 0.00 0.00 0.00 0.00 0.00 0.00 0.00 0.00 0.00 0.00 0.00
0.00 0.00 0.00 0.00 0.00 0.00 0.00 0.00 0.00 0.00 0.00 0.00 0.00 0.00 57.58 0.00 95.85 0.00 0.00 0.00 0.00 0.00 0.00 0.00 0.00 51.90 0.00 0.00 0.00 0.00 0.00 0.00 0.00 0.00 0.00 0.00 0.00 38.04 0.00 0.00 0.00 0.00 0.00 -36.45 0.00 -6.96 0.00 0.00 0.00 0.00 0.00 0.00 -32.21 0.00 -21.09 0.00 0.00 0.00 0.00 0.00 0.00 0.00 0.00 0.00 0.00 0.00 0.00 0.00 0.00 46.33 -15.60 0.00 0.00 -79.46 0.00 0.00 0.00 0.00 0.00 0.00 0.00 0.00 0.00 0.00 -87.96 0.00 0.00 0.00 0.00 0.00 0.00 0.00 0.00 0.00 0.00 0.00 0.00 0.00 0.00 0.00
0.00 0.00 0.00 0.00 -40.21 0.00 0.00 0.00 0.00 0.00 0.00 0.00 0.00 0.00 0.00 0.00 0.00 0.00 -59.66 0.00 44.99 0.00 -94.14 0.00 -61.09 0.00 0.00 0.00 0.00 0.00 0.00 0.00 0.00 0.00 0.00 0.00 0.00 0.00 0.00 0.00 0.00 0.00 79.23 0.00 0.00 0.00 0.00 0.00 0.00 0.00 0.00 0.00 0.00 0.00 0.00 0.00 0.00 0.00 -32.17 13.26 0.00 0.00 0.00 -0.36 0.00 -20.14 0.00 0.00 0.00 0.00 0.00 0.00 0.00 0.00 0.00 0.00 -25.45 0.00 0.00 -17.64 0.00 0.00 5.22 0.00 0.00 0.00 0.00 0.00 -19.76 0.00 0.00 0.00 0.00 0.00 0.00 0.00 0.00 0.00 0.00 86.61
0.00 0.00 0.00 0.00 0.00 0.00 0.00 0.00 0.00 0.00 0.00 0.00 0.00 0.00 -15.42 0.00 0.00 0.00 0.00 0.00 0.00 -92.61 0.00 0.00 0.00 0.00 0.00 0.00 0.00 0.00 0.00 0.00 0.00 -28.90 0.00 0.00 0.00 0.00 0.00 0.00 0.00 0.00 0.00 0.00 0.00 -40.51 0.00 0.00 0.00 0.00 0.00 0.00 -97.83 0.00 0.00 0.00 0.00 0.00 0.00 0.00 0.00 0.00 4.15 0.00 0.00 0.00 0.00 0.00 0.00 0.00 0.00 0.00 0.00 0.00 0.00 0.00 0.00 0.00 0.00 0.00 0.00 0.00 0.00 0.00 0.00 0.00 0.00 0.00 0.00 0.00 0.00 -51.41 0.00 0.00 0.00 0.00 0.00 0.00 40.22 0.00
0.00 0.00 0.00 0.00 0.00 -95.10 41.63 0.00 0.00 -54.79 -16.18 0.00 0.00 0.00 -12.04 0.00 0.00 0.00 0.00 0.00 0.00 0.00 0.00 0.00 0.00 0.00 0.00 66.83 0.00 0.00 0.00 0.00 0.00 41.57 0.00 0.00 0.00 0.00 0.00 0.00 0.00 0.00 0.00 0.00 0.00 0.00 0.00 0.00 0.00 0.00 0.00 0.00 37.21 0.00 0.00 0.00 -36.18 0.00 0.00 0.00 0.00 0.00 0.00 81.92 0.00 0.00 0.00 0.00 0.00 0.00 0.00 0.00 19.40 0.00 0.00 0.00 0.00 0.00 0.00 0.00 0.00 0.00 0.00 0.00 0.00 0.00 0.00 -30.31 -79.18 0.00 0.00 0.00 0.00 0.00 0.00 0.00 0.00 0.00 -1.38 0.00
74.73 0.00 0.00 0.00 0.00 0.00 0.00 0.00 0.00 0.00 0.00 0.00 0.00 0.00 0.00 0.00 0.00 0.00 0.00 0.00 0.00 71.29 0.00 0.00 0.00 0.00 0.00 0.00 0.00 0.00 0.00 0.00 0.00 98.26 0.00 0.00 0.00 0.00 0.00 0.00 0.00 0.00 0.00 0.00 -45.42 0.00 0.00 0.00 0.00 0.00 0.00 0.00 0.00 0.00 0.00 0.00 0.00 0.00 0.00 0.00 -16.96 0.00 0.00 0.00 0.00 -19.38 59.80 0.00 0.00 0.00 0.00 0.00 0.00 0.00 0.00 0.00 0.00 -99.52 0.00 0.00 0.00 0.00 0.00 0.00 0.00 4.43 0.00 0.00 0.00 0.00 0.00 0.00 0.00 0.00 0.00 0.00 0.00 0.00 0.00 0.00
0.00 0.00 0.00 0.00 0.00 0.00 0.00 0.00 0.00 0.00 0.00 0.00 0.00 0.00 -18.42 0.00 0.00 0.00 0.00 -54.92 0.00 0.00 0.00 0.00 0.00 0.00 0.00 0.00 0.00 0.00 0.00 0.00 0.00 0.00 0.00 0.00 0.00 0.00 0.00 0.00 0.00 0.00 0.00 0.00 0.00 0.00 0.00 0.00 0.00 0.00 0.00 0.00 0.00 0.00 0.00 0.00 -87.27 0.00 0.00 0.00 0.00 0.00 0.00 0.00 0.00 0.00 0.00 0.00 41.07 0.00 0.00 0.00 0.00 -52.74 0.00 0.00 16.88 0.00 0.00 0.00 0.00 0.00 89.66 0.00 0.00 0.00 0.00 0.00 0.00 0.00 0.00 0.00 87.48 0.00 21.78 0.00 0.00 68.50 0.00 0.00
0.00 0.00 0.00 0.00 0.00 0.00 0.00 0.00 0.00 0.00 0.00 0.00 -67.32 0.00 0.00 0.00 0.00 0.00 0.00 0.00 0.00 0.00 0.00 0.00 0.00 -57.20 0.00 0.00 0.00 -6.34 0.00 0.00 0.00 0.00 0.00 99.51 0.00 0.00 0.00 0.00 0.00 0.00 84.38 0.00 0.00 0.00 0.00 0.00 0.00 0.00 0.00 0.00 0.00 0.00 0.00 0.00 0.00 0.00 0.00 0.00 -69.14 0.00 0.00 0.00 0.00 0.00 0.00 0.00 0.00 0.00 0.00 0.00 0.00 0.00 0.00 0.00 0.00 0.00 0.00 0.00 0.00 0.00 0.00 0.00 0.00 0.00 0.00 0.00 0.00 0.00 0.00 0.00 0.00 0.00 -36.67 0.00 0.00 0.00 0.00 -96.51
87.47 0.00 0.00 0.00 0.00 70.23 0.00 0.00 -38.48 0.00 0.00 0.00 0.00 -13.92 0.00 0.00 0.00 0.00 0.00 0.00 0.00 0.00 0.00 0.00 0.00 82.16 0.00 0.00 0.00 0.00 0.00 0.00 -29.99 0.00 -15.66 0.00 0.00 0.00 0.00 0.00 0.00 0.00 0.00 0.00 0.00 0.00 0.00 0.00 0.00 0.00 0.00 0.00 0.00 0.00 0.00 0.00 0.00 0.00 0.00 0.00 0.00 0.00 0.00 0.00 0.00 0.00 0.00 0.00 0.00 0.00 0.00 0.00 -63.27 53.06 0.00 0.00 0.00 0.00 0.00 0.00 0.00 -97.84 0.00 0.00 0.00 0.00 0.00 0.00 0.00 0.00 0.00 0.00 0.00 0.00 0.00 0.00 0.00 0.00 0.00 0.00
0.00 0.00 0.00 0.00 0.00 0.00 0.00 -66.27 0.00 0.00 0.00 0.00 0.00 0.00 0.00 0.00 0.00 0.00 0.00 0.00 0.00 0.00 0.00 0.00 53.54 0.00 0.00 0.00 0.00 0.00 0.00 0.00 0.00 0.00 0.00 6.59 0.00 0.00 15.32 0.00 0.00 0.00 0.00 0.00 0.00 0.00 0.00 0.00 0.00 0.00 0.00 0.00 0.00 0.00 0.00 98.63 0.00 0.00 0.00 0.00 0.00 19.32 0.00 0.00 0.00 0.00 -6.41 0.00 0.00 0.00 0.00 0.00 0.00 0.00 0.00 0.00 0.00 0.00 0.00 0.00 -16.91 0.00 0.00 0.00 0.00 -26.60 0.00 0.00 0.00 0.00 0.00 0.00 0.00 0.00 0.00 0.00 0.00 0.00 0.00 -16.75
0.00 -29.44 0.00 0.00 0.00 0.00 0.00 0.00 0.00 0.00 0.00 0.00 0.00 0.00 0.00 -67.62 0.00 0.00 0.00 0.00 0.00 0.00 0.00 0.00 0.00 0.00 0.00 -11.05 0.00 0.00 0.00 0.00 0.00 0.00 0.00 0.00 0.00 0.00 0.00 0.00 40.45 0.00 0.00 0.00 0.00 0.00 -24.81 0.00 0.00 0.00 0.00 82.61 0.00 77.17 0.00 -3.23 0.00 0.00 0.00 0.00 0.00 -49.33 0.00 0.00 0.00 0.00 0.00 0.00 -22.30 0.00 0.00 0.00 0.00 0.00 0.00 0.00 0.00 0.00 0.00 0.00 0.00 0.00 0.00 0.00 0.00 0.00 0.00 0.00 0.00 0.00 0.00 0.00 0.00 0.00 0.00 0.00 0.00 0.00 0.00 0.00
0.00 0.26 0.00 0.00 0.00 0.00 0.00 0.00 0.00 0.00 0.00 -61.87 0.00 0.00 0.00 0.00 0.00 0.00 0.00 0.00 0.00 0.00 0.00 -52.08 0.00 0.00 0.00 0.00 0.00 98.99 0.00 0.00 0.00 0.00 0.00 0.00 0.00 0.00 0.00 0.00 24.21 0.00 0.00 0.00 0.00 0.00 0.00 0.00 0.00 0.00 0.00 0.00 0.00 0.00 0.00 0.00 0.00 0.00 0.00 0.00 0.00 0.00 0.00 0.00 -69.93 0.00 0.00 -31.01 0.00 0.00 0.00 -54.25 0.00 0.00 0.00 0.00 0.00 0.00 0.00 0.00 0.00 0.00 0.00 0.00 0.00 0.00 0.00 0.00 0.00 0.00 0.00 0.00 4.01 -77.96 0.00 0.00 0.00 0.00 0.00 0.00
0.00 0.00 0.00 0.00 0.00 0.00 0.00 0.00 0.00 0.00 0.00 0.00 0.00 0.00 0.00 0.00 0.00 0.00 0.00 0.00 0.00 0.00 0.00 0.00 0.00 0.00 -52.09 0.00 0.00 0.00 0.00 0.00 0.00 0.00 0.00 74.95 0.00 0.00 0.00 0.00 -87.21 0.00 0.00 0.00 0.00 0.00 0.00 0.00 0.00 0.00 0.00 0.00 0.00 0.00 0.00 91.71 0.00 0.00 0.00 27.47 0.00 0.00 0.00 0.00 0.00 0.00 -51.38 0.00 0.00 0.00 0.00 48.23 0.00 0.00 0.00 0.00 0.00 0.00 0.00 0.00 0.00 0.00 0.00 0.00 0.00 0.00 0.00 0.00 0.00 0.00 0.00 0.00 0.00 0.00 0.00 0.00 0.00 0.00 -78.94 0.00
31.71 0.00 0.00 -78.38 0.00 41.52 0.00 0.00 0.00 0.00 0.00 0.00 0.00 0.00 0.00 0.00 0.00 0.00 0.00 0.00 0.00 0.00 0.00 0.00 0.00 -60.53 0.00 0.00 0.00 0.00 0.00 0.00 0.00 0.00 0.00 0.00 0.00 0.00 0.00 0.00 -8.78 0.00 0.00 0.00 0.00 0.00 0.00 0.00 0.00 0.00 0.00 0.00 -69.54 79.92 0.00 0.00 0.00 0.00 0.00 0.00 0.00 0.00 0.00 0.00 0.00 -96.39 0.00 0.00 0.00 -86.94 0.00 0.00 0.00 0.00 0.00 0.00 0.00 0.00 0.00 57.08 0.00 0.00 0.00 0.00 0.00 0.00 0.00 0.00 0.38 0.00 0.00 0.00 0.00 0.00 0.00 0.00 0.00 0.00 0.00 0.00
0.00 0.00 0.00 0.00 0.00 0.00 0.00 0.00 0.00 0.00 0.00 0.00 0.00 0.00 0.00 0.00 0.00 0.00 0.00 0.00 0.00 0.00 0.00 0.94 0.00 0.00 0.00 0.00 -28.02 0.00 0.00 0.00 0.00 0.00 -62.16 0.00 0.00 39.07 0.00 0.00 0.00 0.00 0.00 0.00 0.00 0.00 0.00 19.90 0.00 -63.18 0.00 0.48 87.18 0.00 0.00 0.00 0.00 0.00 0.00 0.00 0.00 0.00 0.00 0.00 0.00 0.00 0.00 0.00 0.00 0.00 0.00 0.00 0.00 0.00 5.81 0.00 0.00 46.24 0.00 0.00 0.00 28.39 0.00 0.00 0.00 0.00 0.00 0.00 0.00 0.00 0.00 0.00 0.00 0.00 0.00 65.07 0.00 -68.65 0.00 0.00
0.00 40.55 0.00 0.00 0.00 0.00 0.00 0.00 0.00 0.00 0.00 0.00 77.86 0.00 0.00 0.00 0.00 -76.94 -31.99 0.00 -36.32 0.00 0.00 0.00 0.00 0.00 -91.51 0.00 0.00 0.00 26.28 0.00 0.00 0.00 0.00 0.00 95.39 0.00 0.00 0.00 0.00 0.00 0.00 0.00 0.00 0.00 0.00 0.00 0.00 0.00 0.00 0.00 0.00 -32.67 0.00 0.00 0.00 0.00 0.00 0.00 0.00 0.00 0.00 0.00 0.00 0.00 0.00 0.00 0.00 0.00 0.00 0.00 0.00 0.00 0.00 0.00 -32.21 0.00 0.00 0.00 -65.15 0.00 0.00 58.55 0.00 0.00 0.00 0.00 0.00 0.00 -1.75 0.00 0.00 0.00 0.00 0.00 0.00 0.00 0.00 -48.03
0.00 0.00 0.00 0.00 0.00 0.00 0.00 0.00 0.00 62.16 48.52 0.00 0.00 0.00 0.00 0.00 0.00 -53.74 0.00 0.00 0.00 0.00 0.00 0.00 0.00 -37.47 0.00 0.00 0.00 0.00 0.00 0.00 0.00 0.00 0.00 0.00 0.00 -50.55 0.00 18.24 0.00 0.00 0.00 0.00 0.00 0.00 0.00 0.00 0.00 0.00 0.00 37.58 0.00 -74.28 0.00 0.00 0.00 0.00 0.00 0.00 0.00 0.00 0.00 0.00 0.00 0.00 0.00 0.00 0.00 0.00 0.00 0.00 0.00 0.00 0.00 0.00 0.00 0.00 0.00 0.00 0.00 0.00 0.00 0.00 0.00 0.00 0.00 0.00 0.00 0.00 0.00 0.00 0.00 0.00 -24.65 0.00 0.00 0.00 0.00 0.00
0.00 0.00 0.00 0.00 0.00 0.00 0.00 0.00 0.00 0.00 0.00 0.00 74.40 0.00 0.00 0.00 0.00 0.00 0.00 0.00 0.00 0.00 0.00 0.00 0.00 0.00 0.00 0.00 0.00 0.00 26.21 0.00 0.00 0.00 0.00 0.00 0.00 0.00 0.00 0.00 0.00 0.00 0.00 0.00 0.00 0.00 0.00 0.00 0.00 0.00 0.00 0.00 0.00 0.00 0.00 0.00 -0.27 0.00 17.41 0.00 -27.56 0.00 0.00 0.00 0.00 0.00 0.00 0.00 0.00 0.00 0.00 0.00 0.00 0.00 -71.88 0.00 0.00 0.00 0.00 0.00 0.00 0.00 0.00 0.00 0.00 0.00 0.00 0.00 0.00 0.00 0.00 0.00 0.00 0.00 0.00 0.00 0.00 0.00 0.00 0.00
-17.53 41.00 0.00 0.00 0.00 -94.13 -2.47 0.00 0.00 0.00 0.00 0.00 0.00 0.00 0.00 0.00 0.00 0.00 0.00 -98.74 0.00 0.00 0.00 0.00 0.00 0.00 0.00 0.00 0.00 0.00 0.00 0.00 0.00 0.00 0.00 0.00 0.00 0.00 0.00 0.00 0.00 0.00 0.00 0.00 0.00 0.00 0.00 0.00 0.00 0.00 0.00 0.00 0.00 0.00 0.00 0.00 0.00 0.00 0.00 0.00 0.00 0.00 0.00 0.00 0.00 -26.12 0.00 0.00 0.00 0.00 0.00 61.21 0.00 0.00 0.00 0.00 0.00 0.00 0.00 0.00 0.00 0.00 0.00 0.00 0.00 0.00 0.00 0.00 0.00 0.00 0.00 0.00 0.00 0.00 0.00 0.00 0.00 0.00 0.00 0.00
0.00 0.00 0.00 0.00 -90.24 0.00 0.00 0.00 0.00 0.00 -62.63 93.80 0.00 0.00 0.00 0.00 0.00 0.00 0.00 0.00 0.00 0.00 0.00 0.00 0.00 0.00 0.00 0.00 0.00 0.00 0.00 0.00 0.00 0.00 0.00 0.00 -22.91 0.00 0.00 0.00 0.00 0.00 5.16 0.00 0.00 -71.36 0.00 0.00 0.00 0.00 0.00 0.00 0.00 0.00 0.00 0.00 0.00 0.00 -27.16 -96.59 17.83 0.00 -65.01 0.00 0.00 89.14 0.00 0.00 0.00 64.09 0.00 0.00 0.00 0.00 0.00 0.00 0.00 0.00 0.00 0.00 0.00 0.00 0.00 0.00 34.73 0.00 0.00 0.00 0.00 0.00 0.00 0.00 0.00 0.00 0.00 0.00 0.00 -61.41 0.00 0.00
0.00 0.00 0.00 0.00 0.00 0.00 -17.68 0.00 0.00 -27.70 0.00 0.00 0.00 0.00 0.00 0.00 0.00 0.00 0.00 0.00 0.00 0.00 0.00 -35.69 0.00 0.00 0.00 0.00 0.00 0.00 0.00 0.00 0.00 0.00 0.00 0.00 0.00 0.00 0.00 0.00 0.00 0.00 57.67 0.00 0.00 0.00 0.00 0.00 0.00 0.00 0.00 0.00 0.00 0.00 -16.10 0.00 0.00 -72.28 0.00 0.00 0.00 -5.39 0.00 0.00 0.00 0.00 0.00 0.00 0.00 0.00 0.00 0.00 0.00 0.00 0.00 0.00 0.00 0.00 0.00 0.00 0.00 0.00 0.00 0.00 0.00 0.00 0.00 0.00 -98.70 0.00 0.00 0.00 0.00 0.00 0.00 0.00 0.00 0.00 0.00 0.00
0.00 0.00 0.00 0.00 0.00 0.00 0.00 0.00 0.00 0.00 0.00 0.00 0.00 0.00 0.00 0.00 0.00 0.00 0.00 0.00 0.00 0.16 0.00 0.00 0.00 22.73 0.00 0.00 0.00 0.00 0.00 0.00 0.00 0.00 0.00 0.00 0.00 0.00 0.00 0.00 0.00 0.00 20.99 0.00 0.00 0.00 0.00 0.00 0.00 0.00 0.00 0.00 0.00 0.00 0.00 0.00 0.00 0.00 0.00 0.00 0.00 0.00 0.00 -21.63 0.00 0.00 0.00 0.00 0.00 0.00 0.00 0.00 0.00 0.00 0.00 0.00 0.00 0.00 0.00 0.00 0.00 0.00 0.00 0.00 65.81 0.00 0.00 0.00 0.00 0.00 0.00 0.00 0.00 0.00 0.00 -81.49 0.00 0.00 -20.37 -23.11
0.00 0.00 0.00 0.00 0.00 0.00 0.00 0.00 0.00 0.00 0.00 0.00 0.00 -83.07 0.00 0.00 0.00 0.00 0.00 0.00 0.00 0.00 0.00 0.00 0.00 -10.61 0.00 0.00 0.00 0.00 14.26 0.00 0.00 -89.28 0.00 0.00 0.00 0.00 0.00 0.00 0.00 0.00 0.00 0.00 0.00 0.00 0.00 0.00 0.00 0.00 0.00 0.00 0.00 -96.32 0.00 0.00 0.00 -80.58 0.00 0.00 0.00 0.00 0.00 0.00 0.00 0.00 0.00 0.00 0.00 0.00 0.00 0.00 0.00 0.00 0.00 0.00 0.00 0.00 0.00 0.00 0.00 0.00 0.00 0.00 0.00 0.00 0.00 0.00 0.00 -60.63 0.00 0.00 0.00 0.00 0.00 0.00 0.00 0.00 0.00 0.00
0.00 0.00 0.00 0.00 0.00 0.00 0.00 0.00 0.00 0.00 0.00 0.00 0.00 0.00 0.00 -23.48 0.00 0.00 -39.96 0.00 0.00 0.00 0.00 94.41 0.00 0.00 0.00 0.00 0.00 0.00 0.00 0.00 0.00 0.00 0.00 48.72 0.00 0.00 0.00 0.00 0.00 0.00 0.00 0.00 0.00 -50.83 0.00 0.00 0.00 0.00 0.00 0.00 0.00 0.00 0.00 0.00 58.49 0.00 0.00 0.00 -16.56 0.00 0.00 0.00 0.00 0.00 24.97 -21.99 0.00 0.00 0.00 0.00 0.00 0.00 0.00 0.00 0.00 0.00 0.00 0.00 0.00 0.00 0.00 0.00 0.00 92.95 0.00 0.00 0.00 0.00 0.00 0.00 0.00 0.00 0.00 0.00 0.00 0.00 0.00 0.00
0.00 0.00 0.00 0.00 0.00 0.00 0.00 -73.51 0.00 0.00 -27.11 -23.16 0.00 0.00 0.00 0.00 0.00 0.00 0.00 0.00 0.00 0.00 0.00 0.00 0.00 0.00 0.00 0.00 0.00 0.00 0.00 0.00 0.00 0.00 0.00 0.00 0.00 0.00 -45.79 0.00 0.00 0.00 0.00 0.00 0.00 0.00 0.00 0.00 0.00 0.00 0.00 0.00 0.00 0.00 0.00 0.00 0.00 0.00 67.50 0.00 0.00 0.00 0.00 0.00 0.00 0.00 0.00 0.00 0.00 0.00 0.00 0.00 0.00 0.00 0.00 0.00 0.00 0.00 0.00 0.00 0.00 0.00 0.00 0.00 0.00 0.00 0.00 0.00 0.00 0.00 0.00 0.00 0.00 0.00 0.00 0.00 0.00 0.00 0.00 0.00
0.00 0.00 15.36 0.00 0.00 91.59 0.00 0.00 0.00 0.00 0.00 27.43 0.00 0.00 0.00 0.00 0.00 0.00 0.00 0.00 0.00 0.00 -63.66 0.00 0.00 -30.05 0.00 -6.77 0.00 0.00 0.00 0.00 0.00 0.00 0.00 0.00 -7.94 0.00 0.00 0.00 49.58 0.00 0.00 0.00 0.00 0.00 0.00 0.00 0.00 0.00 0.00 70.12 0.00 0.00 0.00 8.99 0.00 -23.82 0.00 0.00 0.00 0.00 0.00 0.00 0.00 0.00 0.00 0.00 0.00 0.00 -15.62 0.00 0.00 0.00 0.00 0.00 0.00 0.00 0.00 0.00 0.00 0.00 0.00 0.00 0.00 0.00 0.00 0.00 19.72 0.00 17.07 0.00 0.00 0.00 0.00 0.00 0.00 0.00 0.00 0.00
0.00 0.00 0.00 41.01 0.00 0.00 0.00 96.30 0.00 0.00 0.00 0.00 -69.20 0.00 0.00 0.00 0.00 0.00 0.00 0.00 0.00 0.00 0.00 0.00 0.00 0.00 0.00 0.00 0.00 0.00 0.00 0.00 -98.96 0.00 0.00 0.00 0.00 90.70 0.00 0.00 0.00 0.00 0.00 0.00 0.00 0.00 0.00 0.00 0.00 79.52 0.00 0.00 0.00 -12.58 0.00 0.00 0.00 0.00 0.00 0.00 0.00 49.18 0.00 0.00 0.00 0.00 0.00 0.00 0.00 0.00 0.00 0.00 0.00 0.00 0.00 0.00 0.00 0.00 0.00 0.00 0.00 0.00 0.00 0.00 0.00 0.00 0.00 0.00 0.00 0.00 0.00 0.00 0.00 0.00 0.00 0.00 -37.04 0.00 0.00 0.00
0.00 0.00 -87.61 0.00 0.00 0.00 0.00 0.00 0.00 0.00 0.00 -35.61 0.00 0.00 0.00 0.00 0.00 0.00 0.00 0.00 0.00 0.00 0.00 0.00 0.00 -6.89 0.00 0.00 0.00 0.00 0.00 -61.12 0.00 0.00 0.00 0.00 0.00 0.00 0.00 0.00 37.28 0.00 0.00 0.00 0.00 0.00 0.00 69.96 0.00 0.00 0.00 0.00 0.00 0.00 0.00 0.00 0.00 30.30 0.00 0.00 0.00 0.00 0.00 0.00 0.00 41.98 0.00 0.00 0.00 0.00 0.00 0.00 0.00 0.00 -14.69 0.00 0.00 0.00 0.00 0.00 0.00 21.88 0.00 0.00 0.00 -30.60 0.00 0.00 0.00 0.00 0.00 0.00 0.00 0.00 0.00 0.00 0.00 0.00 0.00 0.00
0.00 0.00 0.00 0.00 58.86 0.00 0.00 0.00 0.00 0.00 0.00 0.00 0.00 0.00 0.00 -70.97 0.00 0.00 0.00 99.84 0.00 0.00 0.00 0.00 0.00 0.00 0.00 0.00 0.00 -49.09 0.00 0.00 0.00 0.00 0.00 0.00 0.00 0.00 0.00 0.00 0.00 0.00 0.00 0.00 0.00 0.00 0.00 0.00 0.00 0.00 0.00 0.00 0.00 78.62 69.96 59.91 0.00 0.00 0.00 0.00 0.00 -8.00 0.00 0.00 0.00 0.00 0.00 0.00 0.00 0.00 -8.46 0.00 0.00 0.00 0.00 0.00 0.00 0.00 0.00 0.00 0.00 0.00 0.00 0.00 0.00 0.00 0.00 0.00 0.00 0.00 0.00 0.00 0.00 -20.38 0.00 0.00 -53.73 0.00 0.00 -67.46
0.00 0.00 0.00 0.00 0.00 0.00 -24.09 0.00 0.00 0.00 0.00 0.00 -22.93 0.00 0.00 0.00 0.00 0.00 0.00 0.00 0.00 0.00 0.00 0.00 0.00 -66.42 0.00 0.00 0.00 0.00 0.00 0.00 0.00 0.00 0.00 0.00 0.00 0.00 0.00 0.00 0.00 0.00 0.00 0.00 0.00 0.00 3.81 0.00 0.00 0.00 0.00 0.00 0.00 0.00 0.00 0.00 0.00 0.00 0.00 0.00 0.00 -43.41 0.00 0.00 0.00 0.00 0.00 0.00 0.00 0.00 0.00 0.00 21.00 0.00 -9.81 0.00 0.00 0.00 0.00 0.00 56.76 0.00 0.00 0.00 0.00 0.00 0.00 0.00 70.60 54.58 0.00 0.00 0.00 0.00 0.00 0.00 0.00 0.00 0.00 0.00
0.00 0.00 -50.14 0.00 0.00 -53.32 0.00 0.00 29.07 0.00 0.00 0.00 0.00 0.00 0.00 0.00 0.00 0.00 0.00 0.00 0.00 -42.98 0.00 76.99 0.00 0.00 0.00 0.00 0.00 0.00 0.00 0.00 0.00 0.00 0.00 0.00 0.00 0.00 0.00 0.00 0.00 0.00 -28.96 0.00 0.00 0.00 0.00 0.00 0.00 0.00 0.00 79.54 -1.14 0.00 0.00 77.66 0.00 0.00 0.00 0.00 0.00 0.00 0.00 0.00 0.00 0.00 0.00 0.00 0.00 0.00 0.00 0.00 0.00 0.00 0.00 0.00 0.00 0.00 0.00 0.00 0.00 0.00 0.00 0.00 0.00 0.00 38.39 0.00 0.00 0.00 0.00 0.00 0.00 0.00 27.90 0.00 77.49 0.00 0.00 0.00
0.00 0.00 0.00 0.00 0.00 0.00 0.00 0.00 0.00 89.31 0.00 0.00 0.00 43.72 0.00 0.00 0.00 0.00 0.00 0.00 0.00 0.00 0.00 0.00 0.00 0.00 0.00 0.00 84.65 0.00 86.42 -27.08 0.00 0.00 0.00 -23.82 0.00 0.00 -33.97 0.00 0.00 0.00 0.00 0.00 19.19 45.93 0.00 0.00 0.00 0.00 79.15 -66.53 0.00 0.00 0.00 0.00 79.51 0.00 -17.05 -9.94 0.00 0.00 0.00 0.00 0.00 0.00 0.00 0.00 37.72 0.00 0.00 0.00 0.00 0.00 0.00 73.14 0.00 0.00 0.00 0.00 0.00 0.00 0.00 0.00 0.00 0.00 0.00 0.00 0.00 0.00 0.00 0.00 0.00 0.00 -15.98 45.52 0.00 0.00 0.00 0.00
64.92 0.00 0.00 0.00 0.00 0.00 0.00 0.00 0.00 0.00 0.00 0.00 0.00 0.00 0.00 33.88 0.00 0.00 0.00 0.00 0.00 0.00 0.00 0.00 0.00 0.00 92.21 0.00 0.00 0.00 0.00 0.00 0.00 0.00 -6.02 0.00 0.00 0.00 0.00 90.91 0.00 0.00 0.00 0.00 0.00 69.19 0.00 65.03 0.00 0.00 0.00 0.00 0.00 0.00 0.00 0.00 0.00 0.00 70.44 5.25 0.00 0.00 0.00 0.00 0.00 0.00 0.00 0.00 0.00 0.00 0.00 0.00 42.68 0.00 0.00 0.00 0.00 0.00 0.00 0.00 0.00 0.00 0.00 0.00 0.00 0.00 0.00 0.00 0.00 0.00 0.00 0.00 0.00 0.00 0.00 0.00 0.00 0.00 0.00 0.00
0.00 0.00 46.04 0.00 -29.65 57.37 0.00 0.00 0.00 0.00 0.00 0.00 0.00 0.00 35.34 0.00 0.00 0.00 -48.73 0.00 0.00 0.00 0.00 0.00 0.00 0.00 0.00 0.00 42.02 0.00 0.00 0.00 0.00 0.00 0.00 0.00 0.00 0.00 0.00 0.00 0.00 0.00 0.00 0.00 0.00 0.00 0.00 58.96 0.00 61.40 0.00 0.00 0.00 0.00 0.00 0.00 0.00 0.00 0.00 -81.81 0.00 0.00 -37.81 0.00 0.00 0.00 0.00 0.00 0.00 0.00 0.00 0.00 0.00 0.00 0.00 0.00 0.00 0.00 0.00 0.00 0.00 0.00 0.00 0.00 0.00 0.00 0.00 0.00 0.00 0.00 17.80 0.00 0.00 0.00 -98.67 0.00 0.00 0.00 0.00 0.00
0.00 0.00 0.00 0.00 0.00 0.00 0.00 0.00 0.00 0.00 0.00 0.00 0.00 0.00 0.00 0.00 0.00 0.00 0.00 0.00 0.00 0.00 0.00 0.00 -58.67 0.00 0.00 0.00 0.00 0.00 0.00 0.00 0.00 0.00 0.00 0.00 51.27 0.00 0.00 0.00 0.00 -81.96 0.00 0.00 0.00 0.00 0.00 0.00 0.00 0.00 61.49 0.00 0.00 0.00 0.00 0.00 -21.47 0.00 0.00 0.00 0.00 0.00 0.00 0.00 0.00 0.00 0.00 0.00 0.00 0.00 55.76 0.00 0.00 0.00 0.00 0.00 0.00 0.00 0.00 0.00 0.00 0.00 0.00 0.00 0.00 0.00 0.00 34.62 0.00 0.00 0.00 0.00 0.00 0.00 0.00 0.00 0.00 0.00 0.00 0.00
0.00 0.00 0.00 0.00 0.00 0.00 0.00 0.00 0.00 0.00 0.00 0.00 0.00 62.55 0.00 0.00 0.00 0.00 0.00 0.00 0.00 0.00 0.00 0.00 0.00 0.00 0.00 0.00 0.00 0.00 0.00 0.00 0.00 0.00 0.00 0.00 0.00 0.00 0.00 38.49 36.74 -3.58 0.00 0.00 0.00 0.00 0.00 0.00 0.00 0.00 0.00 0.00 0.00 0.00 0.00 0.00 0.00 0.00 30.69 -69.28 0.00 0.00 0.00 24.53 37.08 0.00 0.00 0.00 0.00 0.00 0.00 0.00 0.00 0.00 0.00 0.00 0.00 0.00 0.00 0.00 0.00 0.00 -67.05 0.00 0.00 0.00 32.18 0.00 0.00 0.00 -57.68 0.00 0.00 0.00 0.00 0.00 75.63 0.00 0.00 0.00
0.00 0.00 0.00 0.00 0.00 -21.79 0.00 0.00 0.00 0.00 0.00 0.00 0.00 0.00 0.00 0.00 0.00 0.00 0.00 0.00 49.89 0.00 0.00 0.00 0.00 0.00 0.00 0.00 0.00 0.00 0.00 0.00 0.00 0.00 0.00 0.00 0.00 70.20 0.00 0.00 0.00 0.00 0.00 0.00 0.00 0.00 0.00 0.00 0.00 0.00 0.00 0.00 0.00 0.00 -49.25 0.00 0.00 0.00 0.00 0.00 0.00 0.00 0.00 0.00 0.00 0.00 0.00 0.00 0.00 0.00 0.00 0.00 0.00 0.00 0.00 0.00 0.00 0.00 0.00 -98.85 0.00 0.00 0.00 0.00 0.00 0.00 0.00 0.00 0.00 0.00 0.00 0.00 0.00 0.00 0.00 0.00 0.00 0.00 12.21 0.00
0.00 0.00 0.00 0.00 0.00 0.00 0.00 0.00 0.00 0.00 0.00 0.00 0.00 0.00 0.00 0.00 0.00 0.00 0.00 0.00 0.00 0.00 0.00 0.00 0.00 0.00 0.00 0.00 0.00 0.00 0.00 -90.30 0.00 0.00 0.00 0.00 0.00 0.00 0.00 0.00 0.00 0.00 0.00 0.00 0.00 62.56 0.00 0.00 0.00 0.00 0.00 0.00 0.00 0.00 0.00 0.00 0.00 0.00 0.00 0.00 0.00 0.00 0.00 0.00 0.00 67.62 0.00 0.00 0.00 0.00 0.00 0.00 0.00 0.00 0.00 0.00 0.00 0.00 0.00 0.00 0.00 0.00 0.00 0.00 0.00 0.00 0.00 0.00 0.00 0.00 0.00 0.00 0.00 0.00 0.00 0.00 0.00 0.00 0.00 0.00
0.00 0.00 0.00 0.00 0.00 0.00 -28.11 0.00 17.56 0.00 0.00 0.00 68.95 0.00 0.00 0.00 0.00 0.00 0.00 0.00 0.00 0.00 0.00 0.00 0.00 0.00 0.00 0.00 0.00 0.00 0.00 0.00 50.43 0.00 0.00 -31.18 86.99 0.00 0.00 0.00 0.00 0.00 11.91 0.00 0.00 0.00 0.00 0.00 0.00 0.00 0.00 47.35 0.00 0.00 0.00 0.00 0.00 0.00 0.00 0.00 0.00 79.96 0.00 0.00 0.00 0.00 -16.27 0.00 0.00 0.00 0.00 0.00 0.00 0.00 0.00 0.00 0.00 47.10 0.00 0.00 0.00 0.00 0.00 0.00 0.00 0.00 18.44 0.00 0.00 0.00 -79.54 0.00 0.00 0.00 -56.49 0.00 0.00 -50.88 0.00 0.00
0.00 -11.61 0.00 0.00 0.00 0.00 0.00 0.00 0.00 0.00 0.00 0.00 0.00 0.00 0.00 0.00 0.00 0.00 0.00 0.00 0.00 0.00 0.00 0.00 0.00 0.00 0.00 0.00 0.00 0.00 0.00 0.00 0.00 0.00 -94.75 0.00 0.00 0.00 0.00 0.00 0.00 0.00 0.00 0.00 0.00 0.00 0.00 0.00 0.00 0.00 0.00 0.00 0.00 0.00 0.00 0.00 86.20 21.34 0.00 0.00 0.00 74.64 -34.28 0.00 0.00 34.17 -47.16 0.00 0.00 0.00 0.00 0.00 0.00 -84.40 0.00 0.00 0.00 0.00 0.00 0.00 0.00 0.00 4.37 0.00 0.00 0.00 0.00 0.00 40.80 -46.03 0.00 0.00 0.00 0.00 0.00 0.00 0.00 0.00 0.00 0.00
-83.43 0.00 0.00 0.00 0.00 0.00 0.00 0.00 0.00 0.00 0.00 87.71 0.00 0.00 0.00 0.00 0.00 -46.27 0.00 0.00 0.00 0.00 0.00 0.00 0.00 0.00 0.00 0.00 0.00 0.00 0.00 0.00 0.00 0.00 0.00 84.19 0.00 0.00 0.00 0.00 0.00 0.00 0.00 0.00 0.00 0.00 0.00 0.00 -3.20 0.00 0.00 0.00 0.00 0.00 0.00 0.00 0.00 71.29 0.00 0.00 0.00 0.00 0.00 0.00 0.00 0.00 0.00 90.34 0.00 0.00 0.00 0.00 0.00 0.00 0.00 -52.78 0.00 0.00 0.00 0.00 0.00 0.00 -59.90 0.00 77.33 0.00 0.00 0.00 0.00 96.34 0.00 0.00 0.00 0.00 0.00 0.00 0.00 0.00 0.00 0.00
