10 10
0.00 0.00 0.00 0.00 0.00 -92.71 0.00 0.00 0.00 0.00
0.00 0.00 0.00 0.00 0.00 0.00 93.42 0.00 0.00 0.00
0.00 0.00 0.00 0.00 0.00 0.00 0.00 0.00 0.00 0.00
0.00 0.00 0.00 0.00 61.82 0.00 36.30 0.00 0.00 0.00
0.00 39.26 0.00 0.00 0.00 0.00 0.00 0.00 0.00 0.00
0.00 0.00 0.00 0.00 -99.87 -48.45 0.00 0.00 0.00 97.97
0.00 0.00 0.00 0.00 0.00 -41.97 0.00 0.00 0.00 0.00
0.00 0.00 0.00 0.00 0.00 0.00 0.00 0.00 0.00 0.00
-72.44 0.00 0.00 0.00 0.00 0.00 0.00 0.00 0.00 0.00
0.00 0.00 0.00 0.00 0.00 0.00 0.00 0.00 0.00 0.00
