100 100
0.00 0.00 0.00 0.00 0.00 0.00 -14.87 0.00 -21.14 0.00 87.98 0.00 0.00 0.00 0.00 0.00 0.00 0.00 25.98 0.00 0.00 0.00 0.00 0.00 -4.31 0.00 0.00 0.00 0.00 0.00 0.00 0.00 0.00 0.00 0.00 0.00 0.00 0.00 76.16 0.00 74.57 0.00 0.00 0.00 0.00 0.00 70.28 0.00 0.00 0.00 0.00 0.00 -23.58 0.00 0.00 17.09 0.00 0.00 0.00 0.00 0.00 0.00 0.00 0.00 0.00 0.00 0.00 0.00 0.00 0.00 0.00 98.52 0.00 0.00 0.00 0.00 0.00 0.00 0.00 0.00 -32.86 0.00 14.29 0.00 0.00 0.00 0.00 0.00 0.00 0.00 0.00 -4.54 -32.88 0.00 0.00 0.00 0.00 0.00 39.87 0.00
98.81 -95.81 0.00 0.00 -92.41 -6.21 0.00 0.00 0.00 92.84 0.00 0.00 0.00 0.00 -61.04 0.00 0.00 0.00 0.00 0.00 0.00 0.00 83.10 0.00 0.00 0.00 0.00 74.03 0.00 0.00 0.00 0.00 0.00 -24.93 90.01 0.00 0.00 0.00 0.00 0.00 0.00 4.53 0.00 0.00 0.00 0.00 0.00 0.00 50.51 0.00 0.00 0.00 39.62 -59.13 0.00 0.00 0.31 0.00 0.00 0.00 0.00 -75.26 19.73 0.00 0.00 25.49 50.72 0.00 0.00 0.00 0.00 0.00 0.00 0.00 0.00 0.00 -47.37 38.85 0.00 62.50 0.00 0.00 0.00 0.00 0.00 -77.10 0.00 0.00 0.00 0.00 -84.74 0.00 0.00 0.00 0.00 0.00 0.00 0.00 0.00 0.00
0.00 0.00 0.00 -20.42 0.00 0.00 0.00 0.00 0.00 0.00 -78.59 0.00 0.00 0.00 0.00 19.61 -68.93 0.00 16.87 0.00 0.00 0.00 -76.07 0.00 0.00 0.00 0.00 0.00 0.00 0.00 0.00 0.00 0.00 0.00 0.00 0.00 0.00 0.00 70.94 0.00 0.00 0.00 0.00 0.00 0.00 0.00 0.00 0.00 0.00 0.00 0.00 52.88 -71.87 0.00 0.00 0.00 0.00 0.00 0.00 0.00 0.00 0.00 0.00 0.00 0.00 0.00 0.00 0.00 0.00 0.00 -84.26 0.00 0.00 0.00 0.00 0.00 0.00 0.00 0.00 -53.33 0.00 0.00 -41.83 0.00 0.00 -8.09 -70.24 -67.80 0.00 66.98 0.00 -43.03 0.00 0.00 0.00 0.00 0.00 0.00 0.00 36.73
0.00 0.00 0.00 0.00 0.00 17.49 0.00 0.00 0.00 0.00 0.00 0.00 0.00 0.00 0.00 0.00 0.00 0.00 0.00 0.00 0.00 0.00 0.00 0.00 0.00 0.00 0.00 0.00 0.00 0.00 0.00 0.00 0.00 0.00 96.59 0.00 0.00 0.00 0.00 77.60 -45.00 0.00 0.00 0.00 0.00 0.00 -41.46 0.00 0.00 0.00 0.00 0.00 0.00 0.00 0.00 0.00 0.00 0.00 0.00 0.00 0.00 0.00 0.00 0.00 0.00 0.00 34.53 0.00 0.00 -82.31 0.00 -53.54 87.16 0.00 0.00 0.00 0.00 0.00 0.00 0.00 0.00 0.00 0.00 0.00 93.75 0.00 -91.05 0.00 0.00 0.00 0.00 0.00 0.00 0.00 0.00 0.00 0.00 0.00 0.00 0.00
0.00 0.00 0.00 0.00 0.00 0.00 -89.94 0.00 0.00 -53.79 0.00 0.00 0.00 0.00 0.00 25.74 -31.32 0.00 65.82 0.00 56.81 0.00 -77.24 -73.04 0.00 0.00 0.00 0.00 0.00 0.00 0.00 0.00 0.00 0.00 0.00 0.00 0.00 64.96 75.64 0.00 0.00 0.00 0.00 0.00 0.00 0.00 0.00 -44.91 0.00 0.00 0.00 0.00 0.00 0.00 0.00 0.00 0.00 0.00 0.00 0.00 80.70 0.00 0.00 0.00 0.00 0.00 0.00 -40.49 0.00 13.26 0.00 0.00 0.00 0.00 0.00 0.00 0.00 9.81 0.00 0.00 0.00 0.00 26.49 0.00 0.00 0.00 82.67 0.00 0.00 0.00 0.00 0.00 -23.22 83.46 0.00 0.00 0.00 0.00 0.00 19.39
0.00 0.00 0.00 0.00 -68.53 0.00 0.00 0.00 0.00 0.00 -82.75 0.00 0.00 0.00 0.00 0.00 0.00 0.00 0.00 0.00 34.19 0.00 0.00 0.00 0.00 23.68 0.00 -24.21 0.00 0.00 0.00 0.00 0.00 5.93 41.37 22.25 0.00 0.00 0.00 -6.92 0.00 0.00 0.00 0.00 0.00 72.32 0.00 68.42 0.00 0.00 40.35 0.00 0.00 0.00 0.00 0.00 0.00 0.00 0.00 0.00 0.00 0.00 0.00 -81.48 0.00 0.00 0.00 0.00 0.00 0.00 31.36 0.00 0.00 0.00 0.00 0.00 0.00 0.00 0.00 -90.97 -78.45 0.00 25.38 -68.21 0.00 -51.49 -9.67 0.00 0.00 -55.37 0.00 0.00 0.00 0.00 0.00 0.00 3.60 0.00 0.00 0.00
0.00 0.00 0.00 0.00 0.00 0.00 0.00 8.23 0.00 4.15 -45.94 -81.97 0.00 0.00 0.00 0.00 0.00 0.00 -69.37 0.00 0.00 -26.06 32.02 0.00 0.00 0.00 0.00 0.00 0.00 0.00 -48.71 93.33 0.00 63.50 5.75 64.73 0.00 0.00 0.00 0.00 0.00 0.00 0.00 0.00 0.00 0.00 0.00 0.00 0.00 0.00 -12.83 0.00 0.00 0.00 0.00 0.00 0.00 -81.26 -29.35 0.00 -34.25 0.00 0.00 0.00 0.00 78.21 0.00 0.00 0.00 0.00 0.00 0.00 0.00 0.00 0.00 0.00 0.00 0.00 0.00 0.00 0.00 0.00 -99.07 0.00 -61.94 0.00 0.00 46.62 0.00 0.00 0.00 0.00 0.00 0.00 41.29 0.00 0.00 -6.20 0.00 0.00
15.18 0.00 0.00 0.00 0.00 0.00 0.00 0.00 0.00 0.00 87.53 0.00 0.00 15.35 0.00 0.00 0.00 -59.45 -80.69 0.00 -98.94 0.00 0.00 0.00 0.00 0.00 68.09 0.00 0.00 0.00 0.00 0.00 0.00 0.00 0.00 0.00 1.15 0.00 0.00 0.00 0.00 4.66 0.00 0.00 0.00 0.00 0.00 0.00 0.00 0.00 0.00 0.00 0.00 -23.69 0.00 0.00 0.00 0.00 0.00 0.00 0.00 0.00 0.00 -94.71 0.00 0.00 0.00 0.00 0.00 95.93 0.00 0.00 31.55 0.00 0.00 0.00 -26.87 0.00 0.00 0.00 -30.14 -36.43 0.00 0.00 61.64 0.00 0.00 0.00 0.40 0.00 0.00 0.00 0.00 0.00 0.00 -35.73 0.00 4.59 0.00 0.00
0.00 2.33 0.00 0.00 0.00 88.65 0.00 0.00 0.00 0.00 23.34 0.00 -89.82 0.00 0.00 0.00 0.00 0.00 0.00 0.00 0.00 0.00 0.00 0.00 0.00 -45.61 0.00 0.00 0.00 0.00 0.00 1.54 0.00 0.00 -88.89 29.67 -14.64 0.00 89.61 0.00 0.00 -39.33 0.00 -99.47 0.00 77.13 0.00 0.00 0.00 0.00 0.00 0.00 0.00 0.00 76.02 0.00 0.00 0.00 0.00 0.00 0.00 0.00 0.00 -21.70 0.00 -66.36 0.00 0.00 0.00 0.00 77.08 0.00 0.00 0.00 0.00 0.00 -53.62 0.00 0.00 0.00 0.00 0.00 0.00 0.00 0.00 0.00 0.00 34.80 0.00 18.94 0.00 0.00 0.00 0.00 0.00 0.00 0.00 22.70 0.00 0.00
0.00 0.00 0.00 77.30 52.07 -8.55 0.00 -12.36 0.00 -40.86 0.00 0.00 0.00 0.00 0.00 0.00 0.00 0.00 0.00 0.00 0.00 0.00 0.00 0.00 0.00 55.02 0.00 0.00 0.00 -13.52 96.75 0.00 -80.72 0.00 0.00 91.07 -0.93 0.00 0.00 0.00 0.00 0.00 -92.07 14.40 0.00 0.00 0.00 0.00 0.00 0.00 0.00 0.00 0.00 0.00 46.46 0.00 0.00 0.00 0.00 0.00 -0.47 0.00 0.00 0.00 0.00 0.00 0.00 0.00 -46.86 0.00 0.00 0.00 0.00 0.00 0.00 0.00 57.57 -33.60 38.50 0.00 0.00 0.00 0.00 0.00 0.00 0.00 0.00 0.00 0.00 0.00 47.18 0.00 0.00 27.07 0.00 0.00 0.00 0.00 0.00 0.00
76.25 0.00 61.51 0.00 0.00 0.00 0.00 0.00 0.00 0.00 40.29 0.00 0.00 -45.46 0.00 95.16 0.00 0.00 54.57 0.00 0.00 0.00 0.00 0.00 0.92 0.00 0.00 0.00 0.00 0.00 0.00 0.00 29.95 0.00 0.00 0.00 0.00 0.00 0.00 0.00 0.00 0.00 10.71 0.00 0.00 0.00 0.00 -39.18 44.45 0.00 0.00 0.00 0.00 -0.01 0.00 0.00 52.28 0.00 0.00 0.00 0.00 0.00 0.00 0.00 0.00 0.00 0.00 -67.92 0.00 59.13 44.50 0.00 18.56 0.00 93.08 0.00 0.00 0.00 0.00 0.00 0.00 -99.01 9.63 0.00 29.35 0.00 0.00 0.00 0.00 0.00 0.00 0.00 0.00 0.00 0.00 0.00 0.00 0.00 0.00 -53.87
-38.77 0.00 -24.20 0.00 0.00 0.00 0.00 0.00 0.00 0.00 0.00 45.66 0.00 0.00 0.00 0.00 0.00 0.00 0.00 0.00 0.00 14.38 0.00 0.00 -66.64 0.00 0.00 0.00 0.00 0.00 0.00 0.00 0.00 0.00 0.00 0.00 0.00 0.00 0.00 -50.73 0.00 0.00 0.00 0.00 0.00 0.00 0.00 0.00 0.00 0.00 0.00 0.00 0.00 -47.13 -82.26 0.00 0.00 0.00 76.34 0.00 0.00 -70.89 0.00 79.26 0.00 53.84 0.00 0.00 -16.35 0.00 0.00 74.41 8.40 0.00 0.00 -78.22 41.56 -43.68 0.00 0.00 0.00 0.00 -17.40 -14.00 56.31 -27.92 0.00 0.00 0.00 0.00 0.00 0.00 0.00 0.00 0.00 0.00 0.00 18.09 15.43 0.00
0.00 -46.21 -26.15 8.50 -45.22 0.00 0.00 0.00 0.00 0.00 0.00 83.48 0.00 0.00 0.00 0.00 0.00 0.00 0.00 0.00 0.00 0.00 0.00 -24.95 0.00 0.00 0.91 0.00 0.00 0.00 0.00 0.00 0.00 -18.08 0.00 0.00 0.00 50.85 0.00 0.00 -16.23 96.30 0.00 0.00 0.00 84.21 0.00 33.04 0.00 0.00 0.00 -13.63 0.00 0.00 -60.84 0.00 9.38 0.00 0.00 0.00 0.00 52.70 -81.59 0.00 0.42 0.00 0.00 0.00 0.00 0.00 0.00 0.00 0.00 -26.45 -69.98 0.00 0.00 0.00 0.00 0.00 0.00 0.00 0.00 -91.19 0.00 0.00 0.00 0.00 0.00 0.00 0.00 -4.67 0.00 71.58 0.00 0.00 0.00 0.00 0.00 0.00
0.00 0.00 2.34 0.00 0.00 0.00 0.00 0.00 0.00 0.00 0.00 0.00 0.00 -84.86 -42.43 0.00 0.00 0.00 -41.36 0.00 0.00 0.00 0.00 0.00 0.00 0.00 0.00 0.00 0.00 0.00 24.43 -87.14 0.00 0.00 0.00 0.00 0.00 0.00 0.00 0.00 0.00 0.00 0.00 -88.73 0.00 0.00 0.00 0.00 0.00 0.00 78.22 0.00 -13.28 0.00 0.00 0.00 0.00 0.00 0.00 0.00 0.00 0.00 0.00 56.98 0.00 0.00 0.00 -67.01 0.00 0.00 0.00 0.00 0.00 0.00 0.00 0.00 0.00 0.00 0.00 0.00 7.40 -67.98 0.00 0.00 0.00 0.00 0.00 0.00 0.00 0.00 0.00 0.00 0.00 0.00 0.00 0.00 0.00 0.00 0.00 0.00
0.00 0.00 0.00 0.00 0.00 0.00 0.00 0.00 0.00 0.00 0.00 0.00 0.00 33.90 89.32 0.00 82.87 0.00 0.00 0.00 0.00 0.00 0.00 0.00 0.00 0.00 0.00 0.00 0.00 0.00 0.00 0.00 0.00 -45.12 0.00 0.00 0.00 -77.19 0.00 -95.72 87.92 0.00 0.00 0.00 0.00 0.00 0.00 0.00 0.00 0.00 0.00 0.00 0.00 0.00 0.00 0.00 0.00 0.00 0.00 0.00 0.00 0.00 46.40 0.00 0.00 0.00 0.00 0.00 -56.56 0.00 0.00 0.00 0.00 0.00 0.00 0.00 34.50 0.00 0.00 0.00 0.00 0.00 -0.91 0.00 0.00 0.00 0.00 0.00 -38.15 0.00 0.00 0.00 0.00 0.00 0.00 0.00 0.00 0.00 0.00 0.00
-65.09 72.64 29.08 0.00 0.00 0.00 -19.06 0.00 0.00 0.00 5.18 0.65 0.00 0.00 0.00 0.00 0.00 0.00 0.00 0.00 0.00 83.28 0.00 0.00 0.00 0.00 0.00 0.00 57.53 95.43 0.00 0.00 0.00 0.00 -58.08 0.00 0.00 0.00 0.00 0.00 0.00 0.00 0.00 0.00 0.00 0.00 0.00 0.00 0.00 0.00 -18.05 0.00 0.00 0.00 0.00 -54.50 0.00 0.00 -46.81 0.00 0.00 0.00 0.00 0.00 0.00 0.00 0.00 0.00 0.00 0.00 0.00 -39.83 0.00 32.22 0.00 -89.83 0.00 0.00 0.00 0.00 0.00 0.00 0.00 0.00 0.00 0.00 0.00 0.00 30.37 -23.18 0.00 0.00 -57.81 0.00 0.00 0.00 1.48 0.00 0.00 0.00
0.00 0.00 0.00 0.00 0.00 3.35 -74.94 0.00 0.00 0.00 56.36 0.00 0.00 0.00 0.00 0.00 63.37 0.00 -33.45 0.00 0.00 0.00 0.00 44.27 9.76 0.00 9.99 0.00 0.00 0.00 0.00 -21.23 0.00 0.00 0.00 0.00 0.00 0.00 0.00 0.00 0.00 0.00 0.00 -91.16 -90.96 13.68 0.00 0.00 0.00 0.00 0.00 0.00 0.00 0.00 0.00 0.00 0.00 -81.31 0.00 0.00 0.00 0.00 0.00 0.00 0.00 0.00 0.00 0.00 0.00 0.00 0.00 0.00 0.00 0.00 0.00 0.00 0.00 0.00 0.00 0.00 0.00 0.00 0.00 38.12 0.00 -68.18 0.00 23.87 0.00 0.00 0.00 -61.24 -84.90 -18.61 0.00 0.00 0.00 0.00 0.00 0.00
0.00 0.00 0.00 0.00 -28.61 -42.98 0.00 0.00 0.00 0.00 0.00 0.00 0.00 0.00 -99.46 0.00 0.00 0.00 0.00 0.00 0.00 16.89 0.00 0.00 0.00 0.00 47.42 -39.29 0.00 0.00 0.00 0.00 -50.90 57.59 0.00 -71.71 0.00 63.14 0.00 0.00 0.00 0.00 0.00 0.00 0.00 0.00 0.00 0.00 0.00 -63.01 0.00 0.00 0.00 0.00 0.00 0.00 29.77 0.00 0.00 0.00 0.00 0.00 3.69 0.00 0.00 0.00 -0.74 0.00 23.33 0.00 0.00 0.00 0.00 0.00 0.00 -32.95 0.00 0.00 65.81 -32.41 0.00 0.00 76.82 0.00 0.00 13.00 0.00 83.57 0.00 0.00 0.00 0.00 0.00 0.00 0.00 -77.14 22.04 0.00 34.46 0.00
0.00 0.00 0.00 0.00 0.00 -58.45 0.00 0.00 0.00 -39.85 0.00 0.00 66.28 -97.38 0.00 0.00 0.00 0.00 36.12 0.00 0.00 0.00 0.00 0.00 81.38 0.00 0.00 0.00 21.22 0.00 0.00 0.00 0.00 0.00 0.00 0.00 0.00 0.00 0.00 -92.50 0.00 0.00 0.00 0.00 0.00 -24.40 0.00 0.00 0.00 0.00 21.77 0.00 0.00 0.00 0.00 24.40 0.00 0.00 -76.98 0.00 0.00 -80.32 0.00 0.00 -89.30 0.00 0.00 0.00 0.00 -82.19 0.00 -52.03 -88.96 0.00 -7.99 0.00 0.00 0.00 0.00 -85.06 0.00 0.00 0.00 0.00 0.00 0.00 0.00 0.00 0.00 0.00 14.73 -71.53 0.00 0.00 38.27 0.00 81.79 0.00 0.00 0.00
0.00 94.28 0.00 0.00 0.00 -56.93 0.00 0.00 95.81 0.00 0.00 44.48 0.00 0.00 0.00 0.00 0.00 0.00 0.00 0.00 0.00 0.00 -73.37 0.00 0.00 0.00 0.00 0.00 0.00 0.00 0.00 0.00 0.00 0.00 0.00 -81.34 0.00 0.00 0.00 -33.49 0.00 0.00 61.09 0.00 -2.57 0.00 0.00 0.00 0.00 0.00 0.00 0.00 26.66 0.00 0.00 64.58 0.00 0.00 0.00 0.00 0.05 0.00 0.00 0.00 0.00 -37.23 0.00 0.00 0.00 0.00 0.00 45.95 0.00 0.00 0.00 0.00 0.00 0.00 0.00 0.00 0.00 0.00 0.00 0.00 0.00 0.00 0.00 0.00 0.00 0.00 0.00 0.00 0.00 -78.73 0.00 0.00 0.00 0.00 0.00 0.00
0.00 0.00 0.00 0.00 7.49 0.00 0.00 0.00 0.00 0.00 -41.24 0.00 80.25 0.00 0.00 0.00 0.00 0.00 0.00 0.00 -68.12 0.00 18.99 0.00 0.00 0.00 0.00 0.00 0.00 0.00 0.00 0.00 0.00 99.93 0.00 0.00 -20.21 0.00 0.00 0.00 0.00 0.00 0.00 74.01 -14.89 0.00 0.00 0.00 -9.16 0.00 -33.98 0.00 0.00 0.05 0.00 0.00 0.00 0.00 0.00 0.00 0.00 0.00 0.00 -94.44 -5.51 0.00 0.00 0.00 0.00 0.00 0.00 0.00 0.00 0.00 -61.68 0.00 0.00 0.00 87.35 0.00 0.00 0.00 0.00 0.00 0.00 0.00 25.98 0.00 0.00 0.00 0.00 -18.61 83.15 -29.55 0.00 45.23 0.00 -60.98 0.00 0.00
0.00 74.18 0.00 6.32 0.00 0.00 0.00 0.00 0.00 0.00 36.45 0.00 0.00 0.00 0.00 0.00 0.00 0.00 0.00 0.00 0.00 0.00 0.83 8.10 0.00 -63.51 0.00 -99.19 0.00 -8.75 0.00 0.00 0.00 0.00 0.00 0.00 0.00 0.00 0.00 0.00 0.00 0.00 -5.03 0.00 0.00 0.00 0.00 0.00 0.00 0.00 0.00 0.00 0.00 8.30 0.00 50.01 -24.79 77.39 6.20 0.00 0.00 12.35 0.00 0.00 0.00 0.00 0.00 0.00 0.00 -42.83 0.00 0.00 0.00 0.00 0.00 0.00 -19.79 0.00 0.00 97.46 0.00 0.00 0.00 48.01 0.00 0.00 0.00 0.00 0.00 0.00 0.00 0.00 83.44 0.00 -2.50 53.58 0.00 0.00 0.00 0.00
0.00 -22.08 73.03 0.00 0.00 78.13 0.00 0.00 0.00 0.00 0.00 0.00 0.00 0.00 0.00 0.00 0.00 0.00 0.00 0.00 0.00 -58.90 0.00 0.00 0.00 0.00 0.00 0.00 -45.59 0.00 0.00 98.49 0.00 0.00 0.00 0.00 0.00 0.00 0.00 0.00 0.00 0.00 0.00 0.00 0.00 0.00 0.00 48.77 -63.15 0.00 0.00 0.00 0.00 0.00 -62.50 0.00 0.00 0.00 0.00 22.94 0.00 0.00 0.00 0.00 43.17 0.00 0.00 0.00 0.00 0.00 0.00 0.00 0.00 0.00 0.00 0.00 73.95 0.00 -39.03 0.00 0.00 -48.74 0.00 0.00 -52.36 -1.01 0.00 0.00 0.00 0.00 0.00 0.00 0.00 0.00 79.72 0.00 0.00 0.00 0.00 0.00
0.00 0.00 0.00 0.00 0.00 0.00 0.00 0.00 0.00 0.00 0.00 79.83 0.00 -92.72 0.00 0.00 0.00 0.00 0.00 0.00 0.00 0.00 0.00 29.73 0.00 0.00 0.00 -44.97 0.00 0.00 0.00 0.00 0.00 -78.13 -64.08 0.00 0.00 67.38 0.00 0.00 0.00 0.00 0.00 0.00 0.00 -20.95 0.00 0.00 0.00 0.00 0.00 0.00 0.00 0.00 16.13 0.00 0.00 0.00 0.00 0.00 0.00 0.00 0.00 0.00 0.00 0.00 0.00 0.00 -97.97 0.00 0.00 0.00 0.00 0.00 -72.95 -0.44 0.00 0.00 0.00 -0.46 0.00 0.00 -82.17 0.00 0.00 -85.31 0.00 0.00 0.00 0.00 0.00 0.00 0.00 0.00 0.00 0.00 0.00 0.00 -27.44 0.00
0.00 0.00 0.00 0.00 0.00 -66.83 0.00 0.00 0.00 0.00 0.00 -7.00 0.00 0.00 0.00 0.00 0.00 0.00 0.00 0.00 0.00 0.00 64.19 -68.35 0.00 0.00 0.00 -21.03 0.00 0.00 0.00 0.00 -98.97 0.00 0.00 0.00 -30.85 0.00 0.00 0.00 0.00 0.00 0.00 0.00 -60.89 0.00 0.00 0.00 0.00 0.00 0.00 0.00 0.00 0.00 0.00 0.00 0.00 0.00 81.41 0.00 0.00 0.00 -19.70 0.00 0.00 0.09 0.00 0.00 0.00 -30.13 0.00 0.00 0.00 0.00 0.00 0.00 65.15 0.00 0.00 0.00 0.00 0.00 0.00 0.00 0.00 0.00 0.00 -63.72 0.00 0.00 0.00 0.00 0.00 0.00 0.00 -50.42 0.00 44.97 0.00 -56.43
-83.49 0.00 -62.79 2.65 0.00 -47.56 0.00 -58.21 0.00 0.00 81.70 0.00 0.00 -94.23 0.00 0.00 0.00 0.00 0.00 0.00 0.00 -56.17 0.00 0.00 -54.04 0.00 0.00 42.55 0.00 80.58 0.00 0.00 0.00 0.00 1.00 0.00 0.00 0.00 94.45 0.00 0.00 -46.87 0.00 0.00 0.00 34.17 0.00 0.00 24.65 0.00 0.00 0.00 0.00 0.00 0.00 -45.48 0.00 0.00 0.00 0.00 0.00 65.82 0.00 0.00 -96.38 0.00 -44.45 0.00 -27.83 0.00 0.00 0.00 0.00 0.00 -57.27 0.00 0.00 -25.84 0.00 0.00 0.00 0.00 0.00 0.00 0.00 0.00 89.68 0.00 80.03 0.00 0.00 0.00 0.00 0.00 0.00 0.00 0.00 0.00 44.03 0.00
0.00 0.00 0.00 0.00 0.00 54.83 -83.69 93.62 37.00 0.00 -2.91 0.00 0.00 0.00 0.00 -89.88 -88.59 0.00 99.74 0.00 0.00 0.00 0.00 0.00 -0.23 0.00 0.00 0.00 -46.79 0.00 0.00 0.00 -81.36 0.00 0.00 42.76 0.00 0.00 34.25 0.00 0.00 0.00 0.00 -35.40 0.00 0.00 0.00 0.00 -14.70 0.00 0.00 0.00 0.00 14.82 0.00 0.00 65.60 0.00 0.00 0.00 0.00 0.00 0.00 0.00 0.00 0.00 0.00 0.00 16.95 -94.85 0.00 0.00 0.00 0.00 0.00 36.98 0.00 -58.41 -40.32 0.00 2.79 -54.79 0.00 0.00 52.44 0.00 -87.83 0.00 0.00 0.00 0.00 0.00 0.00 25.16 0.00 0.00 0.00 -73.40 0.00 0.00
0.00 -98.16 0.00 0.00 0.00 0.00 0.00 0.00 42.39 0.00 0.00 0.00 0.00 0.00 0.00 70.63 0.00 0.00 0.00 0.00 0.00 93.88 95.91 0.00 -98.56 0.00 0.00 0.00 0.00 0.00 0.00 0.00 0.00 0.00 0.00 0.00 0.00 68.09 0.00 0.00 0.00 0.00 0.00 0.00 0.00 0.00 0.00 0.00 0.00 0.00 0.00 0.00 0.00 0.00 -7.01 0.00 0.00 -88.43 0.00 0.00 0.00 0.00 0.00 0.00 0.00 79.50 0.00 29.94 48.55 0.00 0.00 0.00 -30.09 48.58 0.00 0.00 0.00 0.00 0.00 -8.70 0.00 0.00 0.00 0.00 0.00 0.00 0.00 -95.85 0.00 -49.62 -86.20 0.00 0.00 0.00 0.00 56.18 -46.82 30.75 0.00 61.34
90.16 0.00 0.00 0.00 0.00 0.00 0.00 0.00 0.00 0.00 0.00 0.00 0.00 0.00 0.00 0.00 0.00 0.00 0.00 0.00 0.00 0.00 0.00 0.00 0.00 0.00 0.00 0.00 0.00 0.00 0.00 0.00 0.00 0.00 0.00 0.00 0.00 72.35 -78.99 0.00 -7.05 0.00 0.00 0.00 0.00 0.00 0.00 0.00 -45.24 0.00 0.00 0.00 73.45 0.00 0.00 0.00 0.00 0.00 0.00 0.00 0.00 0.00 0.00 0.00 42.33 0.00 0.00 0.00 0.00 0.00 0.00 0.00 0.00 0.00 79.92 -99.96 0.00 81.38 59.52 0.00 0.00 0.00 0.00 0.00 0.00 0.00 0.00 0.00 0.00 0.00 0.00 0.00 0.00 0.00 0.00 0.00 -92.12 0.00 0.00 0.00
0.00 0.00 0.00 0.00 0.00 0.00 0.00 75.26 0.00 55.42 -90.68 0.00 0.00 0.00 0.00 0.00 0.00 0.00 0.00 80.55 0.00 0.00 0.00 -51.59 0.00 -41.90 0.00 0.00 0.00 0.00 60.04 -84.45 0.00 0.00 0.00 -93.35 0.00 0.00 0.00 0.00 0.00 0.00 0.00 0.00 -70.05 0.00 0.00 0.00 0.00 -98.67 0.00 0.00 0.00 35.16 0.00 0.00 -28.69 0.00 0.00 0.00 0.00 -48.29 0.00 0.00 0.00 0.00 0.00 0.00 0.00 0.00 0.00 0.00 48.97 0.00 0.00 0.00 -72.51 0.00 0.00 4.89 -20.29 0.00 0.00 0.00 0.00 0.00 88.83 0.00 0.00 0.00 0.00 -4.95 0.00 0.00 0.00 0.00 0.00 0.00 -10.74 -52.96
-74.80 0.00 0.00 0.00 0.00 44.03 0.00 0.00 0.00 -42.31 67.53 0.00 61.15 -5.05 0.00 48.90 0.00 0.00 0.00 0.00 0.00 0.00 0.00 0.00 0.00 0.00 0.00 0.00 20.66 0.00 0.00 0.00 0.00 2.83 0.00 0.00 0.00 0.00 0.00 0.00 0.00 0.00 0.00 0.00 61.36 -23.92 0.00 0.00 0.00 0.00 0.00 0.00 0.00 0.00 0.00 12.15 0.00 0.00 0.00 0.00 0.00 0.00 0.00 0.00 0.00 0.00 41.90 0.00 0.00 0.00 0.00 0.00 0.00 0.00 0.00 0.00 0.00 0.00 0.00 0.00 0.00 61.70 0.00 0.00 0.00 0.00 -92.54 0.00 0.00 39.15 0.00 0.00 0.00 0.00 0.00 77.25 0.00 0.00 0.00 -48.68
0.00 0.00 0.00 -93.70 0.00 0.00 0.00 0.00 0.00 0.00 0.00 0.00 78.58 0.00 86.48 0.00 0.00 -22.39 0.00 0.00 0.00 0.00 -69.72 0.00 0.00 0.00 0.00 0.00 0.00 0.00 0.00 0.00 0.00 35.44 0.00 0.00 42.31 0.00 0.00 0.00 0.00 0.00 0.00 0.00 0.00 0.00 0.00 0.00 0.00 0.00 0.00 0.00 0.00 0.00 0.00 0.00 0.00 0.00 0.00 0.00 0.00 0.00 0.00 0.00 0.00 72.38 0.00 0.00 -47.64 0.00 0.00 0.00 68.34 0.00 0.00 0.00 0.00 0.00 0.00 0.00 0.00 0.00 0.00 0.00 0.00 -32.58 0.00 0.00 0.00 0.00 0.00 41.62 0.00 0.00 0.00 -84.63 0.00 29.83 0.00 0.00
0.00 0.00 0.00 22.85 0.00 0.00 0.00 10.28 0.00 0.00 0.00 0.00 0.00 -2.65 0.00 -16.00 0.00 0.00 0.00 0.00 -94.78 0.00 0.00 0.00 0.00 0.00 -16.54 0.00 -95.35 0.00 8.05 0.00 0.00 -17.98 0.00 0.00 -19.27 -42.60 0.00 0.00 -38.87 0.00 0.00 0.00 -57.58 0.00 0.00 0.00 0.00 0.00 0.00 0.00 0.00 0.00 0.00 0.00 0.00 0.00 0.00 0.00 0.00 0.00 0.00 0.00 0.00 0.00 0.00 -35.14 0.00 0.00 0.00 0.00 0.00 -99.73 0.00 0.00 -43.13 16.18 0.00 -93.43 0.00 -27.35 0.00 0.00 0.00 0.00 0.00 0.00 0.00 0.00 0.00 0.00 0.00 0.00 0.00 0.00 0.00 39.87 0.00 0.00
0.00 21.39 40.14 0.00 12.51 -36.30 12.52 0.00 0.00 0.00 0.00 0.00 0.00 64.87 0.00 0.00 0.00 0.00 0.00 -67.97 -82.86 0.00 0.00 0.00 0.00 0.00 0.00 0.00 43.70 0.00 0.00 -15.38 0.00 0.00 0.00 0.00 0.00 0.00 46.98 0.00 0.00 0.00 0.00 0.00 0.00 0.00 -33.46 0.00 0.00 0.00 94.90 -18.47 0.00 0.00 50.54 -99.89 0.00 0.00 0.00 0.00 0.00 0.00 0.00 -97.81 92.41 0.00 0.00 0.00 45.37 0.00 0.00 0.00 0.00 0.00 -15.78 0.00 0.00 -26.87 0.00 -60.03 0.00 45.35 0.00 0.00 52.77 0.00 0.00 0.00 0.00 0.00 0.00 0.00 0.00 0.00 0.00 42.05 0.00 0.00 0.00 0.00
0.00 0.00 82.83 -90.37 0.00 -4.57 -73.40 -17.71 0.00 -64.71 0.00 0.00 0.00 0.00 0.00 47.99 -77.58 0.00 0.00 0.00 0.00 0.00 0.00 0.00 0.00 0.00 0.00 47.81 0.00 0.00 0.00 -88.32 72.15 0.00 0.00 0.00 49.88 0.00 0.00 0.00 0.00 0.00 0.00 0.00 0.00 0.00 -19.07 0.00 0.00 0.00 0.00 89.30 30.78 0.00 65.55 0.00 0.00 0.00 0.00 0.00 0.00 73.48 0.00 0.00 97.33 0.00 0.00 0.00 0.00 0.00 97.65 0.00 0.00 0.00 0.00 0.00 0.00 0.00 0.00 0.00 0.00 0.00 0.00 0.00 0.00 0.00 0.00 0.00 0.00 -45.00 0.00 85.07 0.00 97.76 0.00 0.00 -42.80 0.00 0.00 -85.33
80.33 0.00 0.00 0.00 0.00 0.00 41.42 0.00 -12.19 0.00 0.00 0.00 0.00 -79.71 0.00 0.00 23.97 0.00 0.00 0.00 0.00 -22.22 0.00 0.00 0.00 99.55 6.79 0.00 0.00 0.00 0.00 0.00 0.00 0.00 0.00 0.00 0.00 0.00 0.00 0.00 0.00 -12.59 0.00 0.00 0.00 0.00 0.00 0.00 0.00 0.00 0.00 0.00 -5.02 0.00 0.00 0.00 0.00 33.39 0.00 -93.10 0.00 30.27 0.00 0.00 18.58 0.00 0.00 0.00 0.00 0.00 0.00 -33.46 0.00 0.00 15.28 0.00 0.00 67.48 0.00 0.00 0.00 0.00 0.00 0.00 -24.11 0.00 0.00 0.00 0.00 0.00 -34.84 0.00 0.00 -51.60 0.00 0.00 0.00 0.00 0.00 0.00
-34.82 0.00 0.00 95.94 -48.85 0.00 0.00 0.00 0.00 0.00 -61.35 -69.54 0.00 0.00 0.00 -51.21 0.00 0.00 30.87 0.00 0.00 0.00 0.00 0.00 0.00 -47.26 0.00 0.00 -16.25 88.07 0.00 0.00 0.00 -32.59 0.00 0.00 0.00 0.00 0.00 0.00 0.00 0.00 0.00 0.00 1.28 0.00 0.00 0.00 0.00 0.00 0.00 0.00 0.00 0.00 0.00 0.00 0.00 66.69 0.00 0.00 92.43 0.00 0.00 0.00 0.00 0.00 0.00 0.00 58.78 0.00 0.00 0.00 0.00 0.00 -9.35 -29.80 58.33 0.00 -65.36 0.00 0.00 0.00 0.00 0.00 94.83 0.00 -46.70 -94.77 0.00 0.00 0.00 0.00 0.00 0.00 -61.07 0.00 0.00 0.00 0.00 0.00
0.00 0.00 -79.23 0.00 0.00 0.00 0.00 0.00 0.00 0.00 0.00 0.00 0.00 0.00 0.00 0.00 0.00 0.00 0.00 0.00 0.00 0.00 61.02 0.00 0.00 0.00 0.00 0.00 0.00 0.00 0.00 0.00 0.00 42.68 36.06 0.00 0.00 0.00 0.00 0.00 0.00 0.00 28.49 -81.43 0.00 0.00 0.00 0.00 0.00 0.00 0.00 0.00 0.00 0.00 0.00 0.00 0.00 0.00 0.00 0.00 0.00 0.00 0.00 0.00 0.00 0.00 -98.79 0.00 0.00 0.00 -85.91 20.96 0.00 -65.65 0.00 0.00 -34.76 0.00 0.00 96.83 0.00 0.00 2.03 0.00 51.24 0.00 0.00 0.00 0.00 0.00 0.00 0.00 0.00 0.00 0.00 0.00 0.00 0.00 27.69 0.00
0.00 54.77 0.00 0.00 -65.02 0.00 0.00 0.00 0.00 0.00 0.00 0.00 0.00 0.00 0.00 15.75 0.00 0.00 0.00 -40.62 36.26 0.00 19.64 -48.19 0.00 0.00 0.00 0.00 0.00 32.25 0.00 0.00 0.00 0.00 0.00 0.00 0.00 0.00 0.00 0.00 0.00 0.00 0.00 -52.51 0.00 0.00 0.00 0.00 59.22 0.00 0.00 0.00 0.00 -9.43 0.00 0.00 0.00 -17.87 54.04 0.00 0.00 81.08 0.00 0.00 0.00 0.00 0.00 0.00 0.00 0.00 0.00 0.00 0.00 0.00 0.00 0.00 0.00 0.00 0.00 24.57 0.00 0.00 0.00 0.00 0.00 0.00 0.00 0.00 -69.82 -98.16 0.00 0.00 0.00 0.00 -14.42 72.86 0.00 37.90 -48.72 0.00
0.00 0.00 0.00 91.43 0.00 0.00 0.00 0.00 0.00 76.32 -34.63 0.00 49.60 0.00 0.00 -52.12 0.00 30.62 0.00 0.00 46.42 0.00 0.00 0.00 0.00 0.00 0.00 0.00 0.00 0.00 0.00 0.00 0.00 0.00 0.00 0.00 49.91 0.00 0.00 0.00 19.06 0.00 -25.90 0.00 0.00 0.00 0.00 0.00 0.00 0.00 0.00 0.00 0.00 0.00 0.00 41.88 0.00 0.00 0.00 0.00 0.00 54.05 -72.95 0.00 0.00 0.00 0.00 0.00 -61.54 0.00 0.00 0.00 0.00 27.51 0.00 46.69 0.00 0.00 0.00 27.48 0.00 0.00 -3.04 0.00 0.00 0.00 0.00 0.00 94.18 0.00 0.00 0.00 0.00 0.00 0.00 0.00 0.00 0.00 -13.30 0.00
0.00 0.00 0.00 87.53 0.00 0.00 0.00 0.00 0.00 0.00 0.00 0.00 0.00 13.51 0.00 0.00 0.00 0.00 0.00 -22.06 0.00 0.00 68.60 0.00 0.00 0.00 0.00 0.00 0.00 0.00 0.00 0.00 0.00 0.00 0.00 0.00 0.00 0.00 0.00 0.00 0.00 0.00 -61.93 8.12 70.45 0.00 0.00 0.00 0.00 0.00 0.00 0.00 60.86 0.00 0.00 0.00 18.19 45.55 0.00 0.00 0.00 0.00 0.00 0.00 0.00 -87.87 0.00 0.00 0.00 0.00 0.00 0.00 46.82 0.00 21.87 0.00 0.00 14.72 0.00 0.00 0.00 -3.59 0.00 0.00 69.75 0.00 0.00 0.00 0.00 0.00 0.00 0.00 0.00 0.00 0.00 0.00 0.00 -17.46 -57.18 0.00
56.86 0.00 -98.41 0.00 0.00 0.00 0.00 0.00 0.00 16.92 0.00 0.00 0.00 0.00 0.00 -1.27 0.00 0.00 0.00 0.00 0.00 0.00 0.00 0.00 0.00 0.00 0.00 0.00 0.00 0.00 0.00 0.00 0.00 0.00 0.00 0.00 0.00 92.85 0.00 0.00 0.00 0.00 0.00 81.18 0.00 0.00 0.00 0.00 0.00 37.19 0.00 0.00 0.00 0.00 0.00 0.00 0.00 0.00 0.00 0.00 0.00 0.00 0.00 0.00 0.00 0.00 0.00 0.00 57.57 27.86 0.00 -35.33 0.00 0.00 0.00 0.00 0.00 0.00 0.00 0.00 0.00 0.00 0.00 0.00 -45.48 0.00 22.03 0.00 0.00 0.00 0.00 0.00 88.58 0.00 0.00 0.00 0.00 0.00 0.00 0.00
0.00 0.00 -57.95 -27.26 0.00 0.00 0.00 0.00 0.00 0.00 0.00 -33.49 0.00 0.00 -89.36 0.00 0.00 0.00 0.00 0.00 10.81 0.00 -88.16 0.00 -81.71 0.00 0.00 0.00 8.88 0.00 0.00 30.03 0.00 0.00 0.00 0.00 63.85 0.00 58.22 -23.16 22.92 0.00 -27.07 0.00 0.00 0.00 0.00 0.00 0.00 0.00 0.00 0.00 0.00 0.00 0.00 73.26 0.00 0.00 0.00 0.00 0.00 0.00 0.00 -7.34 55.47 0.00 -46.72 0.00 0.00 0.00 0.00 0.00 0.00 -13.28 0.00 0.00 0.00 0.00 94.28 0.00 -92.59 0.00 0.00 0.00 85.45 0.00 0.00 0.00 0.00 0.00 87.12 0.00 0.00 0.00 0.00 0.00 0.00 0.00 0.00 0.00
0.00 0.00 88.59 0.00 59.84 0.00 44.68 0.00 0.00 0.00 0.00 0.00 16.45 0.00 0.00 0.00 0.00 0.00 0.00 0.00 0.00 0.00 0.00 0.00 0.00 0.00 0.00 0.00 0.00 0.00 0.00 0.00 0.00 0.00 0.00 0.00 0.00 -75.50 0.00 99.21 -24.32 0.00 0.00 -86.93 0.00 -21.54 0.00 0.00 0.00 0.00 0.00 0.00 0.00 0.00 0.00 0.00 0.00 48.43 0.00 16.80 0.00 0.00 0.00 0.00 0.00 0.00 0.00 0.00 0.00 0.00 0.00 0.00 0.00 0.00 0.00 0.00 0.00 0.00 -10.90 0.00 0.00 0.00 0.00 -3.56 0.00 0.00 0.00 0.00 0.00 28.64 44.61 0.00 0.00 0.00 0.00 0.00 -94.69 0.00 0.00 0.00
-41.34 0.00 0.00 0.00 0.00 0.00 0.00 0.00 0.00 45.66 0.00 0.00 0.00 0.00 0.00 0.00 0.00 0.00 0.00 0.00 0.00 0.00 0.00 0.00 -99.26 0.00 72.71 -31.43 0.00 0.00 0.00 0.00 10.88 0.00 0.00 0.00 0.00 0.00 0.00 0.00 0.00 0.00 83.17 98.44 0.00 0.00 0.00 0.00 0.00 0.00 3.56 0.00 0.00 0.00 0.00 -63.55 0.00 0.00 0.00 0.00 -14.85 0.00 0.00 0.00 0.00 0.00 0.00 0.00 0.00 -2.17 0.00 0.00 0.00 -56.14 0.00 0.00 0.00 0.00 0.00 7.80 0.00 -15.06 0.00 0.00 0.00 0.00 0.00 0.00 0.00 0.00 0.00 -67.56 0.00 -32.37 0.00 0.00 0.00 0.00 0.00 0.00
0.00 -33.17 0.00 0.00 0.00 0.00 0.00 0.00 0.00 86.10 0.00 0.00 0.00 0.00 -7.86 0.00 0.00 0.00 0.00 0.00 0.00 0.00 0.00 0.00 0.00 0.00 0.00 0.00 0.00 0.00 0.00 0.00 0.00 0.00 0.00 0.00 0.00 0.00 0.00 0.00 0.00 -33.97 0.00 0.00 0.00 0.00 -38.22 0.00 42.42 0.00 44.49 0.00 0.00 0.00 0.00 -89.80 0.00 0.00 0.00 0.00 0.00 0.00 -40.79 0.00 0.00 0.00 0.00 0.00 0.00 0.00 0.00 0.00 0.00 0.00 0.00 0.00 0.00 0.00 0.00 -29.21 0.00 0.00 0.00 0.00 43.85 0.00 0.00 0.00 0.00 0.00 0.00 0.00 87.85 0.00 0.00 0.00 0.00 0.00 -47.40 86.38
0.00 0.00 0.00 0.00 0.00 -16.29 0.00 0.00 0.00 98.26 0.00 0.00 0.00 0.00 0.00 0.00 0.00 0.00 87.12 0.00 0.00 0.00 0.00 0.00 0.00 0.00 0.00 -6.37 0.00 4.03 0.00 0.00 0.00 0.00 0.00 0.00 0.00 0.00 0.00 0.00 0.00 -2.01 0.00 -23.21 0.00 0.00 2.46 -98.46 13.24 -75.19 0.00 0.00 0.00 0.00 0.00 0.00 0.00 0.00 0.00 0.00 0.00 0.00 36.58 94.31 0.00 32.61 0.00 0.00 0.00 0.00 0.00 0.00 0.00 0.00 -78.48 0.00 0.00 0.00 0.00 0.00 -73.25 -99.76 0.00 0.00 0.00 0.00 -11.65 0.00 0.00 0.00 0.00 0.00 0.00 0.00 0.00 0.00 -49.95 0.00 0.00 0.00
0.00 0.00 0.00 0.00 0.00 0.00 0.00 29.59 0.00 0.00 91.59 0.00 0.00 0.00 11.83 0.00 -28.00 0.00 0.00 0.00 36.07 59.24 0.00 0.00 31.22 0.00 0.00 0.00 0.00 0.00 0.00 0.00 0.00 0.00 0.00 0.00 0.00 0.00 0.00 0.00 0.00 -55.94 0.00 0.00 0.00 0.00 0.00 3.09 56.27 0.00 0.00 0.00 0.00 0.00 0.00 0.00 0.00 -3.33 26.67 0.00 0.00 0.00 -22.81 0.00 0.00 0.00 0.00 0.00 0.00 32.13 0.00 0.00 0.00 0.00 0.00 0.00 0.00 13.78 0.00 0.00 0.00 70.82 0.00 0.00 0.00 0.00 0.00 0.00 0.00 0.00 0.00 0.00 0.00 0.00 0.00 0.00 0.00 0.00 -63.84 -51.03
0.00 0.00 0.00 0.00 0.00 0.00 0.00 0.00 -52.40 38.62 0.00 0.00 0.00 0.00 0.00 -12.27 0.00 0.00 0.00 98.06 0.00 0.00 0.00 0.00 0.00 -99.36 0.00 0.00 0.00 0.00 -75.70 0.00 0.00 0.00 92.36 0.00 0.00 33.25 0.00 0.00 0.00 0.00 0.00 0.00 0.00 0.00 0.00 -16.97 0.00 0.00 0.00 0.00 0.00 0.00 0.00 0.00 -43.69 0.00 0.00 0.00 0.00 0.00 0.00 0.00 0.00 0.00 0.00 0.00 33.49 0.00 0.00 0.00 0.00 0.00 0.00 0.00 0.00 -91.42 0.00 0.00 6.37 0.00 0.00 0.00 0.00 0.00 0.00 0.00 0.00 0.00 0.00 -36.93 0.00 0.00 0.00 0.00 -99.84 -44.60 0.00 0.00
0.00 0.00 0.00 0.00 0.00 72.29 0.00 0.00 73.44 0.00 0.00 -85.36 0.00 0.00 0.00 0.00 0.00 40.71 0.00 0.00 0.00 0.00 0.00 0.00 0.00 0.00 0.00 0.00 0.00 0.00 0.00 0.00 0.00 0.00 -82.50 0.00 0.00 0.00 54.94 -3.03 51.38 0.00 0.00 0.00 0.00 0.00 0.00 0.00 0.00 0.00 0.00 0.00 0.00 0.00 0.00 -18.40 74.16 0.00 0.00 -16.50 0.00 0.00 0.00 -67.42 0.00 0.00 0.00 0.00 44.97 0.00 0.00 0.00 0.00 0.00 0.00 0.00 19.66 0.00 0.00 0.00 0.00 18.76 0.00 0.00 0.00 0.00 0.00 0.00 0.00 0.00 0.00 0.00 -70.22 0.00 0.00 0.00 0.00 -4.51 0.00 0.00
0.00 -56.31 0.00 0.00 0.00 0.00 -72.17 0.00 -3.87 0.00 0.00 0.00 0.00 0.00 0.00 0.00 0.00 0.00 0.00 0.00 -32.00 0.00 0.00 0.00 0.00 0.00 0.00 0.00 -42.61 0.00 0.00 -70.63 0.00 51.03 0.00 0.00 0.00 0.00 0.00 50.92 0.00 0.00 0.00 0.00 0.00 0.00 0.00 0.00 0.00 -99.93 0.00 0.00 59.62 0.00 0.00 0.00 0.00 -5.51 0.00 0.35 0.00 0.00 0.00 0.00 0.00 0.00 0.00 0.00 96.99 0.00 87.10 0.00 0.00 -27.37 0.00 0.00 0.00 0.00 0.00 0.00 0.00 0.00 0.00 70.43 0.00 -98.27 -86.67 0.00 0.00 0.00 0.00 0.00 -74.87 0.00 0.00 0.00 0.00 0.00 0.00 0.00
0.00 0.00 93.88 0.00 0.00 0.00 0.00 0.00 0.00 47.52 0.00 0.00 0.00 0.00 76.51 0.00 12.68 0.00 0.00 0.00 0.00 0.00 21.67 0.00 0.00 0.00 0.00 0.00 0.00 0.00 0.00 -40.00 0.00 0.00 0.00 82.47 0.00 0.00 0.00 3.85 0.00 79.67 38.44 0.00 0.00 0.00 0.00 0.00 0.00 70.84 -24.85 0.00 0.00 0.00 0.00 0.00 0.00 82.13 98.67 0.00 0.00 0.00 0.00 0.00 0.00 71.28 0.00 0.00 0.00 -49.88 0.00 -6.74 0.00 0.00 0.00 0.00 0.00 -62.15 -61.64 0.00 0.00 0.00 0.00 0.00 0.00 0.00 0.00 0.00 0.00 -18.62 0.00 0.00 0.00 0.00 0.00 0.00 0.00 -62.08 0.00 0.00
-64.82 0.00 0.00 0.00 0.00 -86.93 0.00 38.28 0.00 0.00 0.00 -67.84 0.00 0.00 0.00 0.00 0.00 0.00 -99.83 0.00 0.00 0.00 0.00 0.00 0.00 0.00 0.00 -51.89 0.00 -60.21 -98.10 -1.34 -35.08 0.00 0.00 0.00 0.00 0.00 0.00 -67.01 -53.83 0.00 0.00 0.00 -58.58 0.00 0.00 0.00 82.88 0.00 0.00 0.00 0.00 0.00 0.00 0.00 -94.96 0.00 0.00 0.00 0.00 0.00 0.00 0.00 0.00 0.00 0.00 0.00 0.00 0.00 1.43 0.00 0.00 -97.45 0.00 0.00 0.00 0.00 0.00 0.00 0.00 46.10 0.00 18.30 40.99 0.00 0.00 16.93 0.00 0.00 0.00 0.00 -69.35 0.00 0.00 0.00 23.11 0.00 0.00 0.00
52.80 0.00 -98.08 0.00 0.00 0.00 0.00 0.00 0.00 73.24 -53.94 0.00 0.00 0.00 0.00 0.00 0.00 -60.23 0.00 0.00 0.00 0.00 0.00 0.00 0.00 -51.20 0.00 0.00 0.00 64.65 0.00 14.91 0.00 0.00 0.00 0.00 21.19 0.00 0.00 0.00 0.00 0.00 0.00 0.00 0.00 0.00 0.00 0.00 0.00 0.00 0.00 77.73 0.00 0.00 0.00 0.00 0.00 0.00 -9.61 0.00 0.00 90.56 0.00 0.00 0.00 0.00 0.00 0.00 0.00 0.00 77.90 0.00 0.00 0.00 0.00 0.00 0.00 38.50 -69.65 0.00 0.00 0.00 -83.00 0.00 0.00 -62.85 32.48 0.00 -12.80 0.00 0.00 20.53 0.00 0.00 0.00 0.00 73.91 -29.92 0.00 0.00
0.00 0.00 0.00 25.58 0.00 12.54 0.00 0.00 -27.37 0.00 -28.33 0.00 0.00 -31.96 -86.39 0.00 -74.19 0.00 0.00 0.00 0.00 0.00 0.00 -1.31 36.72 0.00 0.00 0.00 0.00 0.00 0.00 0.00 78.61 0.00 0.00 0.00 0.00 0.00 0.00 0.00 37.82 0.00 0.00 0.00 0.00 0.00 0.00 0.00 47.16 0.00 0.00 0.00 0.00 -75.34 0.00 0.00 0.00 0.00 0.00 0.00 0.00 0.00 0.00 0.00 0.00 0.00 0.00 -85.21 0.00 0.00 0.00 0.00 0.00 0.00 0.00 0.00 0.00 0.00 0.00 0.00 0.00 0.00 0.00 0.00 0.00 -66.84 0.00 -73.48 0.00 0.00 0.00 0.00 29.70 0.00 0.00 0.00 0.00 0.00 0.00 0.00
0.00 0.00 0.00 0.00 0.00 0.00 0.00 0.00 0.00 0.00 0.00 0.00 0.00 0.00 0.00 0.00 0.00 0.00 0.00 0.00 54.35 -95.76 0.00 -79.92 44.91 0.00 0.00 0.00 0.00 82.14 95.80 0.00 0.00 0.00 0.00 0.00 0.00 0.00 0.00 -87.54 99.14 -29.85 0.00 0.00 44.94 -13.66 0.00 0.00 0.00 0.00 0.00 0.00 90.69 0.00 0.00 0.00 0.00 56.05 0.00 0.00 93.63 0.00 0.00 0.00 0.00 0.00 53.47 0.00 0.00 0.00 0.00 0.00 0.00 0.00 0.00 5.79 0.00 0.00 0.00 0.00 0.00 0.00 0.00 0.00 0.00 0.00 0.00 0.00 0.00 0.00 0.00 0.00 0.00 0.00 0.00 0.00 0.00 0.00 3.46 0.00
0.00 -37.66 0.00 0.00 0.00 0.00 0.00 73.83 0.00 0.00 0.00 0.00 0.00 17.07 0.00 0.00 0.00 -11.85 0.00 0.00 0.00 0.00 0.00 0.00 0.00 0.00 0.00 0.00 -27.49 0.00 0.00 0.00 0.00 0.00 -9.01 0.00 -33.24 0.00 0.00 0.00 0.00 0.00 0.00 -89.68 0.00 0.00 -24.64 0.00 28.63 0.00 0.00 0.00 0.00 0.00 0.00 0.00 0.00 0.00 0.00 0.00 0.00 0.00 0.00 0.00 0.00 0.00 0.00 0.00 0.00 0.00 0.00 0.00 0.00 0.00 0.00 0.00 0.00 -37.67 0.00 0.00 0.00 0.00 0.00 0.00 0.00 0.00 0.00 8.52 0.00 0.00 0.00 0.00 0.00 0.00 0.00 0.00 0.00 92.36 0.00 0.00
0.00 0.00 0.00 0.00 0.00 0.00 0.00 0.00 0.00 0.00 0.00 92.03 0.00 -37.13 0.00 0.00 0.00 0.00 0.00 0.00 0.00 96.60 0.00 0.00 0.00 0.00 -50.68 0.00 0.00 0.00 0.00 0.00 0.00 -55.02 0.00 0.00 -84.07 0.00 0.00 0.00 0.00 0.00 0.00 0.00 0.00 0.00 -54.89 0.00 0.00 0.00 0.00 0.00 0.00 0.00 0.00 -5.35 -47.72 0.00 0.00 52.47 0.00 0.00 0.00 -60.42 0.00 0.00 75.83 80.36 0.00 0.00 0.00 0.00 0.00 0.00 95.64 0.00 0.00 69.45 0.00 33.82 0.00 1.42 0.00 0.00 0.00 0.00 0.00 0.00 0.00 -27.10 0.00 0.00 0.00 0.00 0.00 -66.63 12.46 0.00 -72.83 0.00
0.00 0.00 0.00 0.00 0.00 0.00 58.73 0.00 -77.83 0.00 0.00 0.00 0.00 0.00 0.00 0.00 0.00 0.00 0.00 18.16 0.00 0.00 0.00 0.00 0.00 0.00 0.00 0.00 0.00 0.00 0.00 0.00 -37.31 0.00 0.00 0.00 0.00 0.00 0.00 0.00 0.00 0.00 0.00 0.00 0.00 0.00 0.00 0.00 -30.29 0.00 0.00 0.00 0.00 0.00 0.00 93.52 0.00 0.00 0.00 -71.47 0.00 0.00 32.04 0.00 0.00 0.00 0.00 0.00 39.25 0.00 0.00 0.00 0.00 0.00 -79.12 0.00 0.00 0.00 24.06 0.00 0.00 0.00 -60.68 0.00 -82.52 0.00 0.00 0.00 0.00 -89.42 -15.70 -66.59 0.00 0.00 0.00 0.00 0.00 -7.10 78.95 0.00
0.00 0.00 0.00 22.90 0.00 0.00 -54.63 0.00 -44.27 0.00 0.00 0.00 0.00 0.00 0.00 0.00 0.00 0.00 0.00 0.00 0.00 0.00 0.00 0.00 0.00 -1.28 0.00 0.00 0.00 0.00 0.00 -74.28 -11.43 0.00 0.00 0.00 0.00 0.00 0.00 0.00 -31.84 0.00 0.00 96.76 0.00 0.00 0.00 0.00 -72.80 78.27 0.00 -32.67 0.00 0.00 0.00 0.00 0.00 0.00 0.00 0.00 0.00 0.00 0.00 0.00 0.00 0.00 0.00 0.00 0.00 0.00 0.00 0.00 39.66 0.00 0.00 0.00 0.00 0.00 0.00 0.00 0.00 0.00 0.00 -94.57 0.00 0.00 0.00 0.00 -73.95 0.00 0.00 0.00 61.83 0.00 0.00 0.00 23.60 0.00 0.00 -11.25
0.00 0.00 0.00 0.00 0.00 0.00 0.00 0.00 0.00 0.00 0.00 0.00 0.00 0.00 0.00 -68.47 0.00 54.32 0.00 0.00 0.00 0.00 0.00 54.49 0.00 0.00 0.00 63.57 0.00 -6.44 0.00 0.00 0.00 75.37 0.00 0.00 0.00 0.00 0.00 0.00 24.84 0.00 0.00 0.00 32.88 0.00 -69.95 0.00 0.00 35.42 0.00 0.00 0.00 0.00 -45.62 0.68 0.00 -34.47 -29.47 0.00 0.00 0.00 0.00 0.00 0.00 -76.43 10.90 0.00 0.00 0.00 0.00 0.00 0.00 0.00 0.00 26.27 0.00 0.00 0.00 22.30 0.00 0.00 0.00 0.00 0.00 0.00 0.00 0.00 73.83 0.00 -85.17 0.00 0.00 0.00 0.00 0.00 0.00 -72.34 70.58 0.00
0.00 -57.97 0.00 0.00 0.00 -94.07 0.00 0.00 0.00 0.00 0.00 0.00 -62.10 0.00 0.00 0.00 0.00 0.00 0.00 0.00 0.00 0.00 0.00 0.00 0.00 -81.11 0.00 0.00 0.00 0.00 0.00 0.00 0.00 0.00 0.00 0.00 0.00 0.00 0.00 0.00 0.00 -88.64 0.00 0.00 0.00 0.00 0.00 0.00 0.00 0.00 0.00 0.00 1.17 0.00 0.00 80.73 0.00 0.00 72.17 0.00 -72.88 0.00 -50.54 0.00 26.49 0.00 0.00 0.00 0.00 0.00 0.00 0.00 0.00 0.00 0.00 0.00 81.61 0.00 0.00 0.00 0.00 0.00 0.00 -86.97 0.00 -42.75 0.00 0.00 94.18 0.00 75.08 -72.66 0.00 0.00 0.00 -75.77 0.00 0.00 47.70 0.00
0.00 0.00 0.00 0.00 0.00 0.00 0.00 0.00 0.00 0.00 -18.28 0.00 0.00 0.00 0.00 24.91 0.00 0.00 0.00 0.00 0.00 -86.78 0.00 0.00 0.00 52.26 0.00 0.00 85.69 61.33 0.00 0.00 0.00 15.73 7.98 35.16 0.00 30.56 0.00 0.00 0.00 0.00 0.00 0.00 0.00 0.00 0.00 0.00 0.00 35.65 0.00 0.00 0.00 0.00 0.00 0.00 0.00 0.00 5.73 0.00 0.00 0.00 -90.20 0.00 41.58 0.00 0.00 80.85 0.00 0.00 -71.31 90.15 0.00 0.00 0.00 0.00 0.00 -17.99 0.00 -90.59 0.00 0.00 0.00 0.00 62.32 0.00 0.00 0.00 0.00 0.00 0.00 0.00 0.00 0.00 0.00 0.00 0.00 0.00 0.00 0.00
0.00 0.00 9.13 0.00 0.00 0.00 0.00 0.00 0.00 0.00 0.00 0.00 0.00 0.00 0.00 0.00 0.00 0.00 0.00 0.00 0.00 0.00 0.00 0.00 0.00 0.00 0.00 0.00 0.00 0.00 -41.12 0.00 0.00 0.00 0.00 0.00 0.00 0.00 0.00 26.01 -9.27 0.00 0.00 0.00 0.00 0.00 0.00 0.00 0.00 0.00 0.00 0.00 0.00 0.00 9.12 0.00 0.00 83.26 0.00 22.11 0.00 0.00 0.00 0.00 0.00 0.00 0.00 0.00 0.00 21.40 0.00 0.00 -89.41 0.00 0.00 46.34 0.00 0.00 0.00 0.00 0.00 0.00 0.00 0.00 0.00 -30.91 0.00 0.00 29.53 0.00 0.00 0.00 0.00 0.00 8.45 0.00 0.00 0.00 0.00 0.00
19.53 0.00 0.00 0.00 18.99 0.00 0.00 0.00 -5.86 0.00 0.00 -19.15 0.00 0.00 0.00 0.00 0.00 0.00 -65.29 0.00 0.00 0.00 0.00 0.00 0.00 0.00 0.00 0.00 0.00 0.00 -60.68 0.00 0.00 0.00 0.00 0.00 0.00 0.00 0.00 0.00 0.00 0.00 0.00 -84.00 0.00 0.00 65.27 0.00 0.00 0.00 0.00 74.97 0.00 0.00 0.00 0.00 0.00 0.00 0.00 0.00 58.95 0.00 -87.73 0.00 53.75 39.79 -59.03 0.00 43.90 0.00 0.00 0.00 0.00 0.00 0.00 0.00 0.00 0.00 0.00 -41.00 0.00 0.00 0.00 0.00 0.00 0.00 0.00 0.00 -12.41 0.00 0.00 0.00 0.00 0.00 0.00 0.00 0.00 0.00 0.00 0.00
0.00 0.00 0.00 0.00 0.00 0.00 43.42 0.00 68.13 0.00 0.00 83.68 0.00 0.00 0.00 0.00 0.00 0.00 -30.58 0.00 0.00 0.00 0.00 -3.94 -7.21 0.00 -10.12 0.00 -81.84 0.00 -48.61 0.00 0.00 0.00 0.00 0.00 0.00 0.00 0.00 0.00 37.69 0.00 0.00 0.00 0.00 0.00 -98.29 0.00 0.00 0.00 57.70 -32.79 0.00 10.16 -22.78 86.20 0.00 0.00 0.00 0.00 0.00 0.00 0.00 0.00 0.00 -58.50 0.00 0.00 0.00 0.00 0.00 0.00 0.00 95.28 -79.10 0.00 0.00 -19.17 0.00 0.00 -51.51 0.00 0.00 0.00 0.00 0.00 -76.63 0.00 0.00 0.00 0.00 0.00 0.00 0.00 0.00 0.00 0.00 0.00 0.00 0.00
0.00 0.00 -7.00 0.00 0.00 0.00 0.00 -92.57 -64.35 0.00 0.00 0.00 0.00 0.00 0.00 0.00 0.00 -53.25 0.00 0.00 0.00 0.00 0.00 0.00 0.00 0.00 0.00 0.00 0.00 0.00 0.00 0.00 0.00 84.43 13.83 0.00 -72.15 0.00 0.00 0.00 0.00 0.00 0.00 0.00 0.00 0.00 0.00 0.00 -56.58 -98.59 -91.53 -51.25 0.00 0.00 0.00 0.00 0.00 85.10 0.00 0.00 0.00 0.00 0.00 0.00 0.00 -22.11 0.00 0.00 44.81 0.00 0.00 0.00 15.09 0.00 0.00 0.00 0.00 0.00 0.00 0.00 0.00 0.00 0.00 0.00 0.00 0.00 -95.03 -99.83 0.00 0.00 0.00 0.00 0.00 0.00 0.00 0.00 0.00 0.00 0.00 0.00
0.00 0.00 0.00 66.49 0.00 0.00 0.00 0.00 0.00 0.00 0.00 0.00 0.00 0.00 0.00 0.00 0.00 42.66 0.00 0.00 0.00 -60.91 61.39 0.00 0.00 0.00 0.00 0.00 -52.93 0.00 0.00 0.00 0.00 0.00 0.00 0.00 0.00 0.00 0.00 0.00 0.00 49.26 -61.40 0.00 0.00 -66.74 0.00 0.00 0.00 90.76 0.00 0.00 0.00 0.00 -28.92 0.00 0.00 0.00 0.00 0.00 0.00 -8.63 0.00 0.00 0.00 0.00 0.00 8.79 0.00 19.57 0.00 51.96 0.00 -98.21 0.00 0.00 27.00 0.00 -75.19 0.00 -14.25 0.00 0.00 11.42 0.00 0.00 0.00 0.00 0.00 38.64 0.00 0.00 0.00 50.81 0.00 0.00 0.00 0.00 92.05 0.00
0.00 0.00 0.00 0.00 0.00 0.00 0.00 0.00 0.00 40.05 0.00 59.28 -59.21 0.00 0.00 25.14 0.00 -25.63 0.00 0.00 0.00 0.00 0.00 0.00 0.00 0.00 0.00 0.00 0.00 0.00 0.00 0.00 0.00 -77.20 0.00 -22.56 0.00 0.00 0.00 0.00 0.00 0.00 0.00 0.00 0.00 -20.66 0.00 0.00 0.00 0.00 0.00 0.00 0.00 0.00 0.00 0.00 0.00 -77.02 0.00 0.00 0.00 0.00 0.00 0.00 -56.08 0.00 0.00 -78.00 0.00 0.00 -37.93 0.00 0.00 0.00 0.00 0.00 0.00 -94.70 0.00 0.00 0.00 0.00 0.00 -30.93 0.00 -51.47 -18.89 0.00 39.55 -23.50 52.19 0.00 0.00 0.00 -31.88 85.29 0.00 0.00 0.00 0.00
-28.24 0.00 -79.93 0.00 0.00 0.00 87.08 0.00 -64.04 0.00 0.00 0.00 0.00 0.00 -17.91 0.00 0.00 -27.18 0.00 0.00 0.00 0.00 0.00 0.00 84.60 0.00 0.00 0.00 0.00 0.00 0.00 0.00 0.00 0.00 0.00 0.00 0.00 0.00 -79.28 -76.38 0.00 0.00 76.64 0.00 0.00 0.00 0.00 0.00 60.78 0.00 -79.90 -82.57 0.00 0.00 0.00 0.00 0.00 0.00 0.00 23.12 0.00 0.00 0.00 0.00 0.00 0.00 0.00 -5.53 0.00 -59.77 0.00 0.00 0.00 0.00 -99.45 0.00 0.00 0.00 73.82 0.00 0.00 0.42 -18.32 -66.98 0.00 99.71 0.00 0.00 24.19 0.00 0.00 0.00 39.30 0.00 0.00 0.00 0.00 0.00 0.00 0.00
0.00 -51.77 0.00 0.00 0.00 -94.71 0.00 0.00 0.00 0.00 16.05 0.00 0.00 0.00 0.00 0.00 61.94 0.00 94.70 84.18 0.00 0.00 0.00 47.23 0.00 0.00 0.00 3.66 0.00 0.00 -58.55 0.00 0.00 0.00 0.00 0.00 0.00 0.00 0.00 0.00 0.00 0.00 0.00 71.51 39.62 0.00 0.00 0.00 0.00 0.00 0.00 0.00 0.00 0.00 0.00 0.00 0.00 0.00 23.55 0.00 0.00 0.00 0.00 -55.67 0.00 0.00 0.00 0.00 0.00 0.00 61.42 0.00 0.00 0.00 0.00 0.00 0.00 0.00 0.00 0.00 0.00 0.00 44.27 0.00 0.00 0.00 0.00 0.00 0.00 0.00 0.00 0.00 0.00 0.00 0.00 0.00 0.00 0.00 0.00 5.16
38.06 42.25 0.00 25.27 0.00 0.00 0.00 55.49 0.00 0.00 0.00 2.58 0.00 -80.27 0.00 -67.08 3.13 -69.25 33.35 0.00 0.00 0.00 0.00 84.82 0.00 0.00 0.00 0.00 0.00 0.00 0.00 0.00 0.00 0.00 0.00 0.00 0.00 0.00 0.00 0.00 0.00 0.00 0.98 0.00 0.00 0.00 33.05 0.00 46.21 0.00 0.00 0.00 0.00 0.00 0.00 0.00 0.00 0.00 0.00 0.00 0.00 0.00 -59.72 0.00 0.00 0.00 0.00 0.00 -81.52 0.00 0.00 0.00 51.51 0.00 0.00 93.54 0.00 0.00 0.00 0.00 80.43 0.00 0.00 0.00 0.00 0.00 0.00 0.00 0.00 0.00 0.00 0.00 0.00 0.00 83.41 0.00 0.00 0.00 0.00 0.00
0.00 77.71 0.00 0.00 0.00 27.65 0.00 0.00 0.00 0.00 0.00 0.00 0.00 0.00 0.00 0.00 0.00 0.00 0.00 0.00 0.00 0.00 -12.94 0.00 0.00 0.00 0.00 0.00 0.00 0.00 0.00 -43.63 0.00 -0.85 0.00 0.00 0.00 -36.12 0.00 -82.88 80.69 -74.70 0.00 0.00 0.00 98.60 0.00 23.06 0.00 0.00 0.00 0.00 0.00 0.00 0.00 -99.44 40.85 0.00 0.00 0.00 0.00 0.00 0.00 0.00 0.00 0.00 0.00 0.00 0.00 0.00 0.00 0.00 -51.68 0.00 0.00 0.00 0.00 0.00 0.00 56.05 0.00 -56.58 0.00 0.00 5.26 0.00 0.00 0.00 88.97 0.00 0.00 0.00 0.00 0.00 0.00 0.00 0.00 0.00 83.76 73.23
0.00 59.52 0.00 0.00 -94.23 0.00 0.00 0.00 0.00 -25.80 0.00 0.00 0.00 0.00 0.00 0.00 0.00 0.00 0.00 -7.44 0.00 0.00 0.00 0.00 51.99 51.69 0.00 0.00 0.00 0.00 11.05 40.70 45.23 0.00 0.00 0.00 28.68 0.00 0.00 0.00 0.00 24.10 0.00 60.14 0.00 -6.47 0.00 0.00 0.00 0.00 0.00 0.00 0.00 0.00 0.00 0.00 -51.64 0.00 0.00 -83.50 0.00 0.00 0.00 0.00 0.00 -70.12 49.45 0.00 0.00 0.00 0.00 0.00 0.00 0.00 0.00 -29.17 0.00 -89.43 0.00 0.00 -88.05 -30.57 0.00 70.84 0.00 0.00 0.00 -87.49 0.00 0.00 0.00 0.00 0.00 -52.52 0.00 0.00 0.00 0.00 0.00 -43.64
0.00 0.00 0.00 0.00 -94.24 0.00 0.00 0.00 0.00 0.00 0.00 0.00 0.00 0.00 0.00 28.11 0.00 0.00 0.00 0.00 0.00 0.00 0.00 0.00 0.00 0.00 0.00 0.00 0.00 0.00 0.00 0.00 0.00 0.00 98.83 0.00 0.00 -68.06 11.86 0.00 0.00 0.00 0.00 0.00 0.00 0.00 72.05 0.00 91.46 0.00 0.00 0.00 0.00 0.00 0.00 0.00 0.00 54.85 0.00 -16.54 0.00 0.00 0.00 0.00 -15.98 6.83 0.00 0.00 -64.86 -67.73 0.00 0.00 0.00 0.00 0.00 0.00 0.00 0.00 0.00 0.00 0.00 -52.48 0.00 0.00 0.00 0.00 -82.43 0.00 0.00 0.00 0.00 0.00 0.00 0.00 0.00 0.00 0.00 0.00 0.00 0.00
0.00 0.00 0.00 98.16 -91.18 0.00 -85.08 0.00 0.00 0.00 0.00 0.00 0.00 0.00 0.00 0.00 0.00 0.00 0.00 0.00 0.00 0.00 0.00 0.00 0.00 0.00 0.00 0.00 -8.32 0.00 -5.61 0.00 -31.37 0.00 0.00 21.56 0.00 0.00 0.00 0.00 0.00 -18.96 39.47 0.00 0.00 0.00 69.34 -7.00 -91.11 0.00 0.00 0.00 40.17 0.00 0.00 0.00 0.00 0.00 0.00 0.00 0.00 0.00 0.00 0.00 42.72 -43.63 0.00 0.00 0.00 0.00 0.00 0.00 0.00 -66.27 0.00 0.00 0.00 85.70 0.00 0.00 84.48 -67.44 0.00 0.00 0.00 0.00 0.00 0.00 -82.37 33.54 -95.40 0.00 0.00 0.00 -90.92 0.00 0.00 -11.62 0.00 0.00
25.27 0.00 30.31 0.00 0.00 0.00 95.21 0.00 0.00 0.00 0.00 0.00 97.63 0.00 0.00 0.00 0.00 99.79 -20.07 0.00 -84.81 0.00 0.00 0.00 0.00 0.00 0.00 0.00 0.00 0.00 97.94 0.00 0.00 0.00 0.00 0.00 0.00 25.96 0.00 0.00 0.00 0.00 -69.89 0.00 0.00 0.00 0.00 0.00 0.00 0.00 0.00 0.00 0.00 0.00 0.00 0.00 0.00 0.00 0.00 0.00 0.00 0.00 0.00 0.00 26.82 0.00 0.00 0.00 0.00 0.00 -42.45 -1.25 0.00 -14.41 0.00 0.00 38.60 0.00 0.00 -24.58 0.00 0.00 0.00 0.00 0.00 0.00 0.00 0.00 0.00 0.00 0.00 -7.87 0.00 0.00 0.00 0.00 -31.20 0.00 0.00 0.00
0.00 -15.69 0.00 0.00 0.00 -30.49 0.00 -88.49 0.00 0.00 0.00 0.00 0.00 0.00 0.00 0.00 0.00 0.00 77.89 0.00 0.00 3.24 0.00 0.00 97.21 0.00 0.00 99.57 0.00 35.80 0.00 0.00 0.00 -47.96 0.00 0.00 0.00 33.10 0.00 0.00 77.62 0.00 -38.87 0.00 0.00 0.00 0.00 0.00 0.00 -78.52 0.00 0.00 0.00 2.88 0.00 0.00 0.00 0.00 0.00 -71.36 0.00 -46.11 0.00 0.00 0.00 0.00 37.71 0.00 -71.57 0.00 0.00 0.00 0.00 0.00 0.00 0.00 0.00 0.00 71.04 0.00 90.12 -36.43 0.00 0.00 0.00 0.00 34.20 0.00 0.00 0.00 0.00 0.00 0.00 0.00 0.00 -79.78 0.00 0.00 0.00 0.00
0.00 0.00 -72.40 0.00 0.00 0.00 0.00 0.00 0.00 0.00 0.00 91.76 56.18 0.00 0.00 0.00 0.00 0.00 0.00 0.00 0.00 0.00 0.00 0.00 0.00 0.00 0.00 0.00 13.19 0.00 0.00 67.56 0.00 0.00 0.00 0.00 -31.20 0.00 0.00 0.00 0.00 0.00 0.00 0.00 0.00 0.00 -94.69 0.00 0.00 0.00 0.00 0.00 0.00 0.00 0.00 0.00 0.00 0.00 0.00 0.00 0.00 -63.65 0.00 0.00 0.00 0.00 0.00 53.11 0.00 0.00 0.00 0.00 12.03 0.00 -14.93 0.00 0.00 0.00 0.00 0.00 0.00 0.00 0.00 0.00 0.00 0.00 68.20 0.00 0.00 0.00 -84.73 0.00 -17.72 0.00 67.76 51.07 0.00 0.00 34.32 0.00
0.00 0.00 0.00 0.00 0.86 65.89 0.00 0.00 0.00 0.00 0.00 -67.35 0.00 0.00 0.00 0.00 0.00 0.00 59.55 0.00 5.98 0.00 0.00 0.00 -38.70 0.00 0.00 0.00 0.00 0.00 0.00 0.00 0.00 0.00 -86.57 0.00 -56.32 0.00 0.00 0.00 0.00 0.00 0.00 0.00 0.00 0.00 0.00 26.94 0.00 0.00 0.00 0.00 0.00 0.00 0.00 0.00 0.00 0.00 0.00 0.00 -78.33 0.00 0.00 -66.21 0.00 -72.29 0.00 0.00 0.00 0.00 0.00 0.00 0.00 0.00 55.88 0.00 -8.77 0.00 0.00 0.00 0.00 -44.69 0.00 0.00 84.84 0.00 0.00 0.00 0.00 0.00 0.00 0.00 0.00 0.00 0.00 0.00 -15.39 0.00 -94.30 0.00
0.00 0.00 52.39 0.00 0.00 0.00 0.00 0.00 0.00 0.00 0.00 53.42 0.00 0.00 0.00 0.00 0.00 0.00 0.00 0.00 0.00 0.00 0.00 0.00 0.00 0.00 0.00 0.00 0.00 0.00 -88.98 0.00 0.00 0.00 88.74 0.00 0.00 0.00 0.00 0.00 0.00 0.00 0.00 0.00 0.00 0.00 0.00 0.00 0.00 0.00 0.00 43.73 23.05 0.00 0.00 0.00 0.00 0.00 0.00 -26.20 0.00 11.93 0.00 0.00 0.00 0.00 0.00 75.53 0.00 0.00 93.29 0.00 0.00 0.00 0.00 0.00 0.00 0.00 -20.32 63.81 0.00 0.00 0.00 64.82 0.00 80.54 0.00 0.00 0.00 0.00 0.00 0.00 29.69 0.00 0.00 0.00 0.00 0.00 0.00 97.47
0.00 40.08 0.00 0.00 0.00 -27.13 -4.03 0.00 90.73 0.00 0.00 0.00 0.00 0.00 16.56 0.00 0.00 0.00 0.00 0.00 0.00 0.00 0.00 -39.89 -87.61 87.56 0.00 0.00 0.00 0.00 0.00 -12.17 -94.53 0.00 0.00 0.00 -21.22 0.00 43.14 0.00 0.00 0.00 0.00 0.00 0.00 0.00 0.00 90.31 0.00 0.00 -99.40 0.00 0.00 0.00 0.00 0.00 48.85 0.00 0.00 0.00 79.90 0.00 0.00 0.00 0.00 54.02 0.00 0.00 0.00 97.08 0.00 0.00 68.63 0.00 0.00 0.00 0.00 0.00 0.00 34.95 0.00 57.33 0.00 -20.36 0.00 0.00 -53.13 0.00 0.00 0.00 32.86 10.13 63.77 0.00 33.87 0.00 0.00 0.00 0.00 0.00
0.00 -25.06 0.00 0.00 0.00 0.00 81.51 0.00 0.00 0.00 0.00 -36.45 0.00 0.00 0.00 0.00 0.00 0.00 9.62 0.00 0.00 0.00 0.00 0.00 0.00 0.00 0.00 0.00 0.00 58.80 0.00 73.64 0.00 -57.21 0.00 0.00 0.00 0.00 0.00 0.00 49.52 -9.81 0.00 0.00 0.00 0.00 0.00 0.00 2.91 0.00 99.12 0.00 0.00 0.00 0.00 0.00 0.00 0.00 0.00 -22.26 0.00 0.00 0.00 0.00 0.00 0.00 0.00 0.00 0.00 90.74 0.00 0.00 0.00 -58.20 0.00 0.00 0.00 0.00 0.00 0.00 93.74 0.00 0.00 71.08 -30.69 0.00 -68.46 19.92 0.00 0.00 0.00 -50.79 0.00 85.56 54.20 0.00 0.00 0.00 0.00 0.00
0.00 0.00 0.00 0.00 0.00 0.00 -82.17 0.00 0.00 0.00 0.00 0.00 0.00 0.00 0.00 57.71 0.00 0.00 11.53 0.00 0.00 0.00 34.68 -58.21 0.00 0.00 -18.41 -55.19 0.00 0.00 0.00 0.00 0.00 0.00 0.00 -94.45 0.00 0.00 -84.55 0.00 0.00 0.00 0.00 56.96 0.00 0.00 87.06 0.00 0.00 0.00 16.21 0.00 0.00 -33.43 45.85 0.00 0.00 -10.16 0.00 0.00 0.00 0.00 9.37 0.00 32.57 0.00 -82.77 -50.52 0.00 0.00 0.00 0.00 0.00 0.00 0.00 0.00 0.00 0.00 0.00 0.00 0.00 0.00 0.00 0.00 0.00 68.90 32.19 0.00 -59.79 0.00 0.00 0.00 -89.31 0.00 0.00 0.00 0.00 0.00 0.00 0.00
0.00 0.00 0.00 0.00 0.00 0.00 25.92 -51.51 0.00 0.00 0.00 0.00 -20.00 57.46 68.42 0.00 29.21 0.00 0.00 0.00 0.00 0.00 0.00 80.22 0.00 0.00 0.00 0.00 0.00 0.00 0.00 0.00 0.00 0.00 59.82 84.26 75.13 0.00 -28.66 18.93 -83.09 0.00 0.00 90.14 -99.06 0.00 0.00 0.00 0.00 0.00 0.00 -77.54 0.00 0.00 0.00 0.00 -57.21 0.00 0.00 0.00 0.00 57.91 0.00 0.00 0.00 -53.27 0.00 0.00 0.00 0.00 59.01 0.00 0.00 0.00 -38.32 0.00 92.58 0.00 0.00 0.00 0.00 0.00 0.00 -13.95 -91.75 0.00 25.15 0.00 0.00 0.00 40.50 -42.27 0.00 0.00 0.00 31.25 0.00 0.00 0.00 0.00
0.00 0.00 0.00 0.00 0.00 0.00 0.00 -27.32 0.00 0.00 0.00 0.00 35.15 0.00 0.00 0.00 0.00 41.94 -64.20 0.00 0.00 0.00 0.00 0.00 0.00 83.65 0.00 0.00 -78.07 -69.54 0.00 0.00 0.00 0.00 0.00 0.00 0.00 0.00 0.00 0.00 0.00 0.00 0.00 0.00 0.00 0.00 89.27 0.00 0.00 0.00 0.00 0.00 88.36 0.00 0.00 0.00 0.00 0.00 0.00 0.00 0.00 0.00 0.00 0.00 0.00 0.00 0.00 0.00 0.00 0.00 -52.12 0.00 0.00 0.00 0.00 49.08 0.00 72.61 0.00 0.00 0.00 0.00 0.00 -77.00 -42.37 28.74 0.00 0.00 -60.08 0.00 0.00 0.00 0.00 0.00 0.00 0.00 -52.24 0.00 29.69 0.00
-0.41 0.00 0.00 0.00 -9.44 0.00 0.00 24.80 0.00 46.32 0.00 0.00 -13.23 86.48 0.00 0.00 0.00 0.00 0.00 0.00 0.00 0.00 76.11 0.00 0.00 0.00 0.00 -89.98 0.00 0.00 0.00 94.74 0.00 0.00 0.00 0.00 38.46 0.00 50.52 0.00 -47.54 0.00 0.00 0.00 0.00 0.00 0.00 0.00 -30.30 -76.81 0.00 -75.18 -88.37 0.00 0.00 0.00 0.00 -3.80 -91.54 0.00 0.00 0.00 0.00 0.00 0.00 -29.23 26.66 0.00 0.00 0.00 0.00 0.00 0.00 0.00 0.00 0.00 0.00 0.00 0.00 0.00 0.00 -65.07 0.00 0.00 0.00 -40.88 0.00 0.00 0.00 0.00 0.00 0.00 0.00 0.00 0.00 0.00 0.00 74.54 84.01 -31.07
0.00 0.00 -65.25 0.00 -58.37 97.68 0.00 0.00 11.88 0.00 0.00 0.00 0.00 0.00 0.00 0.00 0.00 26.61 0.00 64.57 -88.54 0.00 -82.84 0.00 0.00 0.00 0.00 0.00 0.00 0.00 -10.64 0.00 95.00 41.14 0.00 0.00 0.00 -24.17 0.00 71.10 0.00 0.00 0.00 0.00 0.00 51.16 0.00 0.00 0.00 7.77 0.00 0.00 0.00 0.00 0.00 0.00 0.00 9.55 0.00 0.00 0.00 0.00 0.00 0.00 38.89 97.45 0.00 0.00 79.25 0.00 0.00 0.00 0.00 0.00 0.00 99.29 0.00 0.00 -77.74 0.00 0.00 0.00 0.00 0.00 0.00 0.00 -71.92 -4.51 0.00 0.00 0.00 0.00 0.00 -69.28 0.00 0.00 0.00 -1.15 0.00 0.00
0.00 0.00 -77.86 0.00 0.00 0.00 0.00 0.00 0.00 0.00 0.00 0.00 0.00 0.00 0.00 0.00 0.00 -34.35 0.00 0.00 0.00 0.00 95.19 0.00 0.00 -66.11 0.00 0.00 0.00 0.00 0.00 0.00 0.00 -13.14 0.00 1.32 0.00 0.00 0.00 0.00 -31.36 0.00 0.00 0.00 0.00 0.00 0.00 0.00 28.50 0.00 0.00 0.00 0.00 0.00 0.00 -1.01 0.00 80.52 0.00 0.00 -44.90 0.76 0.00 0.00 0.00 0.00 0.00 0.00 91.98 0.00 0.00 0.00 0.00 0.00 9.47 0.00 0.00 0.00 0.00 0.00 -72.68 0.00 0.00 0.00 0.00 86.97 0.00 0.00 0.00 -12.19 0.00 0.00 0.00 0.00 0.00 0.00 0.00 0.00 0.00 0.00
0.00 0.00 0.00 0.00 0.00 0.00 0.00 0.00 0.00 0.00 0.00 0.00 3.16 95.27 0.00 0.00 0.00 -61.04 0.00 0.00 0.00 -51.87 4.81 0.00 0.00 0.00 -84.95 -54.43 21.26 0.00 0.00 0.00 0.00 0.00 0.00 -85.66 0.00 0.00 -32.17 0.00 0.00 0.00 49.34 0.00 0.00 0.00 0.00 0.00 0.00 0.00 0.00 0.00 0.00 0.00 0.00 0.00 0.00 9.83 0.00 0.00 35.76 0.00 0.00 0.00 -14.60 31.97 0.00 0.00 0.00 0.00 -61.39 0.00 0.00 0.00 0.00 0.00 0.00 17.79 0.00 0.00 -96.94 25.48 0.00 0.00 -80.90 -28.30 0.00 0.00 0.00 0.00 0.00 0.00 0.00 0.00 0.00 -8.82 0.00 55.31 -47.79 0.00
83.49 0.00 0.00 0.00 0.00 0.00 0.00 0.00 -43.94 0.00 0.00 0.00 0.00 0.00 0.00 0.00 0.00 0.00 0.00 0.00 -18.60 0.00 0.00 0.00 0.00 0.00 0.00 0.00 0.00 0.00 0.00 30.16 0.00 0.00 0.00 0.00 0.00 0.00 0.00 0.00 0.00 0.00 0.00 0.00 -16.61 0.00 0.00 0.00 0.00 0.00 0.00 5.57 0.00 0.00 -82.04 0.00 0.00 -76.25 0.00 0.00 0.84 -5.87 0.00 0.00 0.00 0.00 0.00 -28.12 0.00 0.00 -57.15 0.00 9.19 0.00 54.67 0.00 64.12 0.00 0.00 23.53 0.00 0.00 0.00 -77.51 0.00 0.00 0.00 0.00 0.00 0.00 0.00 50.66 0.00 -66.65 0.00 0.00 95.47 0.00 0.00 0.00
-26.74 -97.48 0.00 0.00 0.00 0.00 0.00 -65.93 91.05 0.00 0.00 -94.41 96.76 0.00 0.00 0.00 0.00 0.00 0.00 0.00 -52.64 0.00 0.00 0.00 14.50 0.00 0.00 0.00 0.00 0.00 0.00 0.00 0.00 0.00 25.14 -97.34 -96.08 0.00 0.00 0.00 8.62 0.00 0.00 -41.28 0.00 -14.68 0.00 0.00 0.00 0.00 -61.23 0.00 0.00 0.00 0.00 0.00 0.00 0.00 0.00 0.00 0.00 0.00 0.00 0.00 0.00 0.00 79.32 0.00 -71.91 0.00 0.00 0.00 0.00 0.00 0.00 0.00 0.00 0.00 -6.06 0.00 0.00 0.00 0.00 0.00 0.00 0.00 0.00 0.00 0.00 0.00 0.00 -59.73 28.93 0.00 0.00 0.00 0.00 0.00 0.00 88.08
0.00 0.00 0.00 0.00 0.00 0.00 0.00 0.00 0.00 49.37 0.00 0.00 0.00 0.00 0.00 0.00 0.00 0.00 0.00 -91.01 0.00 0.00 0.00 0.00 0.00 -2.74 0.00 4.03 -89.69 -79.22 0.00 0.00 0.00 0.00 0.00 0.00 0.00 0.00 0.00 0.00 63.73 0.00 0.00 0.00 0.00 60.97 0.00 0.00 0.00 0.00 -8.66 0.00 59.19 0.00 0.00 0.00 0.00 0.00 -28.56 0.00 0.00 0.00 0.00 0.00 0.00 0.00 0.00 31.07 0.00 0.00 0.00 -69.53 -0.31 0.00 0.00 73.87 0.00 0.00 -72.78 47.05 0.00 0.00 -11.63 89.58 0.00 0.00 0.00 0.00 0.00 0.00 0.00 49.71 0.00 0.00 -7.71 -1.81 -54.36 0.00 0.00 0.00
0.00 -85.19 0.00 0.00 0.00 0.00 0.00 0.00 0.00 74.18 0.00 0.00 0.00 0.00 0.00 0.00 0.00 -37.84 0.00 -57.10 0.00 0.00 0.00 0.00 -31.89 0.00 0.00 0.00 0.00 0.00 2.44 0.00 0.00 0.00 0.00 -90.96 -43.82 0.00 0.00 0.00 0.00 0.00 -48.20 0.00 -81.97 0.00 0.00 90.65 93.04 0.00 -71.66 0.00 0.00 0.00 0.00 0.00 -51.37 56.76 0.00 0.00 0.00 0.00 0.00 0.00 0.00 -73.49 0.00 0.00 39.97 0.00 0.00 0.00 53.16 0.00 -2.05 0.00 0.00 0.00 8.25 0.00 83.63 0.00 0.00 -65.15 0.00 0.00 -17.89 0.00 0.00 0.00 0.00 0.00 0.00 0.00 -51.95 0.00 0.00 81.90 0.00 0.00
0.00 0.00 70.48 0.00 0.00 0.00 0.00 0.00 0.00 0.00 0.00 -62.38 0.00 0.00 0.00 0.00 0.00 0.00 0.00 0.00 0.00 0.00 0.00 31.61 0.00 0.00 0.00 0.00 0.00 0.00 0.00 0.00 -0.03 0.00 73.03 0.00 -85.55 0.00 0.00 0.00 0.00 0.00 0.00 0.00 0.00 0.00 0.00 0.00 0.00 14.78 47.20 0.00 0.00 0.00 0.00 0.00 0.00 0.00 0.00 0.00 -23.39 0.00 0.00 0.00 57.69 0.00 0.00 -47.49 0.00 0.00 0.00 0.00 0.00 0.00 79.05 0.00 0.00 0.00 0.00 0.00 0.00 0.00 66.73 0.00 0.00 0.00 0.00 0.00 0.00 0.00 0.00 0.00 0.00 0.00 0.00 0.00 0.00 0.00 0.00 45.91
-31.95 -78.04 0.00 0.00 36.55 0.00 0.00 0.00 0.00 -38.92 0.00 0.00 -49.70 0.00 0.00 -77.61 0.00 -44.95 0.00 0.00 0.00 0.00 0.00 0.00 0.00 14.02 0.00 62.36 -91.80 0.00 -50.82 0.00 0.00 0.00 0.00 0.00 -29.40 0.00 0.00 0.00 0.00 0.00 0.00 -70.97 0.00 0.00 0.00 0.00 -15.97 0.00 0.00 0.00 89.93 -22.92 0.00 0.00 -34.08 0.00 0.00 0.00 0.00 0.00 0.00 0.00 0.00 0.00 0.00 0.00 0.00 60.40 0.00 51.92 0.00 -65.27 -2.42 0.00 0.00 0.00 0.00 24.94 -50.82 -87.65 0.00 0.00 0.00 0.00 0.00 0.00 0.00 0.00 0.00 9.34 25.80 0.00 0.00 0.00 0.00 0.00 0.00 70.04
0.00 0.00 0.00 0.00 99.06 0.00 0.00 0.00 0.00 0.00 0.00 42.05 0.00 0.00 0.00 73.97 0.00 82.17 0.00 0.00 0.00 -89.90 0.00 0.00 0.00 0.00 0.00 0.00 0.00 0.00 0.00 0.00 0.00 0.00 0.00 95.93 18.72 0.00 0.00 0.00 8.39 -16.57 0.00 0.00 0.00 41.11 -99.36 97.46 0.00 0.00 0.00 0.00 0.00 0.00 40.67 0.00 0.00 -53.95 0.00 0.00 0.00 0.00 0.00 0.00 0.00 -16.16 0.00 0.00 0.00 0.00 -51.52 0.00 -24.92 0.00 0.00 0.00 0.00 0.00 67.87 0.00 0.00 0.00 -24.39 0.00 89.38 0.00 0.00 0.00 0.00 -29.01 0.00 0.00 0.00 0.00 0.00 0.00 -64.00 78.50 0.00 0.00
5.73 0.00 0.00 0.00 0.00 0.00 0.00 33.58 3.43 92.12 0.00 83.15 -50.03 55.12 0.00 0.00 0.00 0.00 0.00 0.00 0.00 0.00 0.00 0.00 0.00 0.00 0.00 0.00 0.00 0.00 0.00 53.18 0.00 0.00 0.00 -13.77 0.00 -2.83 0.00 0.00 0.00 0.00 0.00 0.00 0.00 0.00 0.00 0.00 0.00 0.00 0.00 0.00 0.00 0.00 0.00 0.00 0.00 27.15 0.00 0.00 0.00 0.00 0.00 -31.60 0.00 0.00 7.27 0.00 60.28 0.00 0.00 0.00 0.00 0.00 -75.68 0.00 0.00 0.00 0.00 0.00 0.00 -47.14 0.00 0.00 0.00 0.00 0.00 0.00 0.00 -56.29 0.00 0.00 0.00 -97.37 0.00 0.00 0.00 0.00 0.00 0.00
0.00 0.00 0.00 -46.49 0.00 -58.84 0.00 0.00 0.00 0.00 0.00 0.00 0.00 0.00 0.00 43.30 -0.44 25.00 -71.02 0.00 0.00 0.00 0.00 0.00 0.00 -88.15 0.00 0.00 30.07 4.59 -98.78 0.00 0.00 -61.74 0.00 0.00 0.00 0.00 0.00 0.00 0.00 0.00 0.00 0.00 0.00 0.00 0.00 0.00 0.00 0.00 77.81 79.72 0.00 81.20 0.00 48.59 0.00 20.35 73.32 31.73 0.00 -92.48 28.43 0.00 0.00 0.00 0.00 22.12 0.00 0.00 0.00 -6.25 -37.20 0.00 0.00 -13.53 0.00 62.15 0.00 70.07 -53.26 0.00 0.00 86.47 -39.86 0.00 0.00 0.00 0.00 0.00 -9.55 0.00 0.00 0.00 0.00 89.10 0.00 50.86 0.00 0.00
0.00 0.00 0.00 0.00 0.00 0.00 0.00 68.82 0.00 0.00 0.00 0.00 0.00 0.00 0.00 0.00 0.00 69.61 0.00 0.00 -49.59 31.02 -64.21 0.00 0.00 -37.74 0.00 0.00 0.00 0.00 -1.71 0.00 0.00 0.00 0.00 0.00 77.60 0.69 36.56 0.00 92.61 17.61 0.00 17.75 0.00 0.00 41.19 0.00 0.00 0.00 -62.05 0.00 0.00 0.00 0.00 28.27 0.00 10.13 0.00 0.00 0.00 0.00 0.00 -54.53 -43.30 0.00 0.00 0.00 0.00 0.00 0.00 0.00 0.00 -30.55 0.00 0.00 0.00 0.00 0.00 0.00 0.00 0.00 76.44 19.50 0.00 0.00 0.00 0.00 0.00 0.00 0.00 0.00 0.00 0.00 0.00 0.00 55.92 38.58 26.78 0.00
