100 100
0.00 0.00 0.00 -26.09 0.00 0.00 0.00 0.00 0.00 0.00 0.00 0.00 0.00 0.00 0.00 0.00 0.00 0.00 0.00 0.00 0.00 0.00 0.00 0.00 0.00 0.00 56.62 0.00 0.00 -39.52 0.00 0.00 0.00 0.00 0.00 0.00 41.57 0.00 0.00 26.86 23.17 0.00 -39.62 39.18 0.00 -51.63 0.00 0.00 0.00 0.00 -73.43 0.00 36.08 0.00 -95.31 0.00 -66.37 -68.48 0.00 0.00 73.38 0.00 59.38 51.28 0.00 0.00 0.00 -57.44 15.30 0.00 -0.77 0.00 0.00 63.07 0.00 0.00 -24.72 -45.95 7.18 0.00 0.00 80.79 -44.59 0.00 -51.10 0.00 0.00 0.00 0.00 0.00 0.00 -94.99 0.00 0.00 0.00 0.00 0.00 0.00 0.00 0.00
51.25 0.00 0.00 0.00 -33.67 0.00 0.00 0.00 -2.56 0.00 0.00 0.00 -74.85 0.00 -77.06 0.00 0.00 0.00 0.00 0.00 0.00 0.00 57.92 0.00 0.00 0.00 0.00 -96.07 0.00 0.00 0.00 0.00 0.00 0.00 0.00 0.00 0.00 0.00 0.00 87.01 0.00 18.30 -35.69 0.00 26.18 0.00 66.67 0.00 0.00 0.00 0.00 28.09 0.00 -37.75 0.00 0.00 0.00 0.00 0.00 0.00 -91.44 0.00 0.00 98.94 30.99 0.00 0.00 0.00 0.00 81.94 0.00 58.31 0.00 0.00 0.00 0.00 0.00 19.47 0.00 0.00 0.00 0.00 0.00 0.00 0.00 0.00 0.00 0.00 0.00 0.00 0.00 0.00 0.00 0.00 0.00 0.00 -75.50 0.00 10.82 0.00
0.00 -81.31 -75.23 0.00 0.00 0.00 0.00 -76.70 9.96 31.95 0.00 -95.92 0.00 0.00 0.00 0.00 0.00 65.37 -81.94 0.00 0.00 0.00 -90.91 53.82 0.00 0.00 0.00 -15.61 0.00 0.00 0.00 43.75 0.00 78.98 44.55 0.00 0.00 38.87 0.00 0.00 0.00 0.00 0.00 0.00 0.00 82.91 31.55 0.00 -42.84 0.00 0.00 -15.58 -5.06 0.00 0.00 0.00 -76.17 0.00 0.00 0.00 -87.50 0.00 57.19 0.00 -67.61 0.00 0.00 0.00 0.00 -88.57 0.00 0.00 0.00 0.00 0.00 0.00 0.00 -11.83 0.00 0.00 0.00 -48.46 0.00 0.00 0.00 0.00 -93.05 0.00 0.00 0.00 -92.37 0.00 0.00 0.00 -23.96 0.00 0.00 0.00 0.00 0.00
17.77 0.00 0.00 0.00 -36.46 38.02 0.00 0.00 0.00 41.07 -89.30 0.00 0.00 0.00 7.18 82.37 0.00 0.00 76.07 0.00 25.24 0.00 0.00 -71.34 0.00 0.00 0.00 0.00 67.09 0.00 0.00 -53.17 72.41 0.00 46.06 0.00 0.00 -71.42 0.00 0.00 0.00 11.28 28.96 0.00 0.00 0.00 60.14 0.00 -94.36 0.00 0.00 -49.42 -7.72 0.00 -70.53 0.00 -36.91 -50.54 -0.92 0.00 11.73 0.00 0.00 0.00 0.00 0.00 0.00 0.00 0.00 74.85 0.00 50.62 0.00 0.00 0.00 0.00 0.00 18.68 0.00 -80.32 0.00 0.00 0.00 0.00 0.00 0.00 0.00 -36.14 0.00 0.00 0.00 0.00 0.00 -26.35 -16.78 -98.13 -48.07 -6.08 0.00 9.05
-65.71 7.19 0.00 0.00 0.00 -28.51 -37.05 -25.72 0.00 0.00 0.00 0.00 55.54 0.00 0.00 0.00 0.00 0.00 0.00 0.00 0.00 0.00 0.00 -27.43 0.00 -42.46 84.12 0.00 0.00 -78.95 0.00 0.00 0.00 -76.29 81.46 -73.31 0.00 -25.71 0.00 0.00 0.00 0.00 0.00 0.00 0.00 -26.27 0.00 0.00 0.00 0.00 0.00 -6.62 0.00 74.59 0.00 60.41 0.00 0.00 0.00 0.00 0.00 0.00 0.00 -70.34 -13.68 0.00 35.25 -82.52 -95.01 54.93 0.00 -18.66 0.00 0.00 -21.35 0.00 -24.64 0.00 0.00 20.42 30.58 0.00 0.00 0.00 0.00 0.00 0.00 0.00 -93.52 0.00 0.00 0.00 0.00 0.00 0.00 -33.32 0.00 0.00 0.00 0.00
0.00 0.00 0.00 0.00 0.00 -97.93 0.00 0.00 50.89 75.38 -34.98 0.00 -37.63 0.00 0.00 0.00 0.00 0.00 0.00 0.00 30.91 0.00 74.80 57.12 0.00 52.24 0.00 95.85 80.83 70.90 0.00 0.00 0.00 0.00 0.00 -40.25 0.00 0.00 0.00 0.00 0.00 0.00 0.00 -7.67 -55.37 0.00 0.00 0.00 0.00 0.00 53.13 -33.09 0.00 0.00 0.00 0.00 0.00 0.00 -57.76 0.00 -80.01 0.00 0.00 0.00 0.00 0.00 0.00 0.00 0.00 0.00 0.00 0.00 53.23 0.00 0.00 77.49 0.00 0.00 0.00 0.00 0.00 0.00 0.00 0.00 0.00 0.00 -62.53 0.00 58.23 0.00 0.00 0.00 0.00 0.00 69.62 56.02 -25.92 0.00 0.00 0.00
0.00 0.00 -17.82 -23.57 0.00 0.00 0.00 -95.35 25.88 0.00 0.00 43.11 -93.28 13.97 0.00 0.00 0.00 55.70 0.00 0.00 8.95 0.00 0.00 0.00 0.00 -86.46 0.00 0.00 -13.40 0.00 0.00 20.96 0.00 0.00 0.00 0.00 0.00 0.00 0.00 70.66 0.00 0.00 -61.17 0.00 54.01 51.49 0.00 0.00 0.00 0.00 -90.27 0.00 -86.25 0.00 0.00 0.00 0.00 0.00 -56.19 0.00 0.00 0.00 0.00 0.00 -8.43 0.00 0.00 0.00 0.00 0.00 -95.92 0.00 10.72 0.00 33.81 0.00 -75.93 0.00 -36.05 0.00 48.50 0.00 -38.46 -40.62 55.32 0.00 0.00 0.00 0.00 0.00 0.00 0.00 0.00 -82.45 0.00 0.00 33.46 0.00 -62.50 0.00
31.20 75.32 0.00 0.00 0.00 -99.42 0.00 0.00 0.00 0.00 0.00 0.00 0.00 0.00 0.00 0.00 0.00 11.51 -80.76 0.00 0.00 0.00 0.00 0.00 14.55 0.00 -32.80 28.19 0.00 28.09 0.00 53.81 0.00 0.00 0.00 0.00 0.00 0.00 -13.65 35.95 -70.16 0.00 0.00 0.00 0.00 -59.64 0.00 -12.57 -23.22 0.00 0.00 -45.89 0.00 68.45 0.00 0.00 0.00 0.00 0.00 0.00 68.35 -4.59 0.00 16.38 0.00 0.00 0.00 0.00 39.36 0.00 0.00 19.48 0.00 0.00 0.00 0.00 0.00 0.00 0.00 0.00 0.00 0.00 -82.47 0.00 0.00 0.00 0.00 0.00 0.00 0.00 25.06 0.00 0.00 0.00 0.00 0.00 81.03 -23.09 0.00 0.00
-19.62 -64.22 0.00 0.00 -52.43 55.09 0.00 0.00 0.00 0.00 0.00 0.00 0.00 0.00 66.98 -77.12 0.00 55.67 0.00 0.00 0.00 0.00 -21.51 0.00 0.00 -57.88 0.00 0.00 0.00 0.00 7.42 0.00 82.90 0.00 -92.49 -27.29 0.00 0.00 0.00 0.00 0.00 36.70 0.00 0.00 0.00 0.00 -6.13 -91.35 0.00 0.00 0.00 0.00 -96.25 0.00 71.44 33.30 0.00 0.00 0.00 0.00 -19.47 0.00 0.00 0.00 0.00 -37.25 38.95 0.00 0.00 0.00 -13.91 0.00 0.00 0.00 0.00 58.16 0.00 0.00 0.00 0.00 0.00 -44.68 0.00 -74.56 0.00 0.00 0.00 0.00 -22.36 0.00 0.00 -27.15 0.00 0.00 0.00 50.51 0.00 0.00 -4.13 0.00
0.00 0.00 0.00 86.97 -69.12 0.00 0.00 68.86 0.00 0.00 0.00 0.00 0.00 0.00 0.00 -65.47 0.00 0.00 0.00 0.00 0.00 0.00 0.00 0.00 -76.83 0.00 0.00 0.00 0.00 0.00 0.00 35.84 -5.38 78.84 0.00 0.00 0.00 0.00 -48.47 36.74 0.00 23.46 -65.58 0.00 81.47 -66.63 0.00 0.00 0.00 0.00 0.00 -91.67 0.00 12.54 0.00 -57.98 0.00 0.00 0.00 -87.92 -16.03 0.00 -87.48 0.00 0.00 0.00 -7.39 46.72 51.48 78.70 0.00 4.88 0.00 0.00 0.00 0.00 -93.21 0.00 0.00 0.00 0.00 0.00 0.00 0.00 0.00 -58.65 0.00 -80.28 0.00 0.00 0.00 0.00 0.00 16.86 0.00 0.00 0.00 0.00 0.00 91.86
0.00 52.80 3.82 0.00 0.00 0.00 0.00 -40.06 21.65 0.00 75.57 0.00 0.00 -16.89 0.00 0.00 -5.31 0.00 0.00 0.00 0.00 -29.82 0.00 0.00 0.00 -0.85 0.00 0.00 83.43 0.00 0.00 0.00 0.00 -55.87 0.00 0.00 0.00 0.00 0.00 0.00 0.00 0.00 -40.19 0.00 -82.15 0.00 0.00 0.00 0.00 0.00 -74.41 0.00 0.00 -6.82 0.00 0.00 0.00 -36.61 0.00 0.00 0.00 0.00 38.13 0.00 0.00 0.00 0.00 0.00 72.41 -24.53 0.00 0.00 0.00 0.00 0.00 0.00 -77.91 84.94 0.00 0.00 0.00 -94.72 -93.99 0.00 0.00 0.00 0.00 36.41 0.00 -78.81 0.00 0.00 0.00 0.00 10.89 80.41 0.00 0.00 -37.46 0.00
0.00 0.00 0.00 0.00 0.00 67.82 0.00 0.00 34.47 0.00 0.00 -8.40 0.00 20.61 0.00 0.00 0.00 -24.50 0.00 0.00 88.75 -20.53 0.00 0.00 0.00 0.00 0.00 -48.94 0.00 9.06 0.00 0.00 0.00 0.00 74.16 0.00 0.00 21.24 0.00 -54.59 0.00 0.00 0.00 0.00 0.00 57.59 0.00 0.00 0.00 -97.43 5.22 0.00 -87.36 -71.84 0.00 -64.40 -23.97 0.00 0.00 0.00 -96.51 0.00 -92.00 0.00 0.00 0.00 0.00 88.71 0.00 0.00 0.00 0.00 0.00 0.00 -74.42 0.00 -69.86 0.00 0.00 0.00 0.00 -68.81 0.00 0.00 0.00 0.00 -31.19 -96.25 0.00 0.00 -47.62 -83.10 0.00 0.00 0.00 -78.63 0.00 52.13 0.00 0.00
0.00 0.00 0.00 84.73 0.00 55.84 0.00 0.00 -19.07 0.00 42.54 0.00 0.00 0.00 -68.67 0.00 0.00 -30.33 -78.00 0.00 -17.61 -84.07 0.00 0.00 0.00 0.00 0.00 0.00 0.00 0.00 0.00 0.00 96.17 0.00 0.00 0.00 -59.16 0.00 0.00 -38.66 0.00 0.00 90.96 0.00 -56.59 0.00 0.00 0.00 0.00 0.00 0.00 -96.24 0.00 -96.41 0.00 0.00 8.79 0.00 -60.64 0.00 0.00 16.83 12.28 0.00 -15.42 42.74 0.00 75.08 51.93 0.00 0.00 0.00 0.00 0.00 0.00 73.93 0.00 0.00 0.00 0.00 0.00 -56.12 55.69 0.00 0.00 0.00 0.00 -36.48 -39.22 0.00 77.06 -47.15 0.00 -54.50 0.00 0.00 0.00 0.00 32.89 33.79
0.00 0.00 -74.75 0.00 0.00 -98.57 0.00 0.00 0.00 0.00 0.00 -59.34 0.00 -52.75 0.00 0.00 -16.18 -43.40 0.00 -56.59 61.87 0.00 0.00 55.15 0.00 0.00 0.00 0.00 0.00 0.00 0.00 0.00 -65.64 0.00 0.00 -57.51 0.00 0.00 0.00 0.00 0.00 0.00 58.92 -24.84 0.00 88.49 -64.52 0.00 0.00 0.00 0.00 0.00 0.00 0.00 0.00 -70.81 0.00 0.76 0.00 0.00 0.00 0.00 0.00 57.27 71.93 13.04 0.00 0.00 0.00 0.00 0.00 9.20 0.00 0.00 0.00 0.00 0.00 0.00 83.07 56.92 0.00 0.00 -35.12 0.00 -53.42 0.00 0.00 0.00 0.00 0.00 0.00 0.00 0.00 0.00 0.00 -45.09 0.00 -20.86 -0.57 0.00
37.62 0.00 0.00 -87.98 0.00 0.00 -66.79 0.00 0.00 0.00 0.00 62.87 0.00 0.00 -86.55 0.00 0.00 0.00 0.00 0.00 0.00 0.00 0.00 11.09 -89.88 34.49 0.00 0.00 0.00 67.69 0.00 0.00 0.00 0.00 0.00 0.00 -9.26 33.56 0.00 22.83 0.00 62.32 0.00 0.00 0.00 0.00 0.00 0.00 0.00 0.00 0.00 0.00 -86.75 0.00 0.00 0.00 0.00 18.95 0.00 0.00 0.00 0.00 -62.53 -98.27 0.00 0.00 0.00 0.00 0.00 0.00 0.00 54.44 0.00 0.00 0.00 0.00 3.88 0.00 39.71 0.00 0.00 0.00 0.00 11.70 -24.20 -47.26 0.00 0.00 0.00 0.00 -41.90 0.00 -41.14 0.00 0.00 0.00 0.00 0.00 0.00 -53.13
0.00 60.19 0.00 0.00 0.00 42.65 0.00 1.78 0.00 0.00 0.00 0.00 0.00 0.00 0.00 0.00 0.00 0.00 -60.68 0.00 0.00 0.00 0.00 0.00 0.00 -57.92 -60.61 0.00 -48.65 0.00 0.00 0.00 0.00 12.50 -97.74 0.00 0.00 0.00 0.00 0.00 0.00 2.01 0.00 0.00 -76.42 -50.41 0.00 0.00 0.00 -26.30 0.00 0.00 91.27 0.00 0.00 40.33 0.00 0.00 -55.53 51.31 0.00 2.64 0.00 -42.28 -29.75 0.00 0.00 0.00 0.00 0.00 0.00 0.00 0.00 0.00 0.00 77.33 -40.54 -38.11 0.00 -18.80 0.00 0.00 99.17 0.00 -89.20 0.00 0.00 0.00 0.00 0.00 0.00 0.00 0.00 94.21 0.00 0.00 0.00 0.00 0.00 0.00
0.00 0.00 0.00 -10.89 -31.10 -9.72 0.00 0.00 0.00 0.00 35.98 0.00 -70.91 -67.08 0.00 -25.04 -31.59 0.00 0.00 -25.00 14.36 0.00 0.00 0.00 56.97 0.00 87.51 0.00 0.00 53.83 0.00 0.00 0.00 0.00 -3.81 0.00 0.00 0.00 0.00 0.00 0.00 0.00 0.00 -51.71 0.00 0.00 0.00 0.00 -59.38 0.00 0.00 -92.91 -23.23 0.00 80.95 -48.44 0.00 0.00 -71.93 20.80 9.29 35.53 0.00 0.00 35.33 0.00 0.00 0.00 0.00 -94.05 97.43 0.00 -46.27 0.00 0.00 -57.68 0.00 0.00 0.00 0.00 -54.57 0.00 0.00 -52.07 68.64 0.00 0.00 0.00 0.00 51.54 0.00 0.00 0.00 75.42 0.00 0.00 4.62 0.00 -82.17 0.00
0.00 0.00 0.00 0.00 0.00 0.00 0.00 0.00 -91.66 79.58 0.00 0.00 0.00 0.00 0.00 0.00 0.00 -13.75 0.00 0.00 -16.66 0.00 0.00 0.00 0.00 31.14 0.00 0.00 -19.58 0.00 0.00 0.00 8.05 0.00 0.00 0.00 0.00 0.00 0.00 22.17 0.00 0.00 0.00 0.00 -86.19 0.00 56.35 62.79 0.00 0.00 0.00 0.00 0.00 -41.88 0.00 0.00 0.00 0.00 0.00 0.00 0.00 0.00 -66.89 43.74 0.00 0.00 0.00 0.00 0.00 0.00 0.00 0.00 9.68 0.00 0.00 0.00 0.00 0.00 0.00 -1.61 1.74 0.00 -43.83 0.00 0.00 0.00 0.00 0.00 0.00 0.00 -66.09 0.00 0.00 -62.94 -0.67 0.00 0.00 0.00 0.00 0.00
0.00 0.00 0.00 -31.46 28.00 0.00 0.00 41.65 51.18 -86.87 0.00 0.00 0.00 0.00 0.00 10.29 0.00 0.00 0.00 2.72 88.56 0.00 0.00 0.00 -47.89 0.00 0.00 0.00 0.00 0.00 0.00 20.55 0.00 0.00 96.90 0.00 0.00 0.00 0.00 0.00 0.00 -31.11 -56.00 0.00 -19.77 0.00 0.00 0.00 0.00 0.00 0.00 -99.97 61.64 0.00 0.00 0.00 0.00 0.00 0.00 -74.51 22.20 0.00 0.00 0.00 0.00 -87.35 -80.96 -15.01 0.00 -29.23 0.00 0.00 0.00 -10.64 0.00 -34.07 0.00 -82.34 0.00 0.00 87.75 0.00 67.67 -26.17 0.00 0.00 0.00 -41.14 0.00 0.00 0.00 -58.07 0.00 0.00 0.00 73.17 0.00 0.00 64.62 69.93
0.00 0.00 0.00 52.02 0.00 0.00 0.00 0.00 15.79 0.00 0.00 -79.74 -37.70 -44.29 -91.19 51.62 0.00 76.27 0.00 -94.30 -79.49 0.00 0.00 0.00 0.00 -42.53 23.15 0.00 0.00 0.00 -79.46 -80.90 85.85 0.00 79.95 -31.03 -95.12 0.00 -35.07 39.74 0.00 0.00 0.00 0.00 -5.76 0.00 0.00 68.07 0.00 57.40 -18.02 0.00 0.00 0.00 72.94 0.00 0.00 0.00 0.00 -31.56 0.00 0.00 0.00 0.00 0.00 0.00 0.00 78.05 -85.14 -58.40 0.00 42.66 0.00 -78.01 0.00 0.00 0.00 0.00 0.00 0.00 0.00 -69.18 0.00 -4.34 0.00 0.00 -57.74 0.00 0.00 0.00 0.00 30.34 51.37 0.00 0.00 -11.72 -18.05 0.00 0.00 0.00
0.00 0.00 0.00 0.00 0.00 0.00 0.00 0.00 64.84 0.00 0.00 -6.01 2.46 0.00 0.00 0.00 0.00 0.00 0.00 0.00 0.00 0.00 0.00 -77.69 -45.66 60.21 -21.38 0.00 -59.82 40.16 84.80 -17.73 -57.71 24.54 0.00 0.00 0.00 0.00 76.51 0.00 0.00 0.00 0.00 -52.43 0.00 0.00 0.00 19.14 -4.31 -79.50 0.00 0.00 0.00 0.00 0.00 0.00 0.00 87.58 10.94 0.00 0.00 -64.63 0.00 0.00 0.00 0.00 0.00 0.00 -33.62 0.00 -46.40 0.00 0.00 -5.43 -2.79 0.00 86.47 74.04 0.00 -72.46 0.00 0.00 0.00 0.00 37.83 -37.68 46.70 39.88 93.52 0.00 -13.63 0.00 99.40 -52.15 0.00 0.00 -53.43 15.22 0.00 0.00
25.24 0.00 0.00 0.00 0.00 0.00 0.00 0.00 0.00 0.00 0.00 0.00 0.00 0.00 0.00 0.00 0.00 0.00 0.00 0.00 0.00 -76.07 0.00 0.00 0.02 0.00 -55.29 0.00 0.00 3.44 0.00 0.00 0.00 0.00 0.00 0.00 0.00 0.00 0.00 -75.45 0.00 0.00 0.00 -41.58 51.01 0.00 80.90 0.00 54.11 0.00 0.00 71.51 68.48 0.00 0.00 0.00 2.25 0.00 0.00 0.00 0.00 -55.92 0.00 -27.94 55.85 38.66 69.27 79.52 0.00 0.00 0.00 0.00 0.00 0.00 0.00 0.00 0.00 0.00 0.00 12.69 -65.99 0.00 0.00 54.56 0.00 0.00 75.01 80.72 0.00 -5.57 0.00 0.00 -94.28 4.29 0.00 0.00 0.00 0.00 0.00 -6.18
0.00 0.00 0.00 0.00 -9.22 50.86 0.00 0.00 0.00 0.00 0.00 0.00 0.00 0.00 0.00 0.00 0.00 0.00 0.00 -53.76 -46.78 0.00 -88.00 46.26 0.00 0.00 -2.07 0.00 0.00 52.65 -91.99 0.00 56.35 0.00 0.00 3.65 0.00 0.00 88.92 0.00 47.66 0.00 0.00 0.00 0.00 0.00 12.36 94.60 0.00 -50.09 0.00 56.45 -33.35 0.00 0.00 -57.04 0.00 32.31 0.00 0.00 -64.08 -77.52 0.00 0.00 0.00 0.00 -55.01 7.14 0.00 0.00 77.04 0.00 0.00 0.00 0.00 0.00 0.00 0.00 0.00 0.00 0.00 0.00 0.00 0.00 0.00 0.00 -42.79 0.00 25.06 0.00 0.00 0.00 0.00 0.00 0.00 0.00 0.00 0.00 0.00 0.00
8.67 0.00 0.00 -37.07 0.00 0.00 0.00 0.00 -70.66 -60.31 53.72 -82.59 0.00 0.00 0.00 0.00 0.00 0.00 0.00 0.00 0.00 0.00 -14.07 0.00 0.00 -93.07 -70.59 0.00 0.00 0.00 0.00 -67.81 0.00 0.00 0.00 0.00 42.08 0.00 0.00 0.00 0.00 0.00 -80.74 -22.59 0.00 0.00 0.00 0.00 -1.58 0.00 22.91 0.00 -33.68 -16.71 0.00 0.00 0.00 -27.53 0.00 -1.88 0.00 0.00 33.20 -71.09 0.00 64.78 76.16 61.22 0.00 0.00 0.00 0.00 0.00 0.00 0.00 0.00 0.00 -62.10 0.00 0.00 0.00 -64.16 -56.58 0.00 0.00 0.00 0.00 0.00 0.00 0.00 0.00 45.04 0.00 0.00 0.00 0.00 0.00 0.00 0.00 0.00
0.00 -49.92 0.00 37.84 0.00 7.31 0.00 0.00 0.00 58.75 0.00 -62.03 36.65 0.00 0.00 0.00 98.44 0.00 -71.11 0.00 91.27 0.00 21.58 0.00 -26.96 0.00 -42.12 90.98 0.00 0.00 0.00 0.00 0.00 -84.89 0.00 -22.86 0.00 0.00 0.00 0.00 0.00 0.00 -31.62 0.00 0.00 0.00 50.74 0.00 -99.96 0.00 0.00 0.00 0.00 0.00 0.00 71.92 0.00 0.00 0.00 0.00 -65.98 0.00 0.00 -27.48 -29.97 -95.58 0.00 0.00 0.00 0.00 0.00 0.00 38.64 0.00 0.00 0.00 0.00 0.00 0.00 0.00 0.00 0.00 0.00 0.00 0.00 0.00 0.00 -65.20 0.00 0.00 0.00 0.00 80.59 37.07 0.00 9.91 0.00 0.00 -46.37 0.00
-82.31 0.00 0.00 -45.05 0.00 3.72 0.00 0.00 55.53 0.00 99.47 -37.54 0.00 -69.30 0.00 36.11 0.00 0.00 -1.89 -40.40 64.59 -80.32 0.00 69.85 0.00 0.00 0.00 -77.54 -89.35 0.00 -77.84 0.00 0.00 0.00 -0.39 16.24 0.00 0.00 0.00 72.90 -0.35 0.00 0.00 -11.85 0.00 0.00 -55.87 0.00 0.00 0.00 0.00 0.00 0.00 -90.63 0.00 0.00 58.19 0.00 -51.45 0.00 0.00 0.00 85.23 -69.81 0.00 0.00 0.00 0.00 -33.66 0.00 0.00 0.00 22.29 0.00 40.11 0.00 19.98 0.00 0.00 0.00 0.00 77.19 0.00 0.00 0.00 0.00 -67.74 0.00 -76.31 69.92 -68.28 0.00 23.36 0.00 -99.39 0.00 0.00 0.00 0.00 0.00
-94.97 0.00 0.00 0.00 0.00 0.00 0.00 0.00 0.00 0.00 0.00 0.00 0.00 -78.54 0.00 0.00 -2.58 0.00 0.00 0.00 69.62 0.00 0.00 -21.65 4.47 0.00 0.00 0.00 0.00 0.00 0.00 92.09 0.00 26.21 0.00 0.00 26.63 0.00 28.90 0.00 -57.55 36.74 0.00 0.00 0.00 -34.25 30.60 0.00 0.00 0.00 80.87 0.00 0.00 -24.87 0.00 0.00 0.00 0.00 0.00 25.99 0.00 0.00 0.00 0.00 0.00 0.00 0.00 -70.59 0.00 -2.44 0.00 56.19 0.00 0.00 0.00 -4.24 0.00 0.00 0.00 0.00 0.00 -42.95 0.00 0.00 0.00 0.00 0.00 33.50 -47.06 -65.77 -97.04 0.00 0.00 0.00 0.00 -23.37 0.00 -95.86 0.00 0.00
-28.11 -62.81 0.00 0.00 -58.04 0.00 0.00 0.00 0.00 0.00 0.00 0.00 -23.08 0.00 0.00 -41.34 0.00 0.00 0.00 76.60 0.00 -16.25 0.00 0.00 0.00 0.00 0.00 0.00 0.00 0.00 0.00 0.00 74.22 0.00 0.00 0.00 0.00 0.00 0.00 0.00 0.00 0.00 -18.94 0.00 0.00 0.00 0.00 0.00 13.04 0.00 0.00 0.00 0.00 0.43 0.00 0.00 -92.31 0.00 0.00 0.00 -58.07 42.88 44.43 0.00 0.00 0.00 7.68 0.00 -26.53 25.29 -79.99 -63.33 0.00 0.00 0.00 0.00 0.00 0.00 0.00 91.91 17.57 0.00 0.00 0.00 0.00 0.00 -69.94 24.87 -88.18 0.00 63.56 77.81 -53.95 0.00 0.00 0.00 0.00 0.00 0.00 0.00
0.00 66.52 0.00 0.00 0.00 0.00 0.00 0.00 -8.36 -12.60 0.00 0.00 0.00 0.00 0.00 -24.39 28.84 29.37 0.00 89.74 0.00 87.50 0.00 0.00 0.00 0.00 0.00 43.17 0.00 -26.52 0.00 61.71 0.00 0.00 -75.78 0.00 -76.28 0.00 0.00 -37.87 0.00 0.00 -68.09 0.00 0.00 0.00 0.00 2.86 0.00 0.00 0.00 0.00 -57.79 0.00 0.00 -86.46 0.00 -52.25 0.00 0.00 0.00 0.00 15.69 76.04 0.00 -32.24 52.36 0.00 0.00 0.00 0.00 0.00 67.95 0.00 0.00 0.00 -77.46 0.00 0.00 0.00 0.00 0.00 0.00 82.42 0.00 0.00 0.00 0.00 0.00 0.00 -7.19 -65.64 0.00 83.18 7.83 0.00 0.00 0.00 0.00 0.00
0.00 0.00 0.00 0.00 0.00 0.00 17.63 86.90 0.00 99.47 0.00 0.00 -57.77 0.00 0.00 0.00 0.00 0.00 0.00 0.00 -37.50 0.00 0.00 28.30 0.00 -91.20 0.00 0.00 0.00 0.00 0.00 0.00 -47.77 53.00 0.00 0.00 0.00 0.00 0.00 0.00 0.00 0.00 51.97 0.00 0.00 62.93 14.71 0.00 76.20 0.00 0.00 -76.15 0.00 0.00 0.00 0.00 0.00 0.00 -85.96 -54.69 0.00 26.72 0.00 -43.74 0.00 0.00 0.00 0.00 0.00 -3.93 0.00 0.00 74.47 0.00 0.00 0.00 -90.85 -27.90 0.00 0.00 -20.57 0.00 98.72 0.00 -22.75 0.00 1.97 0.00 0.00 0.00 0.00 0.00 0.00 0.00 0.00 0.00 0.00 -81.67 0.00 70.07
0.00 0.00 0.00 0.00 0.00 0.00 0.00 0.00 0.00 0.00 0.00 0.00 0.00 0.00 0.00 0.00 73.55 -61.29 0.00 0.00 0.00 15.10 0.00 0.00 0.00 28.38 0.00 0.00 -74.40 0.00 0.00 0.00 14.56 70.61 25.31 0.00 -57.14 0.00 0.00 0.00 -83.38 0.00 0.00 0.00 -85.26 0.00 0.00 0.00 0.00 0.00 0.00 0.00 0.00 0.00 95.86 0.00 0.00 0.00 0.00 68.59 -85.13 0.00 47.77 0.00 0.00 0.00 0.00 0.00 81.99 0.00 0.00 0.00 0.00 0.00 -61.27 99.03 -72.70 65.45 0.00 0.00 0.00 -44.72 0.00 0.00 0.00 0.00 0.00 0.00 0.00 23.37 0.00 0.00 0.00 0.00 77.12 0.00 1.64 0.00 0.00 -67.33
-43.46 0.00 0.00 0.35 0.00 0.00 9.93 95.73 0.00 55.89 0.00 17.20 -93.53 94.60 0.00 0.00 0.00 0.00 0.00 -67.71 0.00 0.00 34.85 0.00 -79.81 0.00 0.00 0.00 0.00 46.85 42.66 0.00 0.00 0.00 0.00 0.00 0.00 82.71 0.00 0.00 0.00 0.00 -73.09 59.28 97.45 0.00 0.00 0.00 0.00 0.00 0.00 0.00 -77.23 0.00 65.08 0.00 0.00 -87.68 0.00 0.00 -92.26 47.06 -48.95 0.00 -93.24 0.00 74.36 0.00 0.00 0.00 0.00 0.00 0.00 0.00 0.00 0.00 0.00 0.00 0.00 0.00 0.00 0.00 0.00 0.00 -46.30 -0.75 0.00 0.00 0.00 0.00 34.93 -69.19 -99.12 67.61 24.56 38.44 0.00 0.00 0.00 0.00
0.00 -22.47 20.28 0.00 0.00 0.00 0.00 -5.68 94.73 0.00 26.75 0.00 0.00 0.00 0.00 0.00 -11.09 -35.78 0.00 -1.20 0.00 0.00 9.10 0.00 -88.94 0.00 0.00 -21.33 0.00 0.00 0.00 0.00 29.01 0.00 -62.02 0.00 0.00 -24.85 26.46 0.00 -2.04 0.00 -59.78 75.99 0.00 0.00 0.00 0.00 0.00 0.00 5.70 0.00 0.00 87.29 0.00 0.00 -72.97 49.68 0.00 0.00 0.00 0.00 0.00 0.00 0.00 0.00 0.00 0.00 0.00 61.64 17.94 -51.08 33.78 0.00 85.96 0.00 0.00 0.00 0.00 0.00 0.00 -12.98 0.00 38.59 0.00 0.00 10.51 -74.55 0.00 -83.89 -32.00 0.00 19.78 0.00 -51.96 0.00 0.00 0.00 94.75 0.00
0.00 0.00 0.00 0.00 0.00 0.00 -91.32 0.00 0.00 0.00 12.26 0.00 0.00 30.76 0.00 55.00 0.00 0.00 0.00 60.53 -53.37 0.00 0.00 -16.00 -64.29 0.00 0.00 21.78 0.00 0.00 0.00 -52.34 0.00 0.00 0.00 0.00 0.00 0.00 0.00 0.00 0.00 70.88 0.00 0.00 0.00 0.00 0.00 0.00 62.01 0.00 -76.36 13.79 49.29 0.00 -12.12 -36.54 48.13 0.00 0.00 -94.19 0.00 0.00 0.00 0.00 0.00 0.00 0.00 0.00 49.59 0.00 0.00 0.00 0.00 0.00 -18.10 0.00 0.00 -71.03 0.00 0.00 0.00 0.00 0.00 -63.40 -79.52 39.49 0.00 0.00 -37.94 0.00 0.00 0.00 0.00 0.00 -26.20 0.00 0.00 0.00 -92.52 0.00
81.84 0.00 0.00 0.00 21.84 0.00 0.00 0.00 0.00 0.00 -60.57 0.00 0.00 0.00 0.00 0.00 -72.28 0.00 0.00 0.00 -28.70 -92.61 -80.08 0.00 0.00 0.00 0.00 0.00 -30.96 0.00 0.00 0.00 0.00 0.00 0.00 0.00 0.00 -45.98 41.14 0.00 0.00 0.00 0.00 41.96 75.81 -74.00 0.00 0.00 0.00 0.00 12.84 37.81 -50.35 0.00 0.00 0.00 0.00 -73.38 0.00 0.00 0.00 -12.91 0.00 0.00 74.74 0.00 0.00 0.00 0.00 0.00 0.00 0.00 0.00 0.00 0.00 0.00 0.00 0.00 27.29 0.00 0.00 0.00 0.00 0.00 0.00 -64.79 0.00 0.00 0.00 0.00 0.00 0.00 0.00 -82.24 0.00 -23.13 0.00 0.00 0.00 0.00
0.00 0.00 54.33 0.00 0.00 0.00 -53.27 0.00 0.00 0.00 0.00 13.48 0.00 0.00 0.00 74.81 -76.58 0.00 0.00 0.00 0.00 0.00 0.00 0.00 75.54 0.00 0.00 0.00 0.00 0.00 0.00 0.00 -51.39 0.00 0.00 0.00 -69.10 0.00 0.00 94.58 0.00 0.00 0.00 0.00 0.00 -92.35 0.00 0.00 0.00 0.00 7.55 0.00 0.00 0.00 0.00 -40.50 0.00 0.00 0.00 16.17 0.00 0.00 0.00 0.00 0.00 14.94 16.64 0.00 -77.59 0.00 0.00 0.00 0.00 0.00 0.00 0.00 0.00 0.00 0.00 0.00 0.00 0.00 0.00 0.00 0.00 0.00 0.00 0.00 68.97 0.00 0.00 0.00 -42.23 0.00 0.00 64.37 0.00 44.77 0.00 0.00
0.00 0.00 0.00 -16.23 0.00 -22.80 0.00 19.78 70.63 0.00 41.03 0.00 0.00 -93.14 82.58 0.00 0.00 -31.69 0.00 0.00 0.00 0.00 -20.72 0.00 0.00 0.00 0.00 0.00 -62.46 0.00 0.00 0.00 45.19 0.00 0.00 0.00 0.00 0.00 -66.40 0.00 0.00 0.00 0.00 -15.73 0.00 0.00 0.00 0.00 -4.13 0.00 0.00 -54.38 0.00 0.00 44.91 0.00 0.00 0.00 0.00 -28.60 0.00 0.00 0.00 0.00 0.00 0.00 0.00 0.00 31.44 0.00 0.00 75.81 0.00 0.00 3.18 0.00 0.00 0.00 76.30 0.00 0.00 0.00 0.00 0.00 0.00 0.00 0.00 0.00 -16.65 99.89 -7.54 0.00 -64.50 0.00 0.00 0.00 0.00 16.52 0.00 0.00
0.00 14.87 0.00 0.00 0.00 0.00 0.00 0.00 0.00 -95.54 0.00 0.00 0.00 0.00 0.00 -88.51 0.00 0.00 16.45 0.00 0.00 0.00 0.00 86.44 0.00 0.00 32.48 93.65 0.00 6.21 0.00 0.00 40.31 0.00 0.00 0.00 0.00 0.00 0.00 71.89 50.28 22.88 0.00 -59.81 -33.24 0.00 0.00 0.00 60.42 0.00 -77.42 0.37 -18.10 18.45 0.00 0.00 0.00 0.00 0.00 0.00 0.00 83.20 0.00 -73.20 -72.95 0.00 0.00 14.63 0.00 -60.19 0.00 0.00 67.44 -9.08 60.38 0.00 0.00 67.33 -79.41 95.88 -16.16 0.00 0.00 0.00 0.00 72.67 0.00 0.00 -62.46 0.00 0.00 -4.66 0.00 0.00 0.00 0.00 0.00 -10.89 0.00 0.00
0.00 0.00 -76.03 0.00 0.00 0.00 0.00 0.00 -72.19 19.97 0.00 0.00 0.00 0.00 0.00 0.00 67.39 0.00 68.12 0.00 0.00 0.00 0.00 0.00 -8.15 17.66 0.00 28.21 69.25 0.00 0.00 0.00 0.00 0.00 0.00 0.00 0.00 84.42 25.83 91.84 0.00 0.00 0.00 21.99 0.00 0.00 0.00 0.00 0.00 0.00 -55.07 0.00 0.00 0.00 47.49 5.18 0.00 0.00 0.00 8.94 0.00 0.00 0.00 74.55 0.00 0.00 0.00 0.00 -42.99 0.00 0.00 0.00 0.00 0.00 0.00 48.76 41.98 0.00 0.00 0.00 47.94 0.00 0.00 46.34 0.00 46.51 0.00 68.53 42.21 0.00 -69.65 0.00 0.00 0.00 0.00 0.00 0.00 0.00 0.00 0.00
0.00 0.00 0.00 0.00 0.00 0.00 0.00 0.00 41.19 -83.05 0.00 0.00 0.00 0.00 0.00 0.00 0.00 0.00 0.00 0.00 62.90 -32.49 0.00 0.00 0.00 0.00 -59.08 -72.09 0.00 87.48 0.00 0.00 0.00 0.00 0.00 0.00 0.00 0.00 0.00 0.00 0.00 0.00 -91.70 0.00 -66.77 0.00 -20.68 0.00 0.00 0.00 63.17 98.65 0.00 0.00 -51.44 47.58 0.00 0.00 0.00 0.00 0.00 0.00 0.00 0.00 0.00 24.48 0.00 0.00 0.00 -22.40 6.78 0.00 69.41 0.00 0.00 0.00 0.00 0.00 -74.91 0.00 0.00 0.00 0.00 0.00 -50.84 0.00 15.56 -63.16 0.00 0.00 0.00 0.00 6.18 0.00 0.00 0.00 0.00 0.00 -35.69 0.00
78.82 0.00 -45.89 0.00 0.00 0.00 -52.15 62.54 0.00 0.00 0.00 0.00 0.00 0.00 0.00 0.00 0.00 0.00 0.00 -40.16 -72.74 0.00 -69.91 0.00 0.00 0.00 0.00 0.00 0.00 0.00 0.00 0.00 0.00 0.00 0.00 0.00 -61.77 -55.79 0.00 -69.81 5.74 -14.87 -41.90 -6.79 0.00 0.00 30.64 0.00 0.00 28.54 -90.27 -6.20 0.00 0.00 64.40 0.00 -4.49 0.00 0.00 -21.42 0.00 -11.13 0.00 0.00 0.00 0.00 0.00 0.00 0.00 0.00 73.11 85.36 0.00 0.00 0.00 0.00 0.00 -4.52 -64.60 0.00 -65.48 0.00 0.00 0.00 -88.97 -27.76 0.00 0.00 0.00 0.00 77.91 12.55 0.00 0.00 0.00 0.00 0.00 0.00 0.00 0.00
0.00 0.00 0.00 0.00 -11.73 0.00 0.00 -30.78 0.00 0.00 0.00 0.00 60.40 -49.20 29.06 0.00 0.00 0.00 0.00 0.00 0.00 0.00 87.66 -19.11 67.29 0.00 0.00 -30.93 0.00 11.08 0.00 10.24 0.00 54.20 0.00 0.00 -93.62 -96.56 0.00 22.04 0.00 72.13 -86.82 0.00 0.00 -84.17 0.00 0.00 36.52 0.00 45.90 -5.58 -37.41 0.00 0.00 0.00 19.00 0.00 0.00 0.00 0.00 0.00 0.00 0.00 16.98 0.00 0.00 0.00 0.00 0.00 0.00 0.00 0.00 0.00 0.00 0.00 95.29 0.00 0.00 0.00 0.00 91.62 0.00 88.71 0.00 -56.48 0.00 0.00 0.00 0.00 -36.15 0.00 0.00 66.61 0.00 0.00 0.00 0.00 93.29 52.12
0.00 0.00 0.00 0.00 0.00 -64.18 53.68 0.00 0.00 -59.88 0.00 -97.92 0.00 0.00 0.00 0.00 0.00 78.55 0.00 0.00 0.00 0.00 0.00 0.00 0.00 58.22 -93.42 0.00 0.00 0.00 0.00 0.00 -52.39 -30.71 0.00 16.82 0.00 0.00 -60.98 0.00 0.00 0.00 0.00 0.00 0.00 0.00 0.00 12.88 57.47 0.00 0.00 0.00 61.06 0.00 0.00 -14.99 0.00 0.00 0.00 0.00 0.00 -92.15 0.00 0.00 0.00 0.00 0.00 0.00 0.00 -85.90 0.00 0.00 0.00 0.00 0.00 0.00 0.00 0.00 0.00 -41.27 0.00 0.00 53.75 45.73 21.33 0.00 0.00 0.00 9.96 0.00 0.00 0.00 -37.30 0.00 0.00 0.00 0.00 0.00 16.61 1.57
0.00 0.00 0.00 0.00 -11.38 0.00 0.00 0.00 0.00 97.34 65.42 0.00 0.00 -7.57 0.00 90.62 54.75 28.26 0.00 0.00 0.00 0.00 81.51 94.87 67.55 0.00 0.00 0.00 0.00 0.00 0.00 0.00 97.26 0.00 0.00 0.00 0.00 90.30 0.00 0.00 0.00 0.00 74.13 0.00 0.00 0.00 0.00 0.00 -17.93 -3.21 0.00 0.00 28.15 0.00 0.00 21.09 -90.33 0.00 0.00 0.00 0.00 0.00 -14.38 0.00 0.00 0.00 19.36 31.89 0.00 0.00 0.00 -6.53 0.00 70.67 0.00 90.62 0.00 0.00 0.00 0.00 0.00 -52.78 16.39 11.94 0.00 0.00 0.00 0.00 0.00 0.00 0.00 57.18 -83.71 0.00 -34.25 0.00 0.00 0.00 0.00 0.00
0.00 -41.26 0.00 4.91 -36.91 -38.64 0.00 0.00 0.00 97.35 -9.09 0.00 0.00 0.00 0.00 0.00 -83.90 62.81 -27.59 0.00 0.00 0.00 0.00 0.00 0.00 0.00 0.00 0.00 -51.82 0.00 0.00 0.00 67.56 -30.34 -61.53 41.69 0.00 0.00 0.00 51.74 0.00 0.00 35.26 0.00 -30.17 0.00 10.03 82.14 0.00 0.00 0.00 0.00 0.00 0.00 0.00 92.66 0.00 0.00 0.00 0.00 -70.62 14.02 -13.87 0.00 -62.75 4.64 0.00 0.00 0.00 70.56 53.64 0.00 0.00 -46.22 27.73 0.00 69.94 56.75 -76.33 0.00 0.00 0.00 0.00 12.05 -42.96 0.00 22.24 0.00 0.00 0.00 0.00 0.00 0.00 46.60 0.00 47.95 0.00 0.00 0.00 38.35
46.61 0.00 -79.64 0.00 -76.27 0.00 14.17 0.00 0.00 27.23 0.00 0.00 0.00 0.00 0.00 0.00 -0.59 0.00 0.00 0.00 -6.94 0.00 0.00 -21.04 -28.13 0.00 0.00 0.00 0.00 0.00 62.89 0.00 89.00 -45.99 0.00 92.76 -44.42 0.00 0.00 0.00 0.00 0.00 0.00 0.00 -94.77 0.00 -21.12 -7.16 0.00 0.00 47.08 0.00 0.00 -50.57 -16.32 0.00 -99.14 0.00 -85.64 -9.18 94.82 0.00 0.00 0.00 -24.76 0.00 0.00 0.00 -59.92 0.00 0.00 0.00 -48.15 97.48 0.00 86.68 0.00 0.00 -63.00 73.03 33.29 -42.64 0.00 -66.04 0.00 -15.34 0.00 0.00 0.00 0.00 0.00 0.00 -78.20 0.00 0.00 33.37 77.72 0.00 0.00 0.00
0.00 0.00 0.00 0.00 0.00 0.00 0.76 0.00 0.00 -57.55 77.81 0.00 0.00 0.00 26.96 0.00 0.00 0.00 0.00 0.00 0.00 0.00 0.00 0.00 33.67 0.00 70.56 0.00 -80.25 38.90 -13.36 0.00 0.00 0.00 0.00 12.59 0.00 0.00 0.00 0.00 0.00 0.00 0.00 0.00 0.00 0.00 -14.02 0.00 0.00 0.00 0.00 0.00 0.00 0.00 73.28 0.00 0.00 0.00 -66.53 -13.16 0.00 0.00 0.00 -75.16 0.00 24.30 0.00 0.00 0.00 0.00 0.00 18.86 0.08 0.00 64.38 0.00 0.00 0.00 70.71 0.00 0.00 34.77 88.26 -92.30 0.00 45.00 58.75 0.00 2.28 0.00 0.00 0.00 0.00 0.00 0.00 0.00 0.00 78.97 0.00 0.00
0.00 -56.60 0.00 24.08 0.00 0.00 0.00 49.54 0.00 0.00 0.00 0.00 0.00 -41.68 0.00 0.00 0.00 0.00 0.00 -37.96 0.00 0.00 0.00 91.99 0.00 -63.87 0.00 0.00 0.00 0.00 0.00 0.00 89.01 25.65 0.00 0.00 0.00 0.00 0.00 0.00 0.00 -56.11 -91.25 0.00 -35.45 0.00 0.00 0.00 30.54 58.55 87.74 3.81 92.02 0.00 11.78 0.00 0.00 65.87 53.52 0.00 -69.37 0.00 0.00 0.00 -34.06 55.10 0.00 -98.67 0.00 0.00 -62.09 0.00 0.00 0.00 80.57 0.00 0.00 0.00 -53.76 0.00 82.92 39.31 0.00 0.00 0.00 0.00 85.73 0.00 0.00 99.09 -80.08 9.80 0.00 0.00 0.00 0.00 48.62 0.00 15.45 0.00
0.00 0.00 0.00 71.85 77.82 88.79 0.00 0.00 0.00 0.00 60.85 0.00 0.00 0.00 0.00 0.00 0.00 0.00 3.46 0.00 0.00 -67.32 0.00 -93.20 -94.79 0.00 0.00 -99.58 0.00 0.00 0.00 0.00 0.00 0.00 65.35 0.00 92.95 0.00 0.00 41.44 0.00 0.00 0.00 0.00 0.00 0.00 0.00 0.00 94.57 0.00 0.00 4.72 0.00 0.00 0.00 0.00 0.00 0.00 7.30 0.00 85.30 0.00 72.56 0.00 0.00 0.00 0.00 -89.55 0.00 0.00 0.00 77.60 -88.91 0.00 -51.64 0.00 0.00 0.00 0.00 0.00 0.00 58.16 -42.66 0.00 0.00 -31.52 0.00 0.00 0.00 34.68 -56.94 0.00 0.00 -32.44 0.00 0.00 0.00 0.00 91.81 0.00
0.00 0.00 90.08 -83.82 7.25 0.00 0.00 0.00 0.00 61.92 0.00 0.00 0.00 94.00 0.00 0.00 0.00 0.00 0.00 -3.96 59.97 0.00 0.00 0.00 0.00 0.00 34.66 0.00 65.93 0.00 0.00 0.00 0.00 0.00 0.00 -96.03 0.00 0.00 77.09 0.00 0.00 0.00 0.00 0.00 0.00 0.00 0.00 66.35 0.00 -93.48 0.00 0.00 0.00 0.00 70.03 0.00 7.78 -61.71 0.00 11.96 0.00 0.00 0.00 0.00 0.00 0.00 0.00 0.00 -84.92 0.00 0.00 0.00 0.00 -76.42 0.00 0.00 0.00 21.72 0.00 0.00 -74.47 -61.61 32.82 0.00 0.00 0.00 0.00 11.10 0.00 96.55 90.16 0.00 79.59 0.00 68.43 0.00 0.00 0.00 0.00 0.00
0.00 0.00 0.00 0.00 0.00 0.00 0.00 0.00 0.00 0.00 0.00 0.00 0.00 0.00 -29.58 0.00 0.00 -52.86 0.00 0.00 0.00 0.00 0.00 0.00 0.00 0.00 0.00 0.00 0.00 0.00 0.00 0.00 0.00 0.00 0.00 0.00 0.00 0.00 0.00 0.00 97.44 -39.51 0.53 0.00 4.69 0.00 -40.39 -5.48 0.00 0.00 -62.07 -43.22 -33.61 0.00 0.00 -96.15 0.00 -39.25 -56.53 0.00 0.00 0.00 0.00 70.20 0.00 0.00 0.00 0.00 0.00 0.00 0.00 0.00 0.00 0.00 0.00 0.00 -32.73 0.00 0.00 -49.30 0.00 -22.03 42.78 0.00 0.00 0.00 0.00 0.00 0.00 0.00 0.00 0.00 0.00 0.00 0.00 99.87 0.00 0.00 0.00 30.26
0.00 66.36 21.59 0.00 93.00 0.00 0.00 -58.05 0.00 0.00 0.00 0.00 0.00 0.00 0.00 0.00 0.00 0.00 -45.60 0.00 4.10 0.00 0.00 0.00 0.00 0.00 0.00 -24.29 -18.24 0.00 0.00 -16.32 0.00 0.00 -55.87 0.00 0.00 0.00 0.00 0.00 52.18 68.03 -58.43 -50.12 0.00 0.00 0.00 0.00 0.00 -31.44 83.47 0.00 0.00 0.00 0.00 0.00 0.00 0.00 0.00 0.00 9.49 -99.72 -78.61 0.00 0.00 0.00 -96.52 0.00 0.00 0.00 -33.33 -74.76 0.00 -35.77 0.00 47.35 0.00 -67.36 0.00 0.00 0.00 0.00 68.72 0.00 98.06 47.82 0.00 0.00 0.00 0.00 11.49 0.00 0.00 0.00 0.00 97.92 -21.92 0.00 0.00 0.00
15.05 0.00 19.50 0.00 8.28 0.00 0.00 0.00 57.01 0.00 73.90 0.00 0.00 0.00 0.00 -87.63 -67.29 0.00 -44.35 0.00 33.26 14.05 0.00 0.00 0.00 -54.96 1.29 92.83 0.00 -5.08 0.00 0.00 0.00 0.00 -92.95 0.00 0.00 0.00 0.00 0.00 76.29 0.00 0.00 -58.39 0.00 0.00 0.00 0.00 -92.67 0.00 0.00 97.68 0.00 0.00 -54.91 0.00 11.22 -39.88 0.00 0.00 0.00 0.00 0.00 0.00 0.00 0.00 0.00 0.00 0.00 46.54 0.00 0.00 -41.44 0.00 29.97 0.00 52.46 0.00 0.00 0.00 0.00 -43.39 0.00 0.00 -22.21 -36.06 -45.47 93.08 0.00 0.00 -83.81 0.00 0.00 -88.77 1.35 0.00 0.00 -89.60 0.00 0.00
0.00 0.00 0.00 85.14 0.00 0.00 0.00 13.73 0.00 0.00 -56.89 0.00 -22.01 0.00 0.00 0.00 -15.81 94.38 0.00 0.00 0.00 0.00 0.00 0.00 60.24 0.00 85.48 87.20 -7.64 92.53 0.00 0.00 63.49 0.00 0.00 0.00 33.98 0.00 -62.93 98.37 0.00 0.00 -83.73 48.29 -4.30 0.00 0.00 0.00 -99.99 0.00 -93.16 -74.34 0.00 0.00 0.00 0.00 52.47 0.00 -36.54 3.45 0.00 0.00 0.00 0.00 0.00 0.00 -46.39 55.20 0.00 -3.48 0.00 -30.19 66.43 0.00 0.00 0.00 0.00 97.88 0.00 -19.79 0.00 0.00 0.00 88.77 48.81 0.00 0.00 0.00 60.54 3.97 0.00 -67.01 0.00 54.91 -35.80 0.00 0.00 -44.32 42.10 0.00
0.00 0.00 0.00 0.00 56.57 0.00 -14.59 0.00 42.79 27.75 22.48 0.00 78.37 0.00 0.00 0.00 0.00 44.02 0.00 0.00 0.00 0.00 0.00 0.00 7.97 -25.94 0.00 0.00 0.00 0.00 0.00 0.00 0.00 44.04 14.82 -0.28 0.00 0.00 0.00 0.00 0.00 33.71 0.00 -84.52 -59.62 87.33 70.68 0.00 36.90 0.00 -5.66 0.00 0.00 0.00 0.00 37.10 0.00 0.00 71.98 0.00 0.00 -88.25 63.08 0.00 0.00 0.00 0.00 0.00 0.00 0.00 57.99 72.29 -32.96 0.00 0.00 0.00 0.00 0.00 0.00 0.00 0.00 0.00 0.00 0.00 0.00 90.99 0.00 0.00 0.00 0.00 0.00 0.00 0.00 64.40 0.00 0.00 0.00 0.00 31.24 -16.13
0.00 0.00 6.50 0.00 25.01 69.28 0.00 0.00 0.00 0.00 -13.51 0.00 0.00 -47.25 0.00 0.00 28.97 0.00 0.00 -35.15 -66.02 0.00 0.00 0.00 0.00 0.00 0.00 0.00 0.00 0.00 0.00 0.00 -63.07 0.00 0.00 0.00 0.00 0.00 0.00 38.91 0.00 -84.78 88.96 0.00 0.00 -24.16 48.93 0.00 -95.57 0.00 0.00 0.00 16.22 0.00 73.46 0.00 0.00 0.00 0.00 75.11 0.00 0.00 0.00 -9.68 -32.21 0.00 49.42 0.00 0.00 0.00 -0.49 -20.45 0.00 0.00 12.49 0.00 0.00 0.00 -42.51 0.00 -48.17 0.00 0.00 0.00 0.00 0.00 0.00 0.00 0.00 0.00 0.00 0.00 0.00 0.00 0.00 -83.27 0.00 -14.32 -46.56 85.18
0.00 -93.25 0.00 0.00 0.00 0.00 0.00 59.94 0.00 0.00 0.00 0.00 0.00 0.00 0.00 0.00 10.19 0.00 0.00 0.00 0.00 -86.76 0.00 0.00 0.00 0.00 0.00 -16.37 0.00 62.94 42.21 0.00 0.00 0.00 0.00 0.00 0.00 0.00 0.00 0.00 48.49 0.00 96.92 0.00 0.00 -83.66 24.60 0.00 0.00 0.00 -87.87 0.00 0.00 -57.49 -62.36 98.28 -53.06 91.07 0.00 0.00 0.00 0.00 71.73 0.00 0.00 -40.74 0.00 0.00 18.60 0.00 0.00 0.00 0.00 0.00 -60.48 0.00 0.00 0.00 0.00 0.00 0.00 0.00 0.00 -91.33 -81.90 56.28 58.37 0.00 12.80 0.00 0.00 -54.69 0.00 0.00 0.00 -87.70 -64.31 0.00 0.00 0.00
-1.25 0.00 0.00 0.00 0.00 0.00 0.00 0.00 97.48 -57.56 0.00 0.00 0.00 -4.11 7.66 -7.11 79.53 7.81 0.00 -27.70 0.00 65.22 0.00 0.00 0.00 0.00 4.72 0.00 0.00 0.00 0.00 0.00 0.00 0.00 0.00 0.00 0.00 0.00 0.00 25.86 0.00 -10.19 0.00 54.07 68.37 64.67 0.00 52.34 0.00 0.00 -84.70 0.00 55.73 0.00 24.06 -25.44 11.53 0.00 0.00 0.00 0.00 0.00 0.00 -99.22 0.00 0.00 20.44 0.00 0.00 0.00 66.84 57.06 0.00 0.00 16.01 0.00 0.00 0.00 0.00 0.00 0.00 0.00 -20.36 -97.63 0.00 0.00 0.00 0.00 0.00 0.00 0.00 0.00 0.00 0.00 65.52 0.00 52.54 0.00 0.00 0.00
38.33 63.00 0.00 0.00 -67.82 -65.78 7.86 0.00 0.00 0.00 0.00 0.00 0.00 25.08 0.00 0.00 0.00 0.00 -86.26 0.00 0.00 0.00 0.00 0.00 -84.34 0.00 0.00 0.00 0.00 0.00 0.00 0.00 0.00 0.00 0.00 -65.42 78.96 57.60 0.00 60.44 0.00 5.97 48.87 0.00 0.00 28.80 -29.37 0.00 0.00 0.00 0.00 1.20 0.00 0.00 0.00 0.00 0.00 0.00 0.00 44.11 0.00 -36.43 0.00 0.00 -37.54 -44.13 0.00 75.10 0.46 0.00 -86.48 0.00 0.00 41.94 0.00 0.00 0.00 -42.49 29.53 -41.22 0.00 0.00 0.00 0.00 0.00 -2.91 0.00 0.00 0.00 -4.95 0.00 0.00 0.00 0.00 -51.48 0.00 0.00 0.00 0.00 0.00
-64.58 0.00 -4.75 0.00 0.00 -19.30 0.00 -30.36 -96.90 0.00 0.00 0.00 0.00 0.00 -57.02 0.00 0.00 0.00 0.00 0.00 0.00 0.00 20.59 0.00 0.00 0.00 0.00 -44.02 -22.43 0.00 0.00 0.00 0.00 0.00 0.00 0.00 36.75 0.00 0.00 -86.43 0.00 -62.00 0.00 0.00 0.00 -57.29 62.44 0.00 0.00 0.00 66.81 50.56 0.00 0.84 0.00 0.00 0.00 0.00 0.00 0.00 48.12 -48.67 0.00 0.00 0.00 63.30 0.00 0.00 -58.81 0.00 -36.37 0.96 -45.29 0.00 0.00 0.00 0.00 0.00 0.00 0.00 -57.23 0.00 58.48 -78.55 0.00 1.55 0.00 -7.23 0.00 0.00 0.00 0.00 0.00 0.00 53.71 0.00 50.07 0.00 0.00 0.00
0.00 0.00 0.00 0.00 0.00 0.00 0.00 0.00 0.00 0.00 0.00 0.00 65.40 -51.05 -32.02 -27.76 -10.74 0.00 10.96 0.00 -69.97 0.00 45.24 0.00 0.00 -74.27 66.78 0.00 0.00 58.81 0.00 -36.26 0.00 0.00 -53.30 58.45 -32.25 -65.54 -40.72 0.00 0.00 0.00 0.00 0.00 0.00 -46.93 0.00 0.00 0.00 -14.21 -40.21 0.00 0.00 0.00 -5.74 0.00 0.00 0.00 49.42 0.00 60.75 86.19 92.20 0.00 0.00 0.00 56.43 -92.37 30.95 0.00 0.00 -13.59 0.00 61.34 0.00 0.00 0.00 0.00 18.23 -48.20 -52.51 0.00 0.00 0.00 0.00 0.00 0.00 0.00 86.21 0.00 0.00 0.00 61.26 0.00 0.00 0.00 0.00 73.96 0.00 34.37
0.00 0.00 0.00 91.29 0.00 0.00 0.00 0.00 0.00 19.20 0.00 0.00 0.00 0.00 0.00 97.32 0.00 0.00 0.00 0.00 58.07 0.00 0.00 15.21 0.00 0.00 0.00 -1.74 0.00 0.00 0.00 0.00 0.00 -95.24 0.00 0.00 0.00 -26.34 66.01 0.00 0.00 0.00 0.00 0.00 0.00 0.00 0.00 -23.57 0.00 0.00 0.00 70.15 0.00 0.00 -43.72 62.22 0.00 0.00 0.00 -70.07 0.00 0.00 0.00 0.00 0.00 0.00 0.00 0.00 50.54 48.84 0.00 0.00 0.00 0.00 0.00 90.69 0.00 0.00 0.00 36.72 0.00 0.00 0.00 0.00 0.00 0.00 0.00 0.00 0.00 0.00 0.00 0.00 0.00 0.00 0.00 0.00 0.00 78.24 0.00 0.00
0.00 0.00 0.00 47.11 81.56 0.00 0.00 46.40 0.00 0.00 0.00 0.00 0.00 0.00 -66.49 0.00 0.00 0.00 80.10 0.00 -35.38 0.00 0.00 22.53 0.00 0.00 0.00 -35.21 -11.97 0.00 0.00 0.00 0.00 0.00 -16.22 -61.25 0.00 0.00 0.00 -40.40 0.00 0.00 0.00 0.00 0.00 0.00 0.00 12.27 0.00 0.00 57.95 0.00 -43.09 0.00 0.00 0.00 0.00 0.00 -29.67 0.00 0.00 0.00 0.00 0.00 0.00 0.00 10.36 0.00 0.00 55.17 12.30 0.00 -78.78 0.00 0.00 0.00 0.00 0.00 0.00 0.00 0.00 0.00 0.00 0.00 58.38 0.00 0.00 0.00 0.00 0.00 0.00 0.00 88.73 0.00 91.38 0.00 0.00 0.00 0.00 -85.35
0.00 88.15 0.00 0.00 -78.70 0.00 0.00 -97.60 36.99 0.00 -50.81 0.00 0.00 76.33 0.00 0.00 52.43 -66.49 95.10 0.00 0.00 -1.18 0.00 0.00 4.23 0.00 75.19 0.00 0.00 0.00 0.00 0.00 0.00 0.00 -99.36 0.00 0.00 0.00 0.00 0.00 0.00 0.00 0.00 0.00 0.00 0.00 -73.25 0.00 -60.02 25.88 0.00 47.74 0.00 -21.27 0.00 85.49 -39.99 0.00 0.00 0.00 0.00 -26.12 0.00 -20.40 0.00 0.00 30.34 -78.56 0.00 0.00 0.00 -65.23 -20.15 0.00 0.00 -57.33 -69.65 0.00 0.00 0.00 0.00 0.00 0.00 5.78 0.00 0.00 -65.96 0.00 -17.78 0.00 0.00 0.00 0.00 0.00 -6.07 0.00 -7.45 0.00 0.00 0.00
0.00 21.83 -31.88 0.00 0.00 0.00 0.00 41.75 35.36 0.00 0.00 -42.25 0.00 0.00 0.00 0.00 0.00 0.00 0.00 0.00 0.00 75.26 0.00 0.00 0.00 30.45 0.00 56.58 0.00 0.00 0.00 0.00 0.00 0.00 0.00 0.00 0.00 0.00 0.00 0.00 0.00 0.00 -20.52 0.00 0.00 5.64 94.43 0.00 0.00 43.45 0.00 82.83 0.00 0.00 0.00 0.00 20.31 0.00 0.00 0.00 0.00 0.00 -8.82 -1.24 0.00 0.00 43.00 51.19 0.00 0.00 0.00 -90.16 0.00 -77.41 18.74 0.00 0.00 0.00 -68.72 0.00 -5.43 0.00 -64.21 11.16 0.00 0.00 0.00 0.00 0.00 0.00 62.14 0.00 0.00 0.00 0.00 0.00 0.00 0.00 0.00 0.00
0.00 0.00 0.00 0.00 0.00 0.00 41.57 0.00 82.41 -55.65 0.00 0.00 0.00 0.00 -27.30 0.00 0.00 0.00 0.00 0.00 0.00 0.00 -25.04 0.00 0.00 66.18 0.00 40.82 -46.09 0.00 0.00 0.00 0.00 0.00 1.53 0.00 0.00 98.58 -70.84 -30.81 92.36 0.00 45.85 0.00 0.00 0.00 0.00 -87.97 -76.02 26.50 0.00 0.00 94.86 0.00 0.00 0.00 0.00 0.00 44.29 -82.32 0.00 0.00 0.00 30.82 24.49 -93.93 40.66 0.00 47.09 0.00 0.00 62.02 -90.86 0.00 0.00 -21.14 0.00 0.00 97.81 0.00 0.00 0.00 0.00 0.00 57.52 -59.01 0.00 0.00 0.00 0.00 0.00 0.00 0.00 0.00 39.38 0.00 0.00 0.00 0.00 0.00
39.92 0.00 0.00 0.00 0.00 0.00 -14.66 0.00 0.00 0.00 0.00 0.00 0.00 0.00 -50.72 0.00 0.00 -85.13 0.00 0.00 0.00 0.00 -11.28 90.11 -31.22 0.00 0.00 0.00 0.00 -72.54 0.00 -74.12 0.00 0.00 0.00 35.15 0.00 0.00 0.00 0.00 -3.35 0.00 0.00 0.00 -44.56 0.00 0.00 18.21 0.00 0.00 0.00 8.68 0.00 -20.58 0.00 0.00 0.00 0.00 -55.30 0.00 0.00 40.74 0.00 0.00 0.00 0.00 0.00 0.00 0.00 -39.08 -0.41 -28.45 85.41 0.00 5.67 0.00 -50.59 69.70 -32.32 -4.24 -51.44 0.00 0.00 2.70 0.00 -46.73 0.00 26.76 0.00 0.00 -20.72 0.00 0.00 0.00 0.00 93.20 0.00 -87.90 28.56 -54.73
38.03 18.66 0.00 14.06 65.49 0.00 0.00 0.00 81.75 -13.59 -0.66 -62.82 0.00 0.00 -95.39 0.00 0.00 0.00 0.00 0.00 0.00 0.00 -54.78 0.00 0.00 0.00 0.00 0.00 16.61 0.00 -50.68 0.00 0.00 0.00 0.00 85.96 0.00 0.00 77.53 0.00 0.00 0.00 0.00 0.00 0.00 0.00 48.91 0.00 0.00 0.00 0.00 0.00 0.00 -5.29 0.00 0.00 0.00 0.00 -99.87 0.00 0.00 0.00 0.00 -8.22 0.00 0.00 0.00 0.00 0.00 81.33 0.00 0.00 0.00 0.00 0.00 69.84 59.47 0.00 0.00 0.00 0.00 14.30 0.00 0.00 -44.40 0.00 -0.63 67.57 0.00 0.00 0.00 0.00 82.36 78.65 97.97 -68.34 7.20 0.00 -56.76 0.00
0.00 0.00 0.00 0.00 0.00 0.00 -93.10 0.00 -36.93 0.00 0.00 0.00 0.00 0.00 94.51 -90.41 0.00 0.00 -55.19 0.00 -19.09 0.00 0.00 8.94 0.00 0.00 0.00 -18.00 -14.47 54.16 0.00 0.00 0.00 0.00 0.00 0.00 -64.19 72.06 0.00 0.00 77.33 -49.46 0.00 0.00 58.17 9.24 0.00 0.00 0.00 -49.33 0.00 -50.05 0.00 0.00 0.00 27.78 0.00 0.00 0.00 0.00 0.00 0.00 0.00 0.00 0.00 0.00 0.00 0.00 0.00 0.00 0.00 0.00 0.00 -42.29 0.00 0.00 -53.38 -57.93 0.00 0.00 0.00 0.00 0.00 0.00 50.52 0.00 0.00 0.00 45.99 0.00 0.00 0.00 -53.16 32.88 0.00 0.00 0.00 0.00 0.00 0.00
0.00 0.00 0.00 0.00 0.00 0.00 0.00 0.00 0.00 0.00 0.00 0.00 0.00 0.00 0.00 0.00 0.00 0.00 0.00 24.63 -55.19 -98.26 0.00 -30.97 0.00 0.00 0.00 0.00 0.00 0.00 0.00 25.26 0.00 -91.36 0.00 0.00 0.00 0.00 32.10 19.76 0.00 0.00 0.00 0.00 0.00 0.00 -81.76 0.00 76.92 -62.13 64.39 -3.88 0.00 0.00 0.00 0.00 0.00 0.00 0.00 60.61 0.00 0.00 0.00 0.00 0.00 55.75 0.00 69.14 0.00 32.66 0.00 0.00 70.28 0.00 0.00 -80.33 0.00 0.00 0.00 0.00 0.00 -9.17 0.00 -20.48 0.00 0.00 0.00 7.55 0.00 0.00 77.99 0.00 0.00 -92.71 -97.53 -38.19 0.00 0.00 0.00 0.00
0.00 0.00 0.00 -13.43 0.00 0.00 52.99 0.00 -92.21 0.00 33.41 0.00 23.07 0.00 0.00 69.63 0.00 0.00 0.00 -84.58 0.00 0.00 0.00 0.00 24.82 0.00 0.00 0.00 0.00 0.00 0.00 -61.35 0.00 40.68 0.00 0.00 0.00 70.67 0.00 -92.04 -2.36 88.91 84.88 0.00 0.00 0.00 35.52 90.50 18.20 0.00 33.33 0.00 0.00 0.00 0.00 0.00 46.25 -12.67 0.00 0.00 0.00 -34.01 0.00 0.00 16.52 0.00 0.00 0.00 44.21 0.00 0.00 0.00 0.00 0.00 0.00 94.03 0.00 0.00 0.00 0.00 0.00 -66.76 0.00 0.00 0.00 0.00 0.00 0.00 0.00 0.00 0.00 0.00 -48.25 -90.79 0.00 0.00 0.00 0.00 0.00 -59.47
0.00 -45.78 0.00 0.00 0.00 0.00 -28.98 0.00 0.00 27.10 0.00 0.00 -92.79 0.00 0.00 16.02 -2.28 0.00 0.00 0.00 30.28 0.00 0.00 -14.36 0.00 0.00 0.00 0.00 0.00 13.14 0.00 0.00 -7.70 0.00 0.00 61.50 0.00 0.00 -46.18 0.00 0.00 -37.03 0.00 0.00 69.46 0.00 0.00 0.00 88.67 -10.92 0.00 0.00 91.54 0.00 0.00 0.00 0.00 61.39 -20.42 0.00 0.00 46.94 0.00 0.00 -5.28 0.00 0.00 0.00 0.00 0.00 -36.97 -65.74 0.00 97.92 0.00 0.00 0.00 0.00 0.00 0.00 79.55 -84.33 91.94 0.00 0.00 0.00 -87.21 0.00 0.00 0.00 0.00 0.00 -32.57 0.00 0.00 0.00 0.00 0.00 -61.65 0.00
0.00 0.00 0.00 0.00 0.00 -9.47 0.00 0.00 0.00 0.00 0.00 58.86 0.00 0.00 0.00 0.00 0.00 0.00 0.00 9.37 0.00 -45.16 0.00 0.00 0.00 66.07 0.00 0.00 -74.62 52.56 0.00 33.56 0.00 0.00 0.00 0.00 0.00 0.00 0.00 0.00 48.23 0.00 0.00 -34.31 0.00 0.00 -36.94 0.00 0.00 9.72 0.00 56.72 0.00 0.00 0.00 63.24 0.00 0.00 0.00 0.00 0.00 0.00 0.00 0.00 0.00 16.39 0.00 0.00 0.00 82.60 0.00 -47.68 45.13 43.98 0.00 0.00 69.11 -7.93 0.00 0.00 -24.10 0.00 0.00 -67.87 0.00 63.54 -26.19 -51.12 79.22 2.95 0.00 -1.12 -16.15 0.00 0.00 41.30 0.00 -73.38 0.00 0.00
0.00 0.00 0.00 0.00 0.00 0.00 0.00 -57.30 -49.34 -18.54 0.00 0.00 0.00 0.00 -54.02 0.00 13.25 0.00 0.00 -65.99 0.00 -83.26 -38.53 36.91 -20.20 0.00 0.00 0.00 -91.60 30.84 -56.96 0.00 0.00 0.00 0.00 0.00 0.00 24.79 13.43 32.57 0.00 0.00 0.00 0.00 0.00 0.00 0.00 7.12 0.00 0.00 0.00 0.00 -42.60 0.00 38.88 -63.61 0.00 0.00 0.00 0.00 0.00 0.00 0.00 70.52 0.00 0.00 0.00 -91.79 0.00 0.00 -62.86 0.00 -55.68 0.00 0.00 0.00 0.00 -5.70 0.00 0.00 -46.44 47.28 0.00 0.00 0.00 0.00 0.00 0.00 0.00 0.00 93.19 0.00 0.00 37.41 0.00 25.78 0.00 0.00 0.00 0.00
-42.99 0.00 0.00 0.00 0.00 0.00 0.00 0.00 0.00 0.00 0.00 0.00 0.00 0.00 0.00 -82.69 76.45 0.00 38.47 -36.71 26.90 -90.32 0.00 0.00 0.00 0.00 0.00 0.00 17.24 0.00 88.38 46.59 0.00 0.00 0.00 0.00 0.00 0.00 0.00 97.05 0.00 0.00 0.00 0.00 96.78 0.00 0.00 -22.58 0.00 0.00 0.00 0.00 0.00 0.00 0.00 0.00 0.00 -22.71 58.77 0.00 0.00 -71.95 0.00 -52.94 -34.12 0.00 22.67 0.00 85.94 2.28 0.00 0.00 0.00 0.00 0.00 0.00 -6.82 0.00 -68.65 76.63 37.50 25.65 0.00 0.00 0.00 -69.82 0.00 0.00 21.98 0.00 0.00 0.00 0.00 56.04 0.00 0.00 0.00 0.00 0.00 0.00
0.00 0.00 67.59 0.00 0.00 0.00 -15.03 0.00 0.00 0.00 0.00 0.00 -86.96 84.90 0.00 0.00 -1.38 0.00 0.00 0.00 0.00 0.00 51.51 0.00 0.00 0.00 0.00 0.00 0.00 0.00 -14.60 0.00 0.00 -74.49 61.19 0.00 0.00 0.00 0.00 0.00 0.00 -97.37 -86.12 0.00 0.00 0.00 0.00 44.99 0.00 0.00 0.00 -63.12 -52.14 -40.39 0.00 0.00 51.38 0.00 -93.38 -12.33 0.00 0.00 0.00 98.44 0.00 9.72 0.00 0.00 0.00 -89.67 0.00 0.00 0.00 0.00 0.00 -78.43 0.00 0.00 0.00 0.00 -50.80 0.00 40.72 -47.08 -74.18 0.00 0.00 -21.79 0.00 0.00 0.00 0.00 0.00 -84.22 0.00 0.00 -44.00 0.00 0.00 0.00
0.00 0.00 -62.60 0.00 71.82 0.00 0.00 0.00 0.00 0.00 0.00 0.00 -39.21 22.37 0.00 84.87 -17.11 0.00 0.00 -41.81 0.00 0.00 0.00 0.00 0.00 0.00 36.37 68.29 -16.30 0.00 0.00 34.77 -91.87 -2.41 0.00 16.96 -54.99 0.00 0.00 0.00 0.00 0.00 0.00 82.66 0.00 -86.23 -66.40 89.29 0.00 38.65 0.00 0.00 0.00 0.00 0.00 0.00 0.00 0.00 0.00 0.00 0.00 0.00 0.00 0.00 0.00 0.00 -67.97 36.21 0.00 0.00 0.00 0.00 0.00 0.00 0.00 0.00 0.00 0.00 48.98 0.00 0.00 -9.18 0.00 85.41 0.00 0.00 0.00 -10.31 80.95 0.00 0.00 -51.57 -94.89 96.73 0.00 0.00 0.00 0.00 41.64 -20.28
0.00 68.55 -97.58 0.00 0.00 0.00 0.00 0.00 0.00 -60.71 90.62 -14.69 0.00 0.00 0.00 0.00 0.00 0.00 -2.52 0.00 0.00 64.19 0.00 -46.40 0.00 0.00 81.18 36.16 0.00 -1.06 15.97 0.00 -46.89 0.00 0.00 0.00 0.00 0.00 0.00 0.00 0.00 0.00 43.95 0.00 0.00 -1.37 4.10 0.00 0.00 0.00 0.00 0.00 0.00 0.00 77.55 25.12 -57.26 0.00 0.00 -53.21 -1.47 0.00 0.00 0.00 91.73 0.00 0.00 0.00 0.00 0.00 0.00 74.82 0.00 -16.07 0.00 0.00 0.00 18.62 0.00 55.76 69.57 0.00 0.00 0.00 0.00 0.00 0.00 0.00 0.00 0.00 0.00 0.00 0.00 0.00 0.00 60.94 89.70 0.00 0.00 0.00
0.00 0.00 0.00 0.00 0.00 0.00 0.00 0.00 0.00 11.20 -59.35 0.00 0.00 0.00 0.00 95.45 13.62 0.00 0.00 17.15 0.00 0.00 86.06 0.00 0.00 0.00 0.00 0.00 0.00 0.00 0.00 0.00 0.00 98.93 -85.38 0.00 0.00 50.24 0.00 -10.27 -66.99 0.00 -13.60 88.67 0.00 86.19 0.00 0.00 76.72 0.00 0.00 0.00 69.83 0.00 -15.19 0.00 0.00 0.00 0.00 -19.19 0.00 84.58 0.00 -52.87 0.00 0.00 0.00 0.00 0.00 23.56 -31.43 0.00 45.66 0.00 0.00 0.00 0.00 0.00 0.00 0.00 0.00 0.00 0.00 0.00 0.00 0.00 0.00 52.49 -56.62 -33.21 -28.90 0.00 -63.65 0.00 0.00 0.00 -63.65 0.00 0.00 0.00
0.00 0.00 -30.75 -73.96 0.00 84.76 47.11 0.00 0.00 0.00 -78.52 0.00 0.00 -1.63 -35.74 0.00 -55.26 34.51 16.09 0.00 94.98 0.00 0.00 0.00 0.00 0.00 -38.56 86.31 18.58 0.00 -12.68 72.50 -4.70 0.00 0.00 0.00 -5.65 0.00 -5.49 0.00 0.00 0.00 76.11 -21.08 41.65 36.87 0.00 0.00 0.00 0.00 0.00 0.00 0.00 47.50 0.00 0.00 24.51 -10.65 0.00 0.00 0.00 0.00 0.00 0.00 0.00 0.00 0.00 0.00 0.00 0.00 0.00 -71.92 0.00 0.00 0.00 0.00 0.00 91.31 0.00 97.67 0.00 0.00 -35.57 -35.14 -33.09 27.68 -50.38 -48.78 0.00 49.16 85.20 0.00 15.48 0.00 0.00 0.00 -68.90 19.70 -31.22 0.00
0.00 0.00 0.00 0.00 0.00 0.00 0.00 0.00 0.00 -36.71 0.00 0.00 0.00 -81.65 0.00 0.00 0.00 -44.92 0.00 81.87 5.67 0.00 0.00 -35.22 0.00 14.37 -62.78 0.00 0.00 0.00 0.00 59.30 27.69 0.00 0.00 16.14 0.00 0.00 0.00 0.00 0.00 0.00 38.15 -35.45 0.00 0.00 0.00 0.84 0.00 0.00 0.00 0.00 0.00 0.00 0.00 0.00 0.00 0.00 0.00 0.00 0.00 0.00 0.00 0.00 0.00 0.00 -37.35 0.00 0.00 53.91 0.00 0.00 0.00 0.00 0.00 0.00 0.00 0.00 0.00 66.14 -8.84 0.00 0.00 88.78 0.00 0.00 -69.44 0.00 0.00 56.03 -44.32 0.00 0.00 58.25 -57.15 44.11 0.00 0.00 0.00 0.00
44.61 0.00 -71.96 0.00 0.00 0.00 0.00 0.00 0.00 0.00 -3.20 0.00 0.00 -87.08 0.00 84.96 0.00 65.58 -23.79 -96.70 0.00 0.00 0.00 -42.14 -41.93 46.18 0.00 0.00 0.00 22.65 0.00 0.00 0.00 0.00 0.00 -90.35 83.40 0.00 0.00 0.00 0.00 -18.06 0.00 0.00 0.00 0.00 0.00 37.34 36.74 0.00 0.00 0.00 0.00 0.00 0.00 0.00 0.00 0.00 0.00 0.00 0.00 0.00 0.00 0.00 0.00 0.00 -42.71 -98.12 0.00 0.00 -25.21 0.00 0.00 0.00 0.00 0.00 0.00 19.94 0.00 0.00 93.00 -59.08 0.00 0.00 0.00 -51.69 0.00 81.77 0.00 0.00 0.00 0.00 0.00 8.69 -58.46 0.00 -25.35 4.14 0.00 0.00
-15.61 0.00 -81.24 -14.04 0.00 49.64 15.56 -1.12 0.00 34.59 18.34 0.00 0.00 0.00 75.09 0.00 0.00 0.00 0.00 75.10 0.00 0.00 0.00 0.00 0.00 76.20 0.00 0.00 -29.64 0.00 0.00 0.00 0.00 0.00 0.00 0.00 21.27 36.05 0.00 -19.99 0.00 0.00 0.00 0.00 0.00 0.00 41.87 0.00 0.00 -44.81 0.00 0.00 0.00 0.00 0.00 0.00 -82.66 0.00 0.00 0.00 0.00 0.00 -21.39 0.00 0.00 12.48 0.00 0.00 0.00 -43.56 0.00 0.00 90.61 -67.58 0.00 0.00 -13.36 0.00 0.00 0.00 0.00 0.00 0.00 0.00 0.00 0.00 0.00 0.00 0.00 0.00 0.00 0.00 -68.48 0.00 0.00 17.94 0.00 -31.59 77.42 0.00
0.00 0.00 59.48 0.00 0.00 0.00 0.00 0.00 80.27 0.00 0.00 -18.44 0.00 0.00 0.00 0.00 -56.14 99.03 0.00 0.00 0.00 67.52 0.00 93.50 0.00 51.79 3.60 0.00 0.00 0.00 0.00 0.00 0.00 0.00 0.00 0.00 0.00 0.00 0.00 65.30 -29.88 15.89 0.00 0.00 0.00 0.00 0.00 0.00 40.39 -16.47 0.00 0.00 0.00 0.00 86.25 -1.13 -80.43 3.47 0.00 0.00 0.00 0.00 0.00 -59.27 -25.23 0.00 0.00 0.00 58.02 56.55 0.00 0.00 -75.55 0.00 -48.34 0.00 0.00 84.36 0.00 0.00 0.00 0.00 0.00 -5.92 38.31 0.00 0.00 0.00 0.00 0.00 0.00 0.00 0.00 0.00 0.00 -84.13 0.00 0.00 0.00 -87.99
-56.08 -69.50 71.49 -75.82 0.00 0.00 12.06 0.00 0.00 -84.66 0.00 0.00 0.00 0.00 -39.58 16.78 -53.95 0.00 0.00 0.00 0.00 0.00 -87.80 0.00 0.00 -42.42 0.00 0.00 0.00 -88.66 0.00 19.54 73.47 0.00 0.00 0.00 88.94 -59.73 0.00 0.00 96.92 0.00 0.00 -12.20 0.00 0.00 0.00 0.00 -40.16 0.00 37.59 0.00 65.75 71.82 0.00 32.82 0.00 0.00 0.00 59.50 0.00 0.00 -66.52 84.48 43.86 27.56 22.78 96.94 0.00 0.00 0.00 0.00 0.00 39.58 0.00 66.70 0.00 -72.57 0.00 11.06 0.00 -71.91 76.70 0.00 63.62 0.00 0.00 0.00 0.00 0.00 0.00 0.00 0.00 0.00 0.00 -11.49 0.00 0.00 30.68 0.00
0.00 0.00 0.00 0.00 0.00 -53.13 0.00 0.00 0.00 0.00 0.00 0.00 37.92 88.26 -4.58 0.00 0.00 -5.34 0.00 0.00 0.00 0.00 0.00 98.93 0.00 0.00 -15.65 0.00 0.00 0.00 0.00 34.93 0.00 95.85 -90.64 0.00 0.00 -68.02 0.00 0.00 70.64 0.00 0.00 0.00 0.00 75.11 0.00 0.00 0.00 0.00 0.00 -59.00 3.45 34.60 0.00 0.00 0.00 0.00 -25.52 0.00 0.00 0.00 0.00 0.00 0.00 0.00 0.00 0.00 0.00 0.00 0.00 0.00 0.00 -12.07 0.00 -21.55 -97.96 -52.09 0.00 0.00 0.00 -24.61 41.62 0.00 -85.39 0.00 40.03 0.00 0.00 0.00 0.00 0.00 -10.12 -20.09 0.00 0.00 0.00 0.00 16.73 0.00
0.00 -9.30 0.00 68.42 -52.60 37.57 6.33 0.00 -27.13 0.00 0.00 0.00 -67.02 -99.01 0.00 0.00 0.00 0.00 0.00 0.00 0.00 0.00 0.00 0.00 -28.21 17.34 73.13 0.00 0.00 0.00 0.00 0.00 4.84 0.00 0.00 0.00 0.00 0.00 26.70 -94.90 0.00 0.00 0.00 0.00 0.00 -24.52 0.00 0.00 39.01 0.00 -53.89 -83.87 0.00 0.00 0.00 0.00 -26.40 0.00 0.00 0.00 0.00 20.59 0.00 0.00 4.06 0.00 89.27 22.63 51.98 0.00 0.00 0.00 0.00 0.00 0.00 0.00 0.00 0.00 0.00 0.00 0.00 0.00 0.00 0.00 0.00 0.00 0.00 1.86 0.00 0.00 1.45 -96.21 0.00 0.00 0.00 0.00 0.00 0.00 0.00 0.00
0.00 -58.12 0.00 0.00 0.00 0.00 0.00 -71.46 0.00 0.00 0.00 -16.30 0.00 0.00 58.61 19.24 -10.68 -56.78 0.00 -43.19 -67.15 0.00 0.00 16.09 0.00 0.00 0.00 0.00 -10.21 0.00 -28.95 -74.92 0.00 -55.67 0.00 0.00 0.00 0.00 -55.82 0.00 0.00 0.00 0.00 67.14 -91.77 -50.72 -57.39 84.45 32.60 0.00 0.00 -41.26 0.00 0.00 -4.74 0.00 0.00 0.00 -46.81 0.00 0.00 -99.99 0.00 0.00 -15.48 -86.98 89.20 0.00 0.00 86.38 51.69 0.00 0.00 0.00 0.00 0.00 -69.81 0.00 -71.75 0.00 80.23 0.00 0.00 0.00 0.00 51.10 0.00 -75.93 0.00 -0.54 0.00 0.00 0.00 0.00 0.00 0.00 0.00 0.00 -59.59 0.00
0.00 0.00 0.00 0.00 0.00 -32.71 0.00 0.00 0.00 0.00 0.00 56.27 0.00 10.47 0.00 -79.42 -16.73 0.00 0.00 0.00 0.00 81.53 0.00 0.00 -54.34 0.00 0.00 0.00 64.81 0.00 0.00 -74.30 0.00 0.00 0.00 0.00 -50.00 -89.75 0.00 12.19 -7.39 94.70 0.00 0.00 -55.21 0.00 88.57 0.00 0.00 -10.05 35.19 0.00 -74.22 -88.33 0.00 0.00 85.42 0.00 -85.03 98.05 0.00 0.00 0.00 37.10 0.00 0.00 0.00 -17.63 0.00 -36.49 0.00 0.00 17.32 0.00 -66.54 0.00 -12.42 0.00 0.00 0.00 0.00 0.00 0.00 0.00 -46.01 0.00 -26.13 92.08 -52.54 0.00 84.34 0.00 0.00 -50.14 30.73 0.00 -96.94 0.00 0.00 0.00
32.73 0.00 32.75 -71.24 0.00 0.00 0.00 82.74 43.00 78.17 0.00 0.00 0.00 0.00 12.55 0.00 0.00 0.00 0.00 0.00 0.00 0.00 74.90 -77.05 0.00 0.00 1.11 -35.15 95.35 0.00 0.00 0.00 0.00 0.00 0.00 0.00 64.10 -23.48 80.76 -83.73 0.00 0.00 11.78 0.00 0.00 17.86 0.00 0.00 0.00 0.00 -1.36 0.00 -87.51 -27.62 0.00 32.10 0.00 0.07 0.00 0.00 0.00 0.00 0.00 26.37 0.00 0.00 0.00 0.00 -56.83 0.00 29.35 73.84 0.00 0.00 0.00 0.00 -35.28 0.00 0.00 0.00 79.21 0.00 0.00 0.00 0.00 0.00 0.00 41.77 0.00 -32.22 11.93 0.00 0.00 0.00 11.72 0.00 0.00 0.00 0.00 0.00
0.00 33.76 0.00 0.00 0.00 0.00 0.00 0.00 0.00 0.00 -5.34 -8.08 11.92 0.00 0.00 0.00 0.00 0.00 0.00 0.00 0.00 -92.79 0.00 0.00 -33.18 0.00 72.08 0.00 0.00 0.00 0.00 0.00 0.00 0.00 0.00 0.00 45.53 0.00 68.88 0.00 67.42 0.00 0.00 0.00 0.00 0.00 0.00 46.84 -17.40 0.00 0.00 0.00 0.00 85.38 0.00 0.00 0.00 0.00 0.00 0.00 63.11 0.00 0.00 0.00 0.00 0.00 0.00 0.00 -68.42 0.00 0.00 0.00 0.00 3.23 -1.04 -55.93 75.62 0.00 0.00 -31.74 81.35 0.00 39.19 0.00 0.00 0.00 11.44 10.69 0.00 0.00 0.00 0.00 0.00 50.23 0.00 -86.64 27.10 -8.00 18.35 0.00
0.00 0.00 -23.76 -59.08 0.00 0.00 0.00 0.00 0.00 -47.90 0.00 0.00 0.00 0.00 -91.90 0.00 0.00 0.00 0.00 0.00 0.00 0.00 0.00 0.00 0.00 0.00 0.00 32.85 0.00 0.00 0.00 0.00 -98.78 0.00 0.00 0.00 0.00 -47.48 0.00 0.00 99.67 0.00 0.00 0.00 -89.50 0.00 0.00 -64.74 0.00 0.00 0.00 -94.26 -84.88 0.00 0.00 0.00 82.10 0.00 -11.66 0.00 0.00 -99.50 0.00 0.00 82.41 19.93 0.00 3.73 -18.64 64.00 16.55 86.84 0.00 0.00 0.00 0.00 0.00 0.00 0.00 0.00 82.56 -7.05 0.00 0.00 -1.73 0.00 0.00 0.00 0.00 0.00 0.00 0.00 0.00 -6.76 0.00 0.00 0.00 0.00 0.00 -56.83
48.84 -42.45 0.00 72.38 0.00 0.00 0.00 0.00 0.00 -32.82 0.00 0.00 0.00 0.00 33.79 0.00 0.00 0.00 0.00 0.00 0.00 0.00 -86.70 0.00 56.50 0.00 79.10 0.00 46.15 94.93 0.00 0.00 0.00 0.00 -68.38 0.00 45.81 0.00 0.00 -94.57 0.00 0.00 0.00 0.00 0.00 0.00 0.00 0.00 0.00 0.00 0.00 0.00 -33.12 88.76 0.00 -79.45 -13.82 0.00 -22.91 0.00 0.00 0.00 0.00 0.00 -78.95 0.00 0.00 5.79 0.00 0.00 0.00 0.00 -65.78 62.00 0.00 0.00 0.00 -75.64 -64.57 0.00 15.75 0.00 0.00 0.00 -88.81 0.00 -82.02 0.00 0.00 0.00 0.00 0.00 0.00 0.00 0.00 0.00 0.00 0.00 -91.31 0.00
0.00 0.00 0.00 0.00 46.67 0.00 0.00 0.00 0.00 0.00 48.43 0.00 0.00 -48.13 0.00 0.00 0.00 -4.50 0.00 0.00 0.00 -56.82 -75.76 0.00 0.00 0.00 0.00 0.00 0.00 99.89 0.00 76.97 -62.46 0.00 0.00 0.00 0.00 0.00 93.59 93.28 0.00 0.00 0.00 0.00 -79.11 88.52 0.00 0.00 0.00 0.00 0.00 0.00 0.00 -75.11 0.00 -96.10 0.00 -68.85 28.98 0.00 0.00 92.66 -48.30 -47.64 0.00 0.00 0.00 0.00 0.00 0.00 -30.25 0.00 0.00 0.00 9.97 0.00 0.00 95.36 0.00 0.00 41.18 0.00 0.00 -28.04 0.00 -80.29 0.00 0.00 76.61 0.00 0.00 87.71 -69.10 -68.21 0.00 0.00 0.00 0.00 -66.39 -85.23
80.23 0.00 0.00 0.00 0.00 -14.52 0.00 0.00 0.00 0.00 0.00 0.00 0.00 10.27 0.00 0.00 0.00 0.00 0.00 -76.60 0.00 0.00 46.93 47.37 0.00 -62.42 0.00 0.00 0.00 0.00 -78.32 0.00 0.00 0.00 0.00 0.00 0.00 0.00 40.95 -69.15 0.00 0.00 -57.43 0.00 0.00 29.46 0.00 -7.05 -53.52 60.61 0.00 -40.87 0.00 -60.87 -50.48 0.00 0.00 48.70 0.00 0.00 0.00 0.00 46.09 0.00 0.00 0.00 96.70 0.00 44.05 0.00 0.00 -12.73 -31.35 0.00 0.00 -99.03 0.00 0.00 0.00 0.00 0.00 -36.13 -6.44 -68.13 0.00 0.00 0.00 0.00 0.00 32.88 0.00 27.17 0.00 0.00 -16.14 0.00 13.10 0.00 0.00 0.00
0.00 0.00 0.00 0.00 0.00 0.00 0.00 0.00 0.00 0.00 0.00 0.00 -50.15 0.00 0.00 0.00 0.00 0.00 0.00 94.13 73.71 96.79 0.00 78.70 0.00 -88.72 0.00 0.00 0.00 0.00 0.00 -81.54 19.65 0.00 -20.66 0.00 0.00 -38.97 0.00 -13.69 0.00 -90.51 44.72 0.00 0.00 0.00 0.00 0.00 0.00 0.00 0.00 0.00 -15.87 5.83 0.00 83.86 0.00 0.00 0.00 0.00 0.00 70.86 0.00 0.00 0.00 0.00 -45.48 0.00 0.00 0.00 0.00 0.00 0.00 0.00 0.00 29.94 0.00 0.00 67.55 0.00 0.00 0.00 0.00 -64.22 0.00 0.00 0.00 0.00 -45.59 0.00 0.00 0.00 0.00 0.00 0.00 -26.60 0.00 -63.25 0.00 55.50
0.00 0.00 0.00 66.96 5.83 0.00 -11.63 0.00 0.00 0.00 31.34 89.69 -98.54 0.00 0.00 0.00 0.00 0.00 0.00 0.00 0.00 81.19 0.00 0.00 -78.98 75.17 0.00 -84.83 0.00 99.72 0.00 0.00 -76.34 0.00 0.00 0.00 0.00 0.00 -29.16 0.00 0.00 0.00 0.00 0.00 56.57 3.00 0.00 0.00 0.00 0.00 0.00 0.00 0.00 0.00 0.00 69.09 0.00 0.00 -19.91 12.50 0.00 13.80 0.00 0.00 64.22 -81.68 0.00 0.00 0.00 0.00 0.00 -2.35 0.00 0.00 0.00 0.00 72.28 0.00 0.00 0.00 0.00 0.00 0.00 0.00 0.00 10.06 0.00 0.00 0.00 0.00 0.00 0.00 0.00 -35.20 0.00 0.00 0.00 39.82 0.00 0.00
45.84 19.21 -86.79 0.00 0.00 -80.21 -25.30 0.00 -82.63 25.62 0.00 0.00 63.07 0.00 0.00 0.00 0.00 0.00 0.00 0.00 0.00 0.00 0.00 85.92 0.00 0.00 0.00 0.00 15.31 -98.27 0.00 -95.69 36.33 76.91 0.00 0.00 0.00 0.00 -80.52 0.00 0.00 0.00 0.00 0.00 0.00 36.04 -99.44 0.00 -9.67 29.82 0.00 0.00 0.00 0.00 40.77 -40.59 0.00 0.00 0.00 -90.10 -9.53 0.00 -89.59 0.00 0.00 -88.68 46.01 0.00 0.00 0.00 8.07 83.60 -43.94 0.00 0.00 0.00 -89.93 0.00 0.00 60.62 -60.90 0.00 0.00 0.00 0.00 0.00 29.28 0.00 0.00 73.83 -41.11 0.00 0.00 0.00 0.00 -96.02 -71.60 0.00 84.51 0.00
0.00 -95.75 0.00 0.00 0.00 -85.68 0.00 37.02 0.00 0.00 0.00 0.00 0.00 -94.01 0.00 0.00 0.00 -44.16 0.00 -26.66 0.00 0.00 -79.90 0.00 -24.68 0.00 0.00 0.00 0.00 0.00 0.00 -53.41 0.00 0.00 -79.34 0.00 0.00 0.00 0.00 -97.15 0.00 0.00 0.00 76.41 0.00 0.00 0.00 0.00 0.00 0.00 0.00 0.00 0.00 0.00 0.00 0.00 98.64 0.00 0.00 0.00 0.00 -0.53 0.00 0.00 0.00 0.00 0.00 0.00 0.00 0.00 0.00 86.31 0.00 0.00 0.00 0.00 0.00 -10.89 0.00 9.89 0.00 97.63 0.00 -27.68 0.00 0.00 0.00 0.00 0.00 -44.84 -81.58 0.00 0.00 0.00 0.00 0.00 65.59 0.00 0.00 0.00
-34.77 0.00 79.04 0.00 -95.32 94.51 0.00 0.00 90.07 0.78 0.00 0.00 0.00 -64.31 0.00 0.00 -81.54 22.49 -22.84 -30.01 0.00 -40.49 0.00 -16.85 0.00 0.00 25.83 0.00 0.00 32.85 0.00 0.00 3.25 0.00 0.00 -61.64 0.00 79.44 0.00 61.12 0.00 -58.79 0.00 0.00 0.00 0.00 0.00 93.05 59.75 0.00 0.00 0.00 0.00 77.90 0.00 0.00 79.35 -13.94 0.00 0.00 -12.22 0.00 -85.83 0.00 0.00 0.00 0.00 0.00 0.00 0.00 0.00 58.38 80.15 0.00 -30.20 0.00 0.00 0.00 0.00 23.96 0.00 0.00 0.00 0.00 0.00 -54.63 0.00 0.00 -51.17 0.00 0.00 65.85 0.00 0.00 0.00 0.00 -22.92 0.00 0.00 0.00
