100 100
7.88 0.00 0.00 35.74 0.00 0.00 0.00 -76.83 63.39 -69.70 0.00 -43.27 0.00 -79.41 0.00 0.00 0.00 0.00 0.00 0.39 0.00 79.82 0.00 0.00 1.62 74.91 0.00 -69.60 0.00 0.00 0.23 67.96 62.25 -78.64 0.00 0.00 0.00 0.00 0.00 58.23 0.00 0.00 0.00 0.00 11.68 0.00 -55.13 0.00 0.00 0.00 0.00 0.00 0.00 0.00 0.00 57.91 0.00 0.00 -93.72 0.00 0.00 -69.45 0.00 0.00 0.00 9.25 0.00 -84.33 0.00 89.30 9.76 61.07 0.00 0.00 0.00 0.00 0.22 0.00 0.00 -70.65 0.00 0.00 0.00 0.00 -31.10 2.78 0.00 0.00 74.44 0.00 -95.37 0.00 0.00 0.00 0.00 0.00 0.00 25.95 37.82 0.00
0.00 0.00 -27.85 0.00 -80.12 95.62 -90.26 0.00 0.00 0.00 -63.09 34.44 84.65 0.00 0.00 0.00 -32.69 -28.13 89.81 0.00 0.00 0.00 0.00 -33.24 -6.76 48.04 0.00 78.44 0.00 0.00 38.11 43.15 -78.08 0.00 0.00 0.00 0.00 0.00 0.00 0.00 68.67 0.00 -47.60 0.00 0.00 -62.41 0.00 95.17 62.16 0.00 98.67 0.00 32.60 -71.29 4.77 0.00 -64.63 -59.65 0.00 0.00 0.00 9.41 98.53 0.00 0.00 -84.62 0.00 0.00 0.00 -81.24 -44.39 -51.80 0.00 -71.50 0.00 0.00 0.00 -7.48 82.65 -49.65 97.04 -45.49 0.00 -59.85 0.00 -36.20 84.96 0.00 0.00 0.00 0.00 0.00 -74.61 0.00 0.00 0.00 0.00 0.00 0.00 0.00
0.00 0.00 -20.56 23.07 68.55 0.00 0.00 0.00 0.00 0.00 0.00 1.37 28.94 -41.85 0.00 0.00 0.00 0.00 0.00 0.00 0.00 38.96 61.31 -42.49 0.00 74.83 -6.10 23.44 -20.40 0.00 0.00 0.00 66.48 63.79 0.00 -73.79 0.00 0.00 0.00 0.00 0.00 0.00 -97.80 0.00 -83.63 0.00 0.00 0.00 0.00 0.00 0.00 -55.03 0.00 0.00 0.00 -4.97 0.00 0.00 0.00 0.00 0.00 0.00 -35.42 0.00 0.00 0.00 0.00 10.68 87.55 0.00 0.00 -52.78 98.24 0.00 84.59 0.00 1.73 0.00 0.00 -61.62 0.00 -51.62 -13.31 0.00 0.00 0.00 -36.22 0.00 0.00 0.00 0.00 0.00 0.00 27.82 0.00 0.00 0.00 -53.04 0.00 -30.47
0.00 -33.61 -86.90 64.89 0.00 -94.65 -88.39 0.00 0.00 -77.61 0.00 0.00 80.18 0.00 42.73 83.04 0.00 -3.02 0.00 0.00 46.41 0.00 46.83 0.00 0.00 0.00 0.00 0.00 23.19 85.83 63.20 0.00 0.00 0.00 0.00 0.00 -94.64 0.00 0.00 0.00 -19.15 -72.23 53.25 0.00 -31.61 0.00 0.00 12.20 51.48 -9.82 0.00 -48.86 0.00 -72.93 0.00 75.77 0.00 75.04 0.00 28.06 40.80 -40.80 0.00 0.00 0.00 97.59 -92.82 0.00 -27.70 99.68 0.00 0.00 0.00 0.00 0.00 0.00 0.00 0.00 0.00 0.00 0.00 0.00 -87.47 21.12 -77.94 -70.08 1.05 0.00 0.00 -57.69 26.90 0.00 -52.54 89.14 -12.70 -29.51 89.54 29.87 0.00 0.00
0.00 0.00 0.00 0.00 51.34 -45.48 0.00 0.00 0.00 0.00 0.00 20.33 -43.07 -96.08 0.00 0.00 0.00 -28.20 0.00 47.12 -44.94 0.00 -1.13 0.00 60.09 0.00 0.00 -69.91 0.00 -35.87 0.88 -10.71 -38.29 8.07 0.00 98.80 -38.62 0.00 0.00 57.81 0.00 0.00 57.13 20.66 -75.07 0.00 -41.83 62.97 51.84 0.00 0.00 42.84 0.00 0.00 89.31 -23.66 -86.68 -83.96 0.00 0.00 0.00 0.00 0.00 -56.59 0.00 0.00 -98.14 0.00 0.00 0.00 7.77 0.00 63.74 -41.20 0.00 0.00 11.70 -64.46 0.00 0.00 -56.88 66.76 71.62 -96.80 0.00 0.00 -65.94 -64.25 0.00 0.00 0.00 0.00 41.30 60.56 34.67 0.00 -13.43 0.00 0.00 59.36
-66.74 0.00 -55.63 16.48 91.13 0.00 -30.69 0.00 0.00 0.00 0.00 0.00 -88.15 91.30 -41.65 0.00 0.00 0.00 0.00 0.00 0.00 54.70 0.00 -82.20 0.00 71.90 -94.78 0.00 -28.95 -84.70 -92.91 78.83 79.05 0.00 3.10 27.73 0.00 -48.21 0.00 83.43 31.69 0.00 0.00 0.00 0.00 0.00 -39.39 -76.17 0.00 0.00 0.00 65.75 33.57 0.00 0.00 0.00 65.13 26.31 5.45 0.00 -48.31 0.00 0.00 0.00 22.87 38.71 0.00 0.00 33.28 0.00 -23.45 0.00 0.00 67.04 0.00 0.00 0.00 -97.42 -11.60 58.33 -1.86 -19.70 76.13 -29.97 0.00 0.00 0.00 22.74 -52.83 0.00 0.00 0.00 0.00 22.54 0.00 67.04 0.00 0.00 0.00 -36.80
0.00 0.00 0.00 1.58 0.00 0.00 0.00 0.00 0.00 0.00 0.00 -29.87 90.93 90.58 0.00 -9.24 0.00 0.00 0.00 0.00 0.00 22.62 -48.81 0.00 0.00 14.59 25.57 -78.04 0.00 -20.28 0.00 -48.13 0.00 0.00 0.00 0.00 0.00 0.00 27.41 31.41 -88.06 0.00 -33.89 0.00 -35.32 -11.51 -66.86 4.47 76.90 0.00 -71.33 -60.19 -5.60 -58.00 9.84 0.00 0.00 -82.87 0.00 0.00 26.39 0.00 -30.41 0.00 0.00 84.17 0.00 0.00 0.00 0.00 0.00 0.00 0.00 0.00 0.00 89.59 0.00 0.00 71.17 0.00 0.00 0.00 0.00 0.00 -8.50 0.00 0.00 -82.28 98.96 82.26 0.00 77.55 0.00 0.00 0.00 0.00 -49.86 0.00 0.00 0.00
0.00 -3.15 0.00 3.11 0.00 0.00 9.31 76.57 92.20 0.00 0.00 0.00 0.00 0.00 -63.28 0.00 45.18 0.00 -95.87 0.00 0.00 40.04 0.00 0.00 0.00 0.00 -52.93 0.00 -7.37 0.00 0.00 0.00 0.00 0.00 0.00 0.00 -89.61 88.75 6.73 -60.94 0.00 0.00 0.00 0.00 0.00 0.00 0.00 0.00 -71.44 0.00 -98.88 -18.93 75.61 0.00 -81.74 0.00 0.00 -55.34 -54.81 0.00 -60.37 0.00 0.00 -28.55 0.00 0.00 0.00 -46.43 0.00 31.14 0.00 0.00 0.00 0.00 -10.83 0.00 -47.48 0.00 0.00 0.00 0.00 13.39 3.92 39.87 -89.77 -92.97 0.00 0.00 0.00 -50.83 -76.00 -63.57 0.00 -14.11 0.00 0.00 0.00 0.00 0.00 0.00
0.00 0.00 0.00 0.00 69.19 0.00 -22.23 -74.07 -46.54 0.00 70.40 -63.68 -57.80 0.00 0.00 0.00 0.00 0.00 14.33 12.59 0.00 7.97 0.00 15.46 0.00 -69.14 0.00 0.00 0.00 -16.42 0.00 70.93 -24.48 65.98 -89.45 46.98 0.00 0.00 0.00 0.00 0.00 0.00 -80.46 0.00 41.69 -26.65 0.00 -27.94 -7.71 77.28 0.00 0.00 -88.08 0.00 2.52 -78.49 0.00 -1.69 0.00 0.00 0.00 0.00 0.00 0.00 0.00 63.74 0.00 0.00 -4.85 0.00 0.00 0.00 84.20 0.00 32.92 0.00 72.92 0.00 0.00 -52.67 -76.42 0.00 80.53 20.86 0.00 0.00 0.00 0.00 2.99 0.00 0.00 0.00 0.00 -5.15 0.00 -66.55 0.00 -89.04 -52.49 0.00
-35.69 0.00 0.00 -5.46 -81.57 0.00 77.05 -2.28 0.00 -33.80 0.00 0.00 0.00 61.23 17.27 0.00 -54.91 -65.43 0.00 0.00 0.00 -73.47 0.00 0.00 0.00 37.38 -50.95 -61.54 0.00 0.00 0.00 -22.89 0.00 0.00 0.00 0.00 0.00 0.00 7.77 0.00 0.00 0.00 73.98 0.00 -59.16 0.00 0.00 0.00 -97.09 95.38 -89.04 0.00 -86.96 0.00 0.00 0.00 -57.29 0.00 0.00 0.00 -65.46 0.00 0.00 0.00 0.00 93.57 63.57 0.00 37.53 -11.59 0.00 -65.78 0.00 0.00 0.00 85.70 73.14 0.00 0.00 35.75 0.00 0.00 -19.77 0.00 91.57 0.00 0.00 0.00 12.79 0.00 0.00 0.00 -84.84 -5.03 0.00 11.22 32.43 40.07 0.00 83.00
0.00 0.00 58.96 0.00 14.65 0.00 -67.95 0.00 0.00 0.00 0.00 0.00 -65.38 91.76 77.03 0.00 0.00 0.00 0.00 0.00 0.00 0.00 -91.41 -67.41 -82.85 0.00 0.00 0.00 0.00 -96.03 0.00 0.00 0.00 0.00 0.00 0.00 -19.24 0.00 -69.81 0.00 0.00 0.00 -16.11 0.00 0.00 0.00 15.30 -76.25 0.00 0.00 0.00 -15.34 -9.96 49.37 0.00 0.00 0.00 0.00 0.00 0.00 18.89 0.00 0.00 0.00 -24.27 22.50 0.00 0.00 0.00 0.00 0.00 -45.37 0.00 93.18 0.00 0.00 0.00 0.00 0.00 51.28 0.00 0.00 0.00 -95.38 0.00 -91.67 0.00 0.00 -53.76 15.84 0.00 0.00 0.00 0.00 0.00 40.76 0.00 -76.49 -1.17 0.00
0.00 0.00 0.00 0.00 36.92 0.00 0.00 38.17 0.00 0.00 68.09 -91.25 0.00 0.00 29.92 0.00 82.33 0.00 -82.66 99.73 99.48 0.00 -41.48 -19.52 -70.34 0.00 0.00 0.00 0.00 0.00 0.00 0.00 0.00 0.00 0.00 0.00 42.41 0.00 0.00 -67.01 -46.59 -35.72 0.00 60.24 0.00 0.00 -60.02 83.17 0.00 0.00 -64.04 62.49 0.00 0.00 0.00 0.00 -25.00 0.00 0.00 0.00 0.00 -70.87 0.00 13.76 16.83 0.00 0.00 -25.33 0.00 60.00 0.00 0.00 -30.13 -47.37 -79.28 0.00 68.70 0.00 0.00 89.56 58.89 74.00 0.00 0.00 98.31 0.00 26.01 0.00 0.00 93.53 0.00 0.00 0.00 0.00 -47.15 62.94 0.00 93.00 48.59 -19.37
0.00 0.00 0.00 0.00 0.00 0.00 0.00 -40.14 28.20 0.00 0.00 0.00 0.00 0.00 0.00 0.00 13.62 50.48 0.00 0.00 92.48 0.00 -26.15 0.00 0.00 90.46 0.00 0.00 75.64 0.00 0.00 47.02 0.00 52.94 0.00 0.00 0.00 -12.16 0.00 0.00 0.00 0.00 0.00 0.00 0.00 -86.64 0.00 3.90 0.00 0.00 0.00 0.00 0.00 -95.34 0.00 0.00 -11.97 0.00 1.11 -25.47 77.88 0.00 0.00 0.00 0.00 21.83 0.00 0.00 0.00 0.00 0.00 0.00 0.00 -19.56 67.43 -19.29 -8.36 0.00 0.00 -97.07 0.00 0.00 -56.08 -14.84 -7.01 -93.14 15.36 0.00 -58.43 24.70 75.22 69.78 0.00 0.00 0.00 0.00 -61.69 0.00 0.00 0.00
25.69 62.25 0.00 0.00 0.00 49.37 0.00 0.00 0.00 0.00 53.35 0.00 0.00 75.10 0.00 33.59 0.00 0.00 0.00 6.29 0.00 0.00 0.00 0.00 -37.07 46.95 0.00 -89.82 0.00 0.00 0.00 0.00 4.81 0.00 -27.81 0.00 11.29 0.00 79.34 -49.94 -29.68 -40.23 -45.31 0.00 0.00 0.00 0.00 88.24 88.62 -5.17 0.00 -67.84 -26.23 87.82 0.00 0.00 0.00 0.00 0.00 0.00 -23.77 89.13 0.00 0.00 -33.40 -99.08 -98.46 -26.42 0.00 0.00 -23.56 0.00 0.00 0.00 64.44 0.00 0.00 0.00 -64.18 0.00 0.00 -74.20 17.79 -51.88 0.00 59.39 0.00 0.00 -75.93 48.27 43.55 0.00 -28.54 0.00 0.00 -46.93 -84.27 -80.04 0.00 0.00
-67.60 0.00 0.00 -34.21 0.00 -9.72 0.00 0.00 29.39 0.00 57.69 -21.48 18.00 0.00 0.00 0.00 -47.49 47.89 -71.02 -59.68 -75.89 0.00 -44.69 0.00 44.13 -37.76 0.00 -43.14 0.00 -82.30 38.68 0.00 -78.71 -9.26 0.00 0.00 0.00 0.00 -98.32 39.08 38.86 0.00 0.00 98.28 -99.65 -12.88 0.00 41.82 0.00 9.03 77.40 94.76 0.00 0.00 28.99 0.00 0.00 -90.20 0.00 0.00 0.00 0.00 0.00 0.00 0.00 -39.46 0.00 0.00 0.00 0.00 0.00 -43.53 0.00 76.40 -44.57 72.20 0.00 31.60 0.00 7.94 0.00 57.29 0.00 0.00 0.00 0.00 0.00 0.00 0.00 60.58 0.00 0.00 0.00 85.48 0.00 0.00 81.40 -46.90 29.60 0.00
0.00 0.00 0.00 0.00 0.00 0.00 -19.16 0.00 0.00 0.00 0.00 47.17 0.00 0.00 47.31 -80.49 68.46 0.00 0.00 -61.96 -41.60 0.00 44.75 0.00 0.00 0.00 -85.90 0.00 -43.32 82.31 38.44 0.00 -64.30 0.00 0.00 -8.67 15.83 0.00 0.00 -69.54 -42.48 62.84 0.00 0.00 0.00 28.21 14.00 76.44 0.00 0.00 0.00 83.65 0.00 23.40 0.00 0.00 8.04 0.00 28.79 0.00 -19.31 5.82 14.26 -0.71 96.13 0.00 0.00 -56.14 80.14 0.00 0.00 43.29 -71.63 -63.15 0.00 0.00 11.75 -33.59 32.47 -6.30 17.72 0.00 0.00 0.00 0.00 89.15 0.00 0.00 -24.00 -43.85 0.00 0.00 -37.95 -95.46 0.00 -90.81 29.72 -37.94 0.00 0.00
72.03 0.00 0.00 0.00 -4.86 0.00 0.00 -86.74 0.00 0.00 0.00 0.00 0.00 85.68 -21.22 36.67 -6.29 0.00 0.00 -92.44 -45.44 -63.27 0.00 0.00 59.04 53.85 0.00 0.00 0.00 0.00 0.00 0.00 0.00 -67.14 -97.11 0.00 71.19 0.00 0.00 0.00 0.00 76.15 0.00 0.00 -68.74 0.00 -91.96 0.00 0.00 0.00 0.00 25.10 34.88 0.00 0.00 40.51 0.00 -44.00 -47.41 0.00 0.00 66.86 0.00 32.01 0.00 0.00 0.00 0.00 45.96 -71.10 0.00 0.00 73.76 0.00 0.00 0.00 0.00 55.15 95.84 0.00 0.00 0.00 0.00 0.00 0.00 -64.19 0.00 0.00 64.38 0.00 -9.03 0.00 -13.71 0.00 50.05 0.00 0.00 0.00 -93.05 -77.05
0.00 0.00 -19.04 0.00 0.00 0.00 0.00 0.00 0.00 0.00 0.00 0.00 -48.28 -22.49 17.70 -89.25 0.00 -31.44 87.77 -86.36 0.00 -60.25 63.91 -17.89 -15.00 0.00 0.00 0.00 26.22 0.00 0.00 0.00 -83.02 0.00 -37.29 0.00 0.00 0.00 0.00 82.22 6.79 0.00 0.00 -70.44 0.00 0.00 51.43 -10.05 -4.33 0.00 25.18 0.00 -54.91 -8.50 0.00 0.00 0.00 0.00 0.00 98.21 -53.33 -80.33 0.00 0.00 0.00 -15.51 -66.07 -73.38 0.00 0.00 0.00 0.00 0.00 0.00 0.00 0.00 0.00 7.44 0.00 14.89 0.00 0.00 0.00 -21.65 -77.85 0.00 0.00 0.00 0.00 -30.21 -10.90 -9.29 0.00 -42.45 0.00 0.00 0.00 0.00 39.96 0.00
67.67 0.00 0.00 0.00 0.00 -78.54 0.00 0.00 0.00 0.00 0.00 0.00 -77.94 -47.34 0.00 84.89 0.00 -23.74 15.37 67.10 -79.75 0.00 0.00 82.14 0.00 55.74 0.00 0.00 0.00 10.20 0.00 0.00 0.00 0.00 -22.19 0.00 0.00 -19.09 0.00 92.50 0.00 -93.49 0.00 -20.89 -23.63 -73.81 63.60 10.30 -47.19 8.24 0.00 -74.81 0.00 68.37 0.00 0.00 0.00 67.60 -5.02 0.00 -42.53 -4.48 0.00 89.75 0.00 0.00 97.43 -36.82 -51.59 0.00 -43.31 0.00 0.00 0.00 0.00 53.06 -66.71 70.16 0.00 5.63 -62.41 90.41 0.00 0.00 -12.23 93.33 0.00 0.00 0.00 0.00 37.81 0.00 0.00 0.00 0.00 -97.22 -25.76 30.30 0.00 0.00
-53.50 0.00 90.56 0.00 0.00 0.00 0.00 0.00 -93.33 0.00 -27.31 0.00 0.00 0.00 0.00 0.00 0.00 0.00 0.00 0.00 91.37 0.00 0.00 0.00 0.00 0.00 0.00 54.18 62.72 36.81 0.00 79.37 31.08 0.00 4.41 0.00 0.00 0.00 11.56 0.00 0.00 -74.25 0.00 -62.87 1.30 -39.62 37.52 0.00 49.71 0.00 0.00 0.00 0.00 0.00 0.00 0.00 0.00 0.00 17.08 27.78 -79.80 -12.77 0.00 0.00 0.00 0.00 0.00 0.00 0.00 -66.59 -42.21 14.85 0.00 0.00 0.00 0.00 0.00 21.18 0.00 -48.88 -47.35 0.00 0.00 61.17 25.36 0.00 0.00 0.00 0.00 -79.84 -92.34 53.12 -35.96 17.57 44.48 -81.79 17.49 0.00 0.00 18.50
0.00 0.00 -65.21 0.00 -14.23 -77.10 46.35 0.00 0.00 11.53 0.00 0.00 -2.76 0.00 -15.15 0.00 71.91 -65.25 -28.24 26.19 62.54 0.00 -8.04 0.00 -49.37 -66.85 0.00 49.75 0.00 65.48 0.00 0.00 91.54 -99.14 -44.67 0.00 0.00 52.70 63.43 -24.51 0.00 60.36 0.00 0.00 0.00 53.76 0.00 39.53 0.00 0.00 15.13 0.00 0.00 0.00 0.00 0.00 0.00 0.00 35.44 0.00 0.00 0.00 57.75 0.00 -67.39 0.00 0.00 -46.07 0.00 0.00 92.54 0.00 0.00 0.00 18.39 14.04 76.09 -70.09 -88.73 -39.07 -60.98 0.00 0.00 0.00 -16.76 69.90 65.22 0.00 0.00 -17.02 0.00 0.00 -38.15 0.00 -46.95 0.00 16.13 0.00 0.00 0.00
0.00 0.00 0.00 -51.20 0.00 0.00 -81.48 7.66 0.00 -13.12 0.00 0.00 -26.15 -39.65 0.00 -12.49 0.00 0.00 86.56 0.00 -42.09 0.00 -58.74 0.00 0.00 26.08 73.05 76.71 -16.18 0.00 -57.14 0.00 -69.37 13.56 0.00 0.00 0.00 0.00 0.00 0.00 0.00 0.00 61.25 0.00 81.89 0.00 0.00 -10.36 0.00 -71.64 0.00 0.00 0.00 0.00 93.16 0.00 0.00 0.00 87.78 0.00 4.60 0.00 -23.61 0.00 0.00 57.67 -30.19 59.37 0.00 -43.28 0.00 0.00 60.07 12.70 5.53 -84.21 0.00 0.00 -79.65 0.00 -70.39 26.85 -19.30 0.00 17.12 13.40 0.00 0.00 0.00 0.00 0.00 0.00 0.00 75.83 0.00 0.00 0.00 58.39 -60.52 0.00
86.08 72.30 60.51 -71.07 0.00 0.00 -59.87 0.00 -25.93 0.00 0.00 0.00 0.00 0.00 0.00 0.00 -72.61 -77.99 0.00 -99.09 -44.25 0.00 -47.62 0.00 0.00 0.00 0.00 0.00 -74.10 60.35 65.98 83.57 0.00 0.00 0.00 0.00 -32.64 25.35 -22.50 0.00 -72.58 -24.75 -79.77 0.00 0.00 -19.58 -4.39 -50.16 -92.73 0.00 0.00 0.00 0.00 -86.49 0.00 66.96 0.00 20.67 0.00 89.34 0.00 0.00 0.00 0.00 0.00 0.00 62.55 0.00 0.00 0.00 60.15 0.00 75.41 72.05 57.87 -58.45 0.00 0.00 -87.82 0.00 -30.86 0.00 0.00 -31.06 -28.60 7.26 0.00 0.00 0.00 0.00 0.00 0.00 0.00 61.90 23.78 0.00 0.00 33.16 22.25 -10.24
53.94 -73.19 0.00 -47.69 -68.57 0.00 -8.55 27.56 0.00 0.00 0.00 0.00 0.00 -48.34 71.87 -76.84 0.00 38.71 0.00 0.00 0.00 79.14 0.00 0.00 0.00 -26.11 0.00 0.00 0.00 0.00 0.00 0.00 0.00 5.66 0.00 37.02 0.00 -36.78 5.42 0.00 -2.84 0.00 -24.16 0.00 0.00 0.00 0.00 0.00 0.00 0.00 0.00 0.00 -22.54 -7.77 17.39 0.00 26.85 0.00 0.00 0.00 0.00 0.00 98.58 -76.47 0.00 0.00 -64.54 0.00 5.84 0.00 0.00 0.00 0.00 85.43 0.00 0.00 59.24 -61.01 0.00 0.00 44.88 0.00 0.00 0.00 0.00 -13.80 -69.87 -91.10 0.00 38.51 0.00 0.00 0.00 -38.44 0.35 3.28 50.43 9.42 0.00 0.00
0.00 0.00 63.65 26.34 25.77 0.00 -62.47 0.00 -68.00 -37.22 0.00 37.97 74.63 0.00 97.15 0.00 0.00 -86.20 0.00 0.00 0.00 -10.71 0.00 -10.62 0.00 0.00 68.40 0.00 -83.86 0.00 -12.05 0.00 0.00 0.00 91.93 0.00 -48.40 0.00 0.00 -69.01 0.00 -85.45 0.00 0.00 0.00 -51.96 0.00 0.00 0.00 0.00 0.00 0.00 0.00 0.00 0.00 -30.01 0.00 96.65 34.25 0.00 0.00 0.12 -94.46 0.00 9.96 0.00 0.00 0.00 98.90 0.00 0.00 43.10 0.00 0.00 -49.56 86.53 0.00 0.00 0.00 0.00 0.00 -10.28 0.00 0.00 0.00 0.00 0.00 -85.91 0.00 0.00 0.00 0.00 12.87 0.00 0.00 -84.52 0.00 -11.17 0.00 82.08
0.00 15.47 0.00 -73.21 0.00 93.91 0.00 12.62 -22.20 0.00 0.00 0.00 -16.81 -60.80 0.00 -16.60 0.00 0.00 0.00 36.54 0.00 0.00 0.00 64.36 0.00 0.00 -24.68 -74.66 0.00 95.36 0.00 0.00 0.00 27.09 0.00 -26.61 2.55 0.00 23.73 0.00 -55.16 0.00 -60.13 66.48 0.00 0.00 92.01 -24.03 9.57 0.00 0.00 0.00 0.00 -20.34 0.00 0.00 0.00 0.00 0.00 0.00 0.00 0.00 -37.50 99.29 30.96 -87.43 -48.02 0.00 -80.22 -68.15 67.45 -16.21 -74.25 0.00 0.00 17.27 0.00 61.59 0.00 0.00 8.94 56.47 0.00 -55.01 0.00 -54.52 58.04 0.00 57.52 0.00 0.00 8.03 0.00 0.00 0.00 53.39 21.81 0.00 -81.38 0.00
0.00 -6.86 0.00 0.00 0.00 0.00 0.00 0.00 0.00 -17.26 0.00 0.00 -36.54 33.01 0.00 -50.79 0.00 0.00 0.00 -7.32 0.00 0.00 -53.81 0.00 95.99 0.00 72.34 45.90 0.00 95.28 0.00 3.29 58.47 0.00 0.00 -15.54 60.28 -72.48 0.00 -48.10 -18.73 0.00 0.00 0.00 0.00 0.00 0.00 0.00 0.00 0.00 0.00 -46.73 0.00 0.00 0.00 0.00 0.00 0.00 0.00 69.18 0.00 -19.93 0.00 0.00 62.21 0.00 62.85 25.06 0.00 0.00 -55.11 20.88 19.78 90.14 0.00 0.00 0.00 11.47 0.00 -21.20 0.00 -91.25 0.00 0.00 -95.40 61.54 0.00 9.43 74.83 0.00 -89.25 0.00 0.00 0.00 0.00 0.00 -97.90 0.00 -41.78 0.00
0.00 -93.27 -88.36 0.00 -95.89 0.00 -60.79 0.00 0.00 0.00 52.14 99.79 60.88 0.00 49.62 0.00 0.00 -72.70 0.00 0.00 -50.01 0.00 -69.11 0.00 0.00 17.78 -80.84 10.96 17.19 -80.79 0.00 -26.78 62.09 0.00 77.31 93.00 0.00 0.00 89.43 0.00 -11.23 9.00 98.18 0.00 0.00 30.59 0.00 0.00 0.00 -29.46 0.00 7.60 0.00 42.62 0.00 0.00 0.00 18.50 46.91 0.00 -99.17 0.00 62.44 0.00 0.00 58.55 0.00 0.00 0.00 0.00 0.00 -95.06 0.00 0.00 0.00 -61.14 0.00 0.00 0.00 10.68 0.00 -58.07 0.00 0.00 99.74 -39.70 6.44 -50.28 0.00 0.00 0.00 0.00 28.40 0.00 0.00 0.00 0.00 0.00 0.00 -75.79
0.00 6.09 0.00 -60.65 41.40 0.00 0.00 62.52 12.57 40.69 39.82 0.00 0.00 42.77 0.00 0.00 0.00 0.00 30.11 0.00 0.00 0.00 0.00 0.00 0.00 0.00 -71.42 -48.23 0.00 0.00 28.29 0.00 96.38 0.00 0.00 59.52 0.00 -26.91 0.00 0.00 0.00 0.00 38.99 -21.99 0.00 -80.00 39.82 -22.35 0.00 0.00 0.00 0.00 0.00 78.55 0.00 0.00 0.00 81.97 0.00 53.72 26.44 0.00 0.00 0.00 0.00 0.00 0.00 -76.11 53.46 0.00 -76.06 0.00 0.00 30.33 -59.62 0.00 0.00 0.00 0.00 0.00 0.00 52.34 0.00 91.75 83.69 91.69 33.15 0.00 46.20 0.00 4.25 0.00 0.00 -26.17 -13.99 0.00 0.00 0.00 0.00 0.00
-15.78 -58.85 51.80 0.00 35.99 -93.36 48.18 32.71 0.00 0.00 0.00 0.00 0.00 0.00 -20.27 -12.84 0.00 0.00 0.00 0.00 -52.08 0.00 -0.27 0.00 0.00 0.00 -35.81 0.00 0.00 0.00 25.58 0.00 0.00 15.49 -53.85 -20.71 0.00 0.00 0.00 -58.08 7.26 -30.05 0.00 0.00 0.00 0.00 0.00 0.00 -34.14 0.00 -25.21 47.55 -44.60 0.00 0.00 -33.46 0.00 31.23 -52.92 -63.11 -22.58 88.54 0.00 47.93 -99.37 0.00 0.00 0.00 0.00 0.00 0.00 0.00 9.96 89.08 89.64 0.00 0.00 0.00 0.00 -54.05 95.72 0.00 75.02 0.00 -84.14 0.00 -24.55 -0.61 0.00 0.00 -36.21 0.00 0.00 0.00 0.00 -87.62 0.00 0.00 0.00 63.58
89.37 0.00 0.00 0.00 0.00 0.00 0.00 0.00 0.00 0.00 0.00 27.87 0.00 -53.07 5.86 0.00 0.00 69.79 54.19 0.00 -86.98 0.00 -27.15 -33.81 0.00 60.57 0.00 0.00 28.25 0.00 0.00 32.73 0.00 -8.21 0.00 -87.47 0.00 -93.18 0.00 0.00 -93.59 -61.73 0.00 0.00 54.75 0.00 0.00 0.00 -55.75 0.00 0.00 0.00 0.00 0.00 0.00 0.00 0.00 48.24 43.83 0.00 0.00 -28.91 0.00 -68.61 0.00 0.00 76.75 0.00 0.00 0.00 -53.89 0.00 0.00 0.00 0.00 -15.54 0.00 -47.81 45.50 48.25 0.00 0.00 0.00 0.00 -35.42 0.00 0.00 0.00 0.00 0.00 0.00 9.07 74.82 0.00 92.45 93.21 0.00 0.00 17.89 99.45
0.00 0.00 0.00 0.00 47.40 0.00 0.00 0.00 0.00 0.00 0.00 30.91 0.00 0.00 0.00 0.00 9.50 -86.42 0.00 0.00 0.00 0.00 0.00 0.00 0.00 -8.53 0.00 0.00 0.00 0.00 -62.25 83.52 0.00 0.00 0.00 0.00 -79.54 -12.51 0.00 90.34 0.00 -73.13 62.98 0.00 45.08 8.33 0.00 48.42 0.00 26.11 79.42 0.00 -82.99 0.00 2.86 -74.48 0.00 0.00 1.47 0.00 0.00 0.00 0.00 0.00 92.26 -91.78 -13.07 -5.96 54.50 -38.26 -13.51 47.71 0.00 0.00 0.00 0.00 0.00 0.00 0.00 79.63 0.00 0.00 0.00 23.14 0.00 0.00 0.00 0.00 0.00 -4.90 0.00 10.53 0.00 0.00 -67.37 0.00 45.89 -60.80 0.00 0.00
0.00 0.00 0.00 0.00 7.59 0.00 66.61 -40.34 -67.71 0.00 0.00 0.00 94.15 0.00 0.00 0.00 0.00 0.00 0.00 0.00 23.74 0.00 0.00 0.00 -67.53 39.22 -67.94 0.00 0.00 0.00 80.89 2.54 -51.31 -64.90 0.00 -57.40 0.00 -25.79 73.78 0.00 0.00 0.00 0.00 -65.15 0.00 0.00 0.00 0.00 0.00 0.00 0.00 0.00 0.00 -17.56 0.00 0.00 0.00 0.00 0.00 -39.30 0.00 28.90 0.00 0.00 -63.07 0.00 22.45 0.00 0.00 0.00 -47.41 0.00 0.00 0.00 84.64 0.00 0.00 39.28 0.00 -87.07 16.94 -50.19 -54.44 0.00 0.00 0.03 26.22 0.00 0.00 90.37 0.00 -33.37 85.89 0.00 0.00 0.00 0.00 0.00 -77.35 0.00
-39.23 46.83 0.00 0.00 0.00 0.00 0.00 0.00 0.00 -44.88 0.00 0.00 0.00 0.00 -62.80 0.00 0.00 0.00 0.00 0.00 78.90 -26.79 76.95 -72.42 8.31 -80.46 0.00 0.00 39.00 0.00 0.00 0.00 0.00 0.00 -17.92 -8.40 -41.36 42.79 0.00 0.00 -79.51 0.00 0.00 0.00 0.00 32.79 0.00 0.00 2.44 10.29 0.00 54.63 0.00 0.00 -58.29 0.00 0.00 23.22 0.00 0.00 0.00 0.00 0.00 0.00 0.00 -28.43 28.73 0.00 -94.01 0.00 0.00 0.00 -91.20 0.00 0.00 0.00 0.00 -45.05 0.00 0.00 0.00 0.00 0.00 96.36 0.00 0.00 12.65 -59.17 0.00 0.00 -81.00 73.42 0.00 87.66 0.00 11.33 -52.18 0.00 0.00 -96.25
84.54 0.00 0.00 0.00 -75.24 -31.46 -7.16 0.00 -18.49 0.00 -92.46 74.92 73.12 0.00 3.39 0.00 54.91 0.00 0.00 0.00 -69.19 0.00 -63.83 0.00 -42.66 0.00 41.11 0.00 90.81 -0.94 1.53 -0.42 -72.22 44.73 8.38 0.00 19.94 0.00 41.08 -78.98 97.98 0.00 0.00 97.29 -68.35 0.00 0.00 0.00 -77.16 0.00 0.00 0.00 8.61 0.00 -20.53 -73.41 30.35 0.00 41.45 0.00 0.00 0.00 32.35 0.00 0.00 0.00 0.00 0.00 -76.82 -77.05 0.00 0.00 0.00 77.10 0.00 0.00 0.00 0.00 0.00 0.00 -64.69 0.00 0.00 96.07 0.00 -19.52 0.00 -72.58 -73.12 0.00 16.66 0.00 0.00 0.00 -15.23 0.00 0.00 0.00 -94.81 0.00
44.67 0.00 0.00 0.00 -78.97 43.93 0.00 0.00 0.00 -55.76 -13.98 -11.34 89.83 0.00 0.00 0.00 0.00 0.00 0.00 -94.04 -33.06 0.00 0.00 0.00 -89.15 -96.07 1.44 -20.29 -73.23 0.00 -52.75 0.00 59.18 0.00 0.00 0.00 0.00 -9.42 0.00 0.00 77.61 0.00 0.00 37.83 -77.08 0.00 0.00 -99.22 0.00 0.00 60.79 0.00 0.00 0.00 0.00 0.00 0.00 0.00 -99.99 0.00 0.00 -26.70 94.06 0.00 0.00 0.00 17.70 0.00 0.73 0.00 -41.86 0.00 -28.44 -77.30 0.54 -83.78 -19.06 0.00 0.00 -18.32 -2.33 0.00 0.00 0.00 66.96 0.00 0.00 70.34 -12.50 0.00 72.92 -25.52 -1.65 0.00 -85.94 75.92 -84.74 0.00 -21.96 0.00
-76.83 74.44 0.00 0.00 68.62 0.00 0.00 -99.23 0.00 0.00 0.00 49.48 0.00 -71.26 0.00 0.00 -61.24 10.26 -34.04 0.00 0.00 49.28 41.52 83.67 0.00 0.00 0.00 -50.00 -63.13 -7.57 0.00 9.91 0.00 37.41 0.00 8.66 0.00 0.00 0.00 0.00 0.00 90.85 0.00 -80.92 0.00 0.00 -93.68 57.80 -73.38 0.00 31.03 67.93 38.32 0.00 0.00 0.00 -33.42 0.00 0.00 0.00 0.00 0.00 -80.81 0.00 14.23 -18.16 0.00 0.00 -2.77 74.61 0.00 0.00 0.00 0.00 0.00 0.00 0.00 0.00 -43.72 3.06 0.00 0.00 0.00 -87.42 -57.04 0.00 69.01 0.00 -11.44 90.43 0.00 0.00 0.00 0.00 -65.03 -62.17 31.94 0.00 0.00 0.00
0.00 -44.16 0.00 25.04 0.00 0.00 0.00 0.00 68.81 0.00 0.00 0.00 48.27 -65.06 0.00 0.00 0.00 0.00 0.00 0.00 43.43 -5.87 0.00 -37.01 99.72 0.00 37.67 -42.01 -36.45 0.00 0.00 0.00 -31.31 -74.09 0.00 0.00 0.00 0.00 0.00 0.00 0.00 -98.14 0.00 0.00 0.00 0.00 35.28 -17.69 0.00 0.00 53.30 -82.89 0.00 0.00 0.00 -83.25 0.00 0.00 0.00 65.12 0.00 10.60 0.00 19.81 0.00 0.00 0.00 0.00 0.00 77.70 0.00 0.00 0.00 53.56 0.00 0.00 0.00 0.00 -11.19 -33.75 0.00 43.98 60.99 0.00 41.29 0.00 13.13 -45.97 0.00 0.00 0.00 0.00 0.00 0.00 0.00 -33.68 0.00 19.14 0.00 -97.70
38.47 -37.44 0.00 0.00 33.64 -98.55 -0.51 0.00 -28.70 -40.55 63.04 77.21 0.00 0.00 22.57 0.00 64.90 12.48 -95.12 55.40 0.00 0.00 0.00 0.00 66.80 0.00 0.00 -78.37 0.00 20.51 -22.60 0.00 0.00 0.00 0.00 0.00 0.00 0.00 0.00 0.00 0.00 0.00 0.00 0.00 78.65 0.00 35.42 0.00 -69.05 4.66 -98.34 0.00 -87.86 0.00 0.00 -34.35 80.17 0.00 25.27 19.68 -53.52 -55.60 59.19 -77.84 0.00 44.18 30.04 -76.39 0.00 0.00 -56.34 -61.46 0.00 0.00 0.00 0.00 20.27 0.00 0.00 0.00 -93.31 -84.26 0.00 -57.16 -91.21 0.00 0.00 0.00 65.43 -15.07 0.00 -98.61 0.00 0.00 32.23 0.00 43.77 21.91 0.00 0.00
-90.38 0.00 0.00 0.00 0.00 0.00 0.00 0.00 59.62 -42.68 -22.22 -35.73 0.00 0.00 -3.81 0.00 0.00 0.00 -10.08 0.00 67.13 13.56 -47.61 24.02 0.00 97.26 0.00 0.00 0.00 -3.20 0.00 0.00 0.00 0.00 0.00 20.41 0.00 -80.59 -59.03 -49.56 -19.77 0.00 21.84 0.00 26.20 -99.50 28.53 0.00 0.00 41.94 0.00 -19.45 74.53 0.00 0.00 0.00 44.58 -97.32 0.00 0.00 0.00 75.92 -23.20 0.00 0.00 0.00 83.66 0.00 35.03 0.00 0.00 23.63 43.27 0.00 -70.45 -61.39 -92.47 62.96 0.00 28.54 0.00 -88.13 0.00 0.00 0.00 -23.49 0.00 0.00 -81.87 0.00 0.00 0.00 0.00 0.00 35.89 0.00 0.00 0.00 -26.24 0.00
0.00 0.00 0.00 14.93 -43.71 0.00 0.00 -6.83 0.00 0.00 93.11 43.95 0.00 -89.39 0.00 0.00 14.94 -29.86 0.00 0.00 -51.68 -19.33 -50.72 0.00 66.08 -7.60 93.86 0.00 68.76 5.53 0.00 -29.35 89.62 0.00 0.00 0.00 0.00 0.00 -22.24 0.00 0.00 0.00 0.00 0.00 -68.52 0.00 0.00 0.00 0.00 0.00 32.88 0.00 0.00 0.00 7.32 -29.90 0.00 0.00 77.62 0.00 0.00 -29.73 0.00 0.00 0.00 -64.16 89.49 0.00 83.99 0.00 -46.03 25.37 0.00 0.00 -42.25 0.00 0.00 0.00 -93.89 0.00 0.00 -81.13 0.00 0.00 0.00 88.13 0.00 -63.58 0.00 0.00 62.82 -64.06 0.00 0.00 0.00 51.37 0.00 -29.84 0.00 -15.74
0.00 -30.76 19.44 -49.67 0.00 0.00 0.00 61.65 13.30 -43.71 0.00 0.00 4.38 0.00 -78.85 0.00 -54.10 82.14 0.00 0.00 0.00 0.00 0.00 0.00 0.00 0.00 0.00 -10.15 78.78 26.66 0.00 0.00 0.00 59.95 56.40 0.00 0.00 0.00 0.00 -65.87 0.00 95.79 45.88 0.00 0.00 -81.88 -13.04 8.46 0.00 0.00 13.08 0.00 0.00 0.00 -6.93 0.00 0.00 0.00 0.00 0.00 0.00 27.33 0.00 1.20 0.00 29.50 0.00 0.00 0.00 0.00 0.00 0.00 0.00 0.00 0.00 0.00 0.00 0.00 0.00 0.00 0.00 0.00 27.35 37.15 18.07 0.00 0.00 97.51 0.00 -41.39 87.31 0.00 16.94 0.00 0.00 8.95 0.00 86.16 -32.56 0.00
0.00 65.24 0.00 27.74 25.81 -51.65 9.88 0.00 -84.35 -72.88 0.00 0.00 0.00 0.00 0.00 0.00 -26.26 0.00 -87.20 0.00 0.00 0.00 0.00 0.00 -79.28 7.88 0.00 0.00 0.00 0.00 -91.42 0.00 0.00 0.00 0.00 -96.19 0.00 26.00 -4.46 0.00 0.00 0.00 49.48 0.00 0.00 -60.93 -74.18 -23.20 0.00 0.00 0.00 0.00 0.00 0.00 77.48 0.00 92.53 -58.65 0.00 51.83 10.59 -61.15 0.00 -89.56 35.10 0.00 0.00 93.00 56.60 0.00 58.47 0.00 0.00 -39.56 59.04 -13.80 0.00 0.00 -76.55 -92.62 0.00 0.00 0.00 -66.72 0.00 0.00 -60.90 0.00 -28.28 7.03 0.00 0.00 -48.10 29.65 0.00 -47.89 -2.31 0.00 33.46 0.00
0.00 0.00 78.11 0.00 0.00 -69.57 0.00 0.00 -17.07 0.00 0.00 -45.62 0.00 0.00 -6.54 0.00 0.00 96.94 0.00 0.00 -30.94 0.00 0.00 -14.02 -61.72 0.00 0.00 0.00 0.00 -41.90 0.00 -66.23 0.00 0.00 0.00 0.00 14.34 5.75 0.00 0.00 0.00 0.00 0.00 68.88 7.34 0.00 -37.66 0.00 0.00 64.55 0.00 -95.02 0.00 -41.42 0.00 0.00 0.00 -49.26 0.00 0.00 0.00 0.00 0.00 -71.57 -34.03 0.00 0.00 0.00 21.24 4.74 0.00 74.90 -34.53 0.00 0.00 0.00 0.00 0.00 0.00 93.85 4.54 17.58 0.00 0.00 0.00 0.00 28.74 0.00 0.00 0.00 0.00 0.00 -24.79 0.00 32.89 0.00 0.00 59.17 0.00 0.00
95.35 0.00 0.00 0.00 0.00 -75.53 0.00 0.00 -10.16 0.00 -70.51 30.74 0.00 75.82 4.98 88.84 0.00 0.00 -90.41 0.00 0.00 0.00 0.00 -80.68 -5.42 0.00 0.00 -84.33 63.87 94.13 0.00 0.00 80.22 0.00 0.00 68.85 0.00 0.00 -47.29 0.00 0.00 0.00 -31.84 0.00 0.00 0.00 0.00 0.00 0.00 0.00 -65.52 55.89 89.40 0.00 39.22 30.78 0.00 -45.14 0.00 0.00 70.27 -27.48 -90.36 0.00 -1.00 47.73 0.00 0.00 0.00 42.53 0.00 -4.63 0.00 80.29 0.00 0.00 0.00 0.00 0.00 -95.80 0.00 85.21 -90.23 0.00 34.95 0.00 0.00 0.00 0.00 0.00 0.00 0.00 61.03 0.00 51.96 0.00 23.78 0.00 0.00 0.00
-92.18 0.00 71.28 -44.43 -39.30 0.00 35.14 -50.31 -59.09 0.00 41.19 0.00 0.00 2.40 0.00 0.00 0.00 9.07 75.67 -41.72 0.00 35.68 52.09 0.00 0.00 0.00 0.00 0.00 0.00 0.00 0.00 0.00 0.00 -73.74 0.00 0.00 0.00 -72.26 0.00 0.00 0.00 22.35 0.00 0.00 0.00 -1.21 -62.61 0.00 0.00 0.00 0.00 0.00 0.00 -41.45 -16.28 0.00 0.00 0.00 0.00 0.00 0.00 0.00 0.00 -82.88 53.93 0.00 1.21 0.00 -78.67 0.00 39.13 48.19 0.00 93.49 0.00 37.36 0.00 0.00 0.15 17.26 0.00 82.39 8.63 72.83 0.00 -56.92 0.00 0.00 0.00 -19.02 0.00 -77.48 0.00 0.00 21.20 -77.84 0.00 62.13 -69.73 0.00
0.00 -64.96 0.00 -42.38 0.00 0.00 -96.85 87.13 0.00 0.00 0.00 -16.12 0.00 0.00 -69.11 46.69 0.00 0.00 -80.13 5.49 0.00 0.00 0.00 0.00 0.00 0.00 0.00 -94.77 3.60 0.00 0.00 59.83 59.16 -95.20 0.00 0.00 0.00 -81.64 0.00 -1.71 0.00 0.00 0.00 0.00 0.00 90.21 -88.16 -27.15 0.00 -9.65 0.00 0.00 66.31 -44.76 0.00 0.00 0.00 0.00 0.00 98.98 0.00 0.00 39.14 0.00 -1.68 0.00 -20.05 98.87 0.00 0.00 -80.48 0.00 0.00 0.00 0.00 0.00 0.00 0.00 2.12 0.00 0.00 98.20 0.00 -13.00 74.37 0.00 -44.19 0.00 0.00 0.00 27.36 0.00 0.00 0.00 61.49 0.00 39.70 0.00 95.46 0.00
0.00 8.17 0.00 0.00 0.00 0.00 0.00 0.00 0.00 0.00 0.00 0.00 0.00 0.00 0.00 59.57 0.00 0.00 0.95 0.00 0.00 0.00 0.00 0.00 0.00 0.00 0.00 0.00 0.00 0.00 50.62 0.37 0.00 -2.02 9.77 42.39 16.34 -54.74 32.59 28.18 0.00 0.00 0.00 18.12 0.00 -39.86 31.69 -89.44 -40.89 -29.18 46.09 0.00 39.07 0.00 0.00 0.00 0.00 0.00 0.00 0.00 0.00 0.00 0.00 0.00 6.89 0.00 0.00 0.00 0.00 65.61 0.00 0.00 0.00 0.00 0.00 0.00 -21.61 5.09 0.00 0.00 0.00 0.00 0.00 0.00 0.00 -10.19 0.00 0.00 0.00 0.00 0.00 0.00 -47.25 0.00 0.00 0.00 0.00 98.11 -82.84 0.00
-48.56 0.00 37.80 -50.17 96.83 0.00 34.58 50.78 0.00 47.44 0.00 -27.85 -14.04 0.00 0.00 0.00 0.00 0.00 0.00 0.00 0.00 0.00 0.00 -5.59 -48.26 0.00 -97.71 39.68 0.00 0.00 0.00 84.33 67.68 -5.00 0.00 0.00 0.00 0.00 0.00 0.00 -55.54 -0.64 0.00 42.77 0.00 0.00 0.00 40.79 -92.61 0.00 0.00 -11.15 0.00 17.06 51.49 -8.33 0.00 0.00 0.00 0.00 0.00 95.45 0.00 0.00 0.00 0.00 0.00 -43.43 0.00 0.00 0.00 81.48 0.00 -14.60 0.00 0.00 0.00 0.00 0.00 -45.32 -64.15 36.84 -70.32 0.00 0.00 0.00 -14.32 0.00 0.00 0.00 0.00 0.00 0.00 33.66 0.00 0.00 0.00 -98.54 0.00 0.00
-26.34 0.00 18.30 0.00 0.00 10.83 59.62 0.00 0.00 0.00 -87.29 62.57 99.12 0.00 0.00 89.60 0.00 0.00 84.11 0.00 0.00 0.00 0.00 0.00 66.79 0.00 -15.41 -71.44 3.35 -72.65 0.00 0.00 -93.45 0.00 10.74 53.41 23.61 0.00 0.00 -37.77 0.00 0.00 0.00 0.00 0.00 -54.93 19.05 56.01 0.00 -73.45 -58.35 0.00 0.00 0.00 0.00 -52.11 0.00 -0.39 78.50 0.00 14.79 0.00 0.00 85.29 49.36 16.25 0.00 -3.85 4.87 0.00 0.00 0.00 -72.93 0.00 0.00 -44.24 17.58 0.00 0.00 0.00 -73.15 -45.13 0.00 0.00 7.17 0.00 0.00 -89.05 -41.14 0.00 -71.04 -23.28 0.00 62.21 -6.48 0.00 0.00 0.00 0.00 0.00
-16.72 0.00 10.16 0.00 0.00 -53.08 0.00 0.00 -93.12 72.39 0.00 -8.00 63.15 0.00 65.60 55.76 0.00 -95.21 0.00 -86.51 -44.64 0.00 -79.51 0.00 0.00 28.28 -22.15 0.00 0.00 -92.94 0.00 0.00 -18.27 0.00 74.00 11.93 0.00 46.02 0.00 0.00 -33.04 0.00 0.00 -33.29 72.87 0.00 0.00 0.00 59.04 0.00 0.00 0.00 0.00 0.00 0.00 73.88 0.00 83.82 -82.11 0.00 0.00 0.00 0.00 0.00 -59.96 -39.47 0.00 0.00 -82.70 0.00 70.77 0.00 0.00 0.00 0.00 0.00 0.00 0.00 0.00 81.02 0.00 0.00 0.00 27.46 0.00 -82.32 0.00 87.91 37.05 0.00 0.00 46.89 0.00 0.00 0.00 0.00 88.26 0.00 0.00 0.00
0.00 0.00 2.65 2.64 0.00 -69.75 0.00 0.00 0.00 0.00 0.00 0.00 0.00 0.00 0.00 0.00 53.35 0.00 95.21 -12.04 0.00 18.83 0.00 0.00 0.00 0.00 0.00 0.00 0.00 0.00 10.26 0.00 -4.98 0.00 0.00 -62.24 0.00 0.00 0.00 0.00 -15.75 0.00 0.00 -55.85 83.78 88.42 0.00 10.86 93.85 0.00 47.45 21.94 0.00 -85.14 0.00 0.00 0.00 0.00 0.00 0.00 65.34 61.98 0.00 0.00 12.61 0.00 0.00 -80.15 0.00 0.00 32.74 0.00 0.00 -6.38 84.52 0.00 0.00 0.00 87.63 0.00 0.00 18.73 0.00 0.00 0.00 0.00 21.57 71.73 44.19 0.00 0.00 -38.58 0.00 0.00 0.00 11.57 0.00 74.45 0.00 0.00
0.00 -48.03 6.78 -37.60 0.00 0.00 70.80 -82.97 94.63 0.00 -54.24 38.50 0.00 -61.23 0.00 0.00 -70.46 26.91 0.00 49.63 0.00 0.00 -39.41 0.00 0.00 0.00 0.00 -25.64 0.00 -28.44 0.00 0.00 -24.54 -23.10 0.00 0.00 -29.26 0.00 0.00 -74.73 0.00 0.00 33.96 -59.32 0.00 0.00 0.00 0.00 0.00 0.00 18.89 0.00 0.00 0.00 0.00 18.48 -71.70 0.00 0.00 -25.17 0.00 0.00 0.00 -22.75 -62.77 0.00 0.00 0.00 -80.99 38.67 0.00 0.00 0.00 0.00 0.00 0.00 0.00 0.00 0.00 48.81 0.00 0.00 -69.34 0.00 0.00 -72.16 -7.21 30.27 98.64 0.00 0.00 47.03 24.89 -18.40 0.00 -14.48 63.66 0.00 11.14 0.00
0.00 0.00 0.00 0.00 0.00 0.00 0.00 0.00 0.00 0.00 0.00 -50.36 0.00 0.00 50.49 0.00 0.00 0.00 0.00 0.00 -91.06 0.00 24.00 0.00 0.00 0.00 0.00 0.00 0.00 0.00 0.00 -40.75 0.00 21.61 0.00 0.00 0.00 -61.90 29.99 46.88 0.00 0.00 0.00 0.00 72.07 70.67 0.00 2.97 0.00 0.00 0.00 0.00 -9.46 -63.82 0.00 77.80 0.00 0.00 67.79 0.00 -26.59 0.00 -65.98 43.66 0.00 -40.58 0.00 1.89 0.00 71.50 0.00 0.00 0.00 0.00 0.00 52.21 0.00 0.00 0.00 0.00 0.00 0.00 -67.84 0.00 -92.67 0.00 0.00 -0.76 0.00 57.05 0.00 -11.07 0.00 -78.04 57.92 0.00 0.00 -62.72 -28.40 0.00
0.00 0.00 45.61 -53.78 -67.20 0.00 0.00 0.00 0.00 -95.14 0.00 0.00 0.00 0.00 0.00 0.00 0.00 0.00 0.00 -94.97 -29.09 0.00 0.00 0.00 0.00 0.00 0.00 0.00 0.00 34.85 0.00 0.00 51.91 0.00 0.00 -19.82 42.73 -7.92 70.72 0.00 0.00 78.91 0.00 7.09 0.00 0.00 0.00 0.00 0.00 0.00 0.00 75.71 0.00 0.00 0.00 -10.48 41.11 0.00 0.00 56.57 86.16 -57.01 28.06 0.00 38.36 0.00 0.00 0.00 12.36 0.00 0.00 0.00 0.00 72.60 0.00 -25.20 0.00 0.00 -30.59 -38.48 0.00 -3.23 0.00 0.00 0.00 0.00 -35.47 36.01 0.00 -94.43 0.00 0.00 -89.87 -80.57 0.00 0.00 -61.62 0.00 0.00 0.00
0.00 -85.01 0.00 0.00 -75.54 0.00 0.00 46.50 0.00 87.06 76.37 0.00 0.00 -73.33 29.78 0.00 0.00 0.00 0.00 5.66 -65.41 0.00 45.89 0.00 -87.26 0.00 -89.71 0.00 0.00 0.00 -64.60 0.00 91.06 0.00 66.86 0.00 0.00 0.00 0.00 -41.24 -65.96 0.00 32.12 97.13 0.00 83.62 0.00 0.00 0.00 0.00 0.00 4.71 0.00 0.00 9.13 -9.77 -96.57 0.00 0.00 -56.90 54.76 39.45 -51.32 -97.91 0.00 58.88 0.00 0.00 0.00 0.00 0.00 -12.94 -45.70 -79.45 0.00 -29.24 -58.65 0.00 -65.88 -2.57 71.13 39.78 0.00 0.00 0.00 0.00 32.02 54.22 52.52 79.52 0.00 0.00 -73.18 0.00 0.00 43.57 0.00 0.00 0.00 0.00
83.58 0.00 0.00 -14.41 -85.18 0.00 15.69 0.00 19.92 0.00 0.00 98.44 -42.40 0.00 0.00 0.00 0.00 -70.96 0.00 -11.34 0.00 0.00 -38.97 0.00 -27.85 -19.38 0.00 0.00 0.00 -62.32 20.83 -17.29 0.00 0.00 0.00 0.00 96.57 -54.91 37.01 0.00 0.00 0.00 -82.89 15.85 -84.44 -48.77 0.00 0.00 0.00 -86.73 -76.11 91.02 82.50 0.00 78.11 0.00 0.00 0.00 0.00 80.74 0.00 62.01 0.00 0.00 -95.07 24.31 0.00 45.58 0.00 -9.48 0.00 0.00 0.00 0.00 39.13 -1.53 0.00 0.00 0.00 -89.57 0.00 0.00 0.00 0.00 0.00 0.00 0.00 74.77 0.00 56.07 0.00 0.00 -60.53 0.63 0.00 0.00 0.00 0.00 0.00 0.00
-82.91 48.83 0.00 0.00 0.00 0.00 81.25 -45.22 6.86 1.16 -11.45 0.00 51.95 -61.83 42.87 0.00 0.00 0.00 5.00 -9.06 -68.70 0.00 55.48 0.00 0.00 0.00 0.00 14.84 0.00 0.00 -40.48 37.97 0.00 0.00 0.00 0.00 -7.06 0.00 0.00 0.00 -59.74 37.18 -2.13 -98.23 0.00 0.00 0.00 0.00 -17.25 -74.41 78.11 0.00 -81.58 0.00 -26.77 52.87 0.00 0.00 0.00 74.49 49.92 0.00 -46.51 0.00 0.00 -71.21 -1.26 -28.06 0.00 0.00 0.00 0.00 0.00 20.78 0.00 0.00 0.00 0.00 -94.40 73.10 0.00 0.00 -90.68 0.00 0.00 94.76 0.00 0.00 0.00 0.00 -51.53 0.00 89.40 0.00 -0.24 39.42 0.00 0.00 0.00 0.00
-79.31 0.00 -44.77 0.00 0.00 -45.75 0.00 0.00 -19.78 -69.59 84.40 0.00 0.00 0.00 57.69 0.00 67.59 0.00 0.00 0.00 0.00 19.48 0.00 0.00 0.00 0.00 0.00 0.00 0.00 0.00 0.00 59.46 0.00 0.00 0.00 0.00 -12.45 45.07 0.00 0.00 0.00 37.56 0.00 5.97 -44.49 0.00 0.00 0.00 27.63 0.00 0.00 0.00 17.67 -94.58 0.00 0.00 0.00 -81.68 46.46 0.00 0.00 41.37 27.47 -32.77 0.00 0.00 46.97 0.00 0.00 0.00 0.00 0.00 0.56 0.00 -23.45 0.00 78.94 0.00 86.25 0.00 3.15 0.00 0.00 0.00 0.00 -21.31 0.00 0.00 62.87 0.00 0.00 0.00 0.00 23.84 71.13 -45.68 -58.74 0.00 -98.47 0.00
0.00 -61.29 0.00 0.00 0.00 0.00 0.00 0.00 -63.85 0.00 0.00 -93.67 58.19 0.00 95.61 31.09 0.00 0.00 0.00 0.00 0.00 40.47 0.00 70.37 0.00 -62.95 0.00 95.98 35.20 54.72 -61.40 90.73 0.00 38.38 79.97 18.19 -94.40 0.00 0.00 64.15 -81.25 0.00 0.00 0.00 0.00 0.00 19.36 0.00 43.08 0.00 0.00 0.00 -57.80 -77.50 0.00 0.00 0.00 -41.03 0.00 -94.94 83.56 -69.91 -40.62 0.00 0.00 0.00 0.00 0.00 0.00 -75.19 -31.16 0.00 35.30 0.00 -39.03 12.38 0.00 -6.51 -6.22 0.00 -56.54 -28.84 0.00 1.36 17.72 -32.87 0.00 -26.24 9.65 0.00 0.00 0.00 0.00 5.73 -35.51 0.00 0.00 0.00 0.00 0.00
0.00 -51.98 -14.31 0.00 0.00 82.68 -46.37 -12.96 0.00 0.00 -61.37 0.00 0.00 0.00 0.00 0.00 72.99 0.00 -69.89 -19.17 0.00 -67.30 0.00 -10.92 0.00 0.00 0.00 23.10 -83.75 19.18 0.00 82.48 0.00 0.00 0.00 0.00 0.00 0.00 0.00 0.00 0.00 0.00 -58.94 -74.78 17.78 0.00 39.24 0.00 0.00 37.60 0.00 0.00 0.00 0.00 -51.53 0.00 -29.77 -81.74 0.00 0.00 0.00 0.00 0.00 0.00 19.63 0.00 0.00 0.00 0.00 0.00 0.00 0.00 0.00 71.59 35.98 -76.04 0.00 -54.66 0.00 -54.38 66.90 0.00 9.83 0.00 0.00 30.86 0.00 0.00 0.00 0.00 0.00 -47.42 29.72 0.00 84.49 39.63 68.35 94.68 0.00 0.00
0.00 0.00 0.00 0.00 0.00 0.00 0.00 0.00 -93.06 0.00 -13.61 -72.63 -3.97 -90.52 0.00 -19.17 0.00 0.00 0.00 0.00 0.00 -47.59 -70.83 0.00 21.90 14.84 0.00 0.00 0.00 46.95 -1.66 -47.57 0.00 0.00 -67.38 0.00 68.57 0.00 0.00 -29.31 0.00 0.00 0.00 89.46 0.00 77.36 -56.13 0.00 0.00 -86.59 0.00 0.00 0.00 0.00 0.00 0.00 0.00 0.00 0.00 0.00 -40.09 26.71 80.31 -93.06 0.00 0.00 0.00 0.00 0.00 0.00 0.00 0.00 -42.44 0.00 -29.91 36.66 -20.75 0.00 0.00 0.00 -53.08 0.00 42.22 11.13 -46.13 -71.40 0.00 0.00 75.72 0.00 0.00 87.11 -61.92 0.00 -43.46 0.00 -60.49 0.00 0.00 -32.75
0.00 0.00 0.00 0.00 0.00 -84.36 0.00 54.35 0.00 0.00 -48.60 0.00 13.99 -56.02 21.23 19.76 0.00 0.00 0.00 0.00 51.88 10.68 34.33 95.75 0.00 0.00 0.00 0.00 0.00 24.09 0.00 94.24 59.66 41.60 -98.83 -82.79 -88.31 0.00 0.00 0.00 0.00 75.05 33.67 0.00 -4.18 0.00 0.00 17.26 0.00 -55.20 0.00 0.00 86.90 0.00 45.86 0.00 -42.28 0.00 0.00 0.00 74.00 0.00 0.00 83.94 14.26 -49.29 0.00 0.00 -11.60 0.00 0.00 0.00 67.12 0.00 -57.74 77.01 0.00 0.00 18.31 0.00 0.00 0.00 0.00 0.00 0.00 -13.76 0.00 -1.76 -61.94 0.00 -24.68 0.00 0.00 0.00 0.00 0.00 0.00 0.00 0.00 0.00
-91.09 0.00 72.39 8.28 0.00 0.00 33.01 0.00 66.62 -32.07 11.81 0.00 -95.00 0.00 22.36 23.50 0.00 0.00 80.05 0.00 0.00 0.00 0.00 -43.98 0.00 -43.47 -2.70 38.03 0.00 -56.58 0.00 -19.64 95.75 -82.58 -35.71 0.00 0.00 0.00 0.00 0.00 0.00 0.00 47.22 -31.87 0.00 0.00 0.00 0.00 0.00 0.00 89.90 0.00 14.33 0.00 0.00 47.61 0.00 0.00 0.00 66.91 0.00 0.00 -67.37 -66.16 -34.86 0.00 7.90 0.00 46.38 0.00 0.00 0.00 -25.95 0.00 0.00 0.00 0.00 -19.71 -45.35 0.00 0.00 -55.74 0.00 -15.89 59.79 0.00 0.00 93.29 26.32 0.00 0.00 -17.86 0.00 0.00 53.99 0.00 6.36 0.00 75.38 0.00
0.00 -89.49 0.00 0.00 -59.14 0.00 0.00 13.40 -46.06 0.00 21.22 0.00 46.36 0.00 0.00 0.00 0.00 -28.64 0.00 -77.28 0.00 30.78 0.00 76.70 0.00 -87.39 0.00 0.00 0.00 0.00 0.00 0.00 -17.69 24.30 0.00 -83.28 14.94 0.00 0.00 95.36 0.00 0.00 0.00 0.00 -18.14 0.00 0.00 0.00 0.00 -39.96 0.00 0.00 0.00 0.00 0.00 0.00 41.73 93.13 0.00 0.00 40.33 0.00 0.00 0.00 -66.42 -25.41 -38.35 0.00 0.00 0.00 0.00 0.00 93.37 0.00 -32.13 0.00 -74.83 0.00 0.00 0.00 0.00 0.00 0.00 0.00 -24.49 0.00 -78.14 0.00 31.54 0.00 0.00 0.00 -11.91 -30.42 0.00 -90.40 -61.31 0.00 23.52 0.00
0.00 0.00 0.00 0.00 0.00 30.83 85.05 0.00 0.00 0.00 0.00 0.00 0.00 0.00 0.00 0.00 -67.92 0.00 90.76 0.00 53.03 0.00 -54.01 -96.64 0.00 0.00 0.00 -64.67 -92.51 0.00 0.00 0.00 -42.70 0.00 0.00 87.48 0.00 -97.16 76.37 -52.48 0.00 0.00 81.78 0.00 0.00 0.00 0.00 0.00 0.00 -93.31 0.00 -74.95 0.00 -84.65 -18.71 23.91 0.00 0.00 0.00 -54.07 0.00 86.37 0.00 0.00 0.00 0.00 0.00 0.00 0.00 49.09 0.00 0.00 58.65 0.00 0.00 0.00 0.00 0.00 0.00 -54.57 17.83 0.00 -53.27 15.02 27.43 0.00 0.00 0.00 -14.58 -24.26 0.00 0.00 0.00 -4.54 -29.53 0.00 45.04 -13.79 0.00 0.00
0.00 0.00 0.00 0.00 -39.30 91.03 26.79 0.00 -3.96 98.52 0.00 0.00 84.09 0.00 -16.49 -61.43 97.66 0.00 68.24 0.00 -42.45 0.00 -95.65 93.30 0.00 10.12 0.00 0.00 0.00 0.00 -14.36 17.20 56.05 0.00 0.00 0.00 9.21 0.00 -33.72 14.69 0.00 0.00 91.86 0.00 0.00 84.11 61.42 0.00 44.08 0.00 48.75 -53.17 -80.19 0.00 0.00 0.00 -55.80 54.51 64.85 0.00 0.00 30.42 0.00 -47.58 0.00 0.00 93.08 -5.59 48.46 0.00 0.00 0.00 -71.20 15.70 0.00 0.00 0.00 -30.83 -32.63 0.00 0.00 0.00 13.35 -62.59 0.00 0.00 0.00 0.00 0.00 62.13 17.70 0.00 0.00 -69.30 -27.76 0.00 -59.46 0.00 0.00 47.90
0.00 -34.51 0.00 49.76 0.00 0.00 -48.61 80.18 0.00 0.00 0.00 0.00 78.82 -27.30 78.80 22.89 0.00 0.00 0.00 0.00 -78.56 -37.16 42.70 -34.35 0.00 -45.45 44.76 0.00 -66.73 0.00 6.97 75.04 27.68 -44.58 0.00 0.00 -96.17 0.00 0.00 0.00 0.00 0.00 0.00 0.00 -56.63 0.00 0.00 0.00 61.81 -28.80 0.00 56.72 0.00 99.22 0.00 -66.67 0.00 -25.58 0.00 0.00 -32.88 42.78 0.00 14.96 0.00 0.00 -47.78 0.00 -91.73 0.00 0.00 0.00 1.92 0.00 3.61 0.00 -74.35 0.00 -19.27 76.32 0.00 0.00 -95.55 -96.39 0.00 97.76 4.50 83.53 0.00 0.00 0.00 0.00 0.00 0.00 0.61 59.05 0.00 65.49 0.00 0.00
0.00 33.88 -33.98 40.52 0.00 0.00 -38.45 0.00 0.00 0.00 58.65 0.00 0.00 0.00 0.00 0.00 0.00 0.00 0.00 0.00 44.36 42.13 0.00 20.45 0.00 0.00 -47.24 0.00 0.00 -1.15 56.87 0.00 23.30 0.00 0.00 0.00 -89.53 0.00 -76.02 0.00 0.00 0.00 -33.92 0.00 62.64 0.00 13.42 0.00 0.00 -25.65 -35.44 -45.77 0.00 0.00 0.00 37.21 0.00 82.50 0.00 0.00 0.00 -69.46 0.00 0.00 0.00 0.00 41.66 -76.68 0.00 0.00 0.00 -34.49 -53.85 -55.95 0.00 66.12 0.00 0.00 -57.59 -53.26 37.21 0.00 8.43 87.26 -64.04 4.28 68.82 0.00 0.00 0.00 78.10 -75.27 -41.21 0.00 14.15 -81.20 0.00 0.00 0.00 0.00
0.00 82.09 61.83 0.00 -20.00 0.00 0.00 -51.84 0.00 24.46 0.00 93.42 0.00 0.00 59.72 0.00 -73.78 0.00 0.00 0.00 -52.36 0.00 0.00 0.00 0.00 0.00 0.00 -3.07 0.00 0.00 0.00 -54.07 0.00 0.00 15.40 -24.21 6.46 -81.89 0.00 0.00 59.16 0.00 50.51 0.00 -78.57 0.00 -98.44 0.00 97.25 58.64 47.20 -78.30 0.00 94.61 -48.53 0.00 0.00 0.00 -72.27 0.00 -90.10 0.00 0.00 0.00 13.41 0.00 -13.48 61.26 69.43 0.00 -31.40 0.00 23.08 0.00 0.00 -50.58 0.00 0.00 0.00 0.00 53.98 0.00 0.00 -15.26 0.00 0.00 0.00 -19.96 0.00 0.00 0.00 0.00 0.00 0.00 50.90 0.00 0.00 48.18 0.00 27.68
0.00 0.00 0.00 0.00 0.00 0.00 0.00 0.00 0.00 0.00 0.00 -52.18 0.00 0.00 0.00 94.11 0.00 -19.72 60.83 0.56 -1.61 0.00 0.00 0.00 57.19 0.00 -11.73 0.00 0.00 0.00 0.00 19.83 95.96 0.00 0.00 0.00 0.00 -14.49 15.67 43.15 44.42 0.00 0.00 47.48 -68.18 72.15 94.59 45.24 -41.34 0.00 55.84 0.00 51.87 0.00 64.48 0.00 0.00 0.00 0.00 16.12 -98.72 0.00 18.45 0.00 -99.14 0.00 0.00 0.00 0.00 0.00 -18.68 -30.66 0.00 0.00 0.00 0.00 49.04 0.00 -53.80 54.38 80.35 0.00 0.00 0.00 0.00 0.00 63.70 52.41 0.00 18.11 0.00 0.00 -0.71 0.00 0.00 9.59 0.00 0.00 0.00 0.00
0.00 0.00 0.00 -93.63 0.00 0.00 0.00 0.00 0.00 -43.68 5.54 29.09 0.00 72.00 0.00 0.00 0.00 0.00 0.00 0.00 0.00 0.00 -14.11 0.00 0.00 0.00 10.71 0.00 0.00 0.00 0.00 0.00 56.68 0.00 17.71 0.00 0.00 0.00 -17.14 0.00 0.00 51.27 0.00 0.15 0.00 0.00 78.73 0.00 0.00 0.00 7.10 0.00 0.00 0.00 -47.99 0.00 0.00 0.00 0.00 0.00 0.00 43.20 0.00 -76.78 -9.50 0.00 0.00 -38.36 -38.71 0.00 71.82 0.00 68.20 -52.47 0.00 -44.77 0.00 22.57 -72.13 -81.08 0.00 0.00 0.00 -25.03 83.19 0.00 18.21 0.00 0.00 -78.24 0.00 0.00 0.00 0.00 89.56 0.00 0.00 0.00 74.54 0.00
0.00 0.00 0.00 27.30 0.00 0.00 0.00 55.85 0.00 0.00 83.74 0.00 0.00 0.00 0.00 -86.82 -33.45 40.41 68.10 0.00 0.00 0.00 0.00 49.41 0.00 0.00 0.00 0.00 -8.33 -31.75 0.00 0.00 65.35 -64.02 0.00 0.00 0.00 57.47 0.00 0.00 8.54 -3.59 0.00 0.00 0.00 0.00 -52.03 0.00 -92.61 57.70 0.00 0.00 -43.01 0.00 75.59 0.00 -94.78 49.43 0.00 35.36 0.00 0.00 -29.70 0.00 0.00 0.00 68.35 0.00 0.00 0.00 0.00 -89.68 -46.52 0.00 0.00 23.77 0.00 0.00 0.00 0.00 0.00 0.00 0.00 -67.92 0.00 0.00 0.00 0.00 0.00 0.00 0.00 -19.76 0.00 35.51 0.00 0.00 0.00 96.59 0.00 0.00
0.00 -26.71 56.45 -53.03 0.00 0.00 39.84 0.00 0.00 0.00 34.06 -84.94 0.00 26.46 0.00 -74.27 0.00 20.52 -8.20 -1.08 -22.01 0.00 -62.46 95.33 0.00 0.00 0.00 0.00 0.00 0.00 0.00 63.17 0.00 0.00 -55.07 0.00 90.23 0.00 0.00 0.00 0.00 -79.85 -42.28 95.45 0.00 0.00 69.59 93.08 0.00 2.95 75.14 -59.40 0.00 93.64 0.00 36.11 9.89 0.00 0.00 11.08 0.00 8.82 0.00 0.00 0.00 0.00 0.00 6.47 0.00 0.00 0.00 0.00 84.37 2.47 90.65 24.20 -63.47 0.00 -94.29 0.00 0.00 -12.14 0.00 -37.74 0.00 63.44 0.00 0.00 79.66 0.00 98.39 0.00 -21.37 -82.80 93.71 0.00 0.00 0.00 0.00 -58.21
-0.66 0.00 -78.87 0.00 0.00 0.00 0.00 -0.84 57.07 0.00 0.00 -83.43 -31.26 0.00 0.00 0.00 0.00 0.00 87.35 0.00 56.73 0.00 -18.92 0.00 0.00 -72.05 0.00 0.00 0.00 0.00 0.00 0.00 87.57 0.00 0.00 -45.60 75.05 0.00 0.00 -1.36 0.00 63.22 -18.48 0.00 0.00 0.00 -17.00 0.00 0.00 -34.31 0.00 0.00 0.00 0.00 0.00 0.00 -27.84 -55.60 0.00 0.00 0.00 39.43 15.08 32.27 -61.11 -21.48 11.92 -62.73 0.00 0.00 0.00 0.00 57.15 66.33 0.00 -31.82 0.00 0.00 0.00 0.00 0.00 0.00 0.00 -63.85 0.00 2.88 -10.69 0.00 35.31 0.00 0.00 0.00 -2.85 0.00 0.00 0.00 0.00 0.00 43.09 0.00
0.00 0.00 -58.75 21.70 0.00 0.00 0.00 0.00 -0.19 22.33 0.00 49.65 0.00 -12.63 0.00 -86.07 0.00 0.00 0.00 61.91 0.00 -76.79 0.00 0.00 77.16 0.00 0.00 0.00 0.00 -56.58 0.00 0.00 6.21 -19.95 0.00 52.79 0.00 50.61 0.00 0.00 -80.53 0.00 0.00 5.08 20.08 0.00 0.00 -41.64 0.00 0.00 0.00 0.00 0.00 -79.20 0.00 0.00 0.00 -30.79 0.00 0.00 0.00 32.84 -84.85 0.00 0.00 0.00 -27.26 0.00 0.00 -98.99 -48.70 0.00 75.62 -9.68 -76.19 0.00 0.00 0.00 0.00 9.97 0.00 -29.39 0.00 -34.94 0.00 -68.33 0.00 0.00 -92.38 87.40 0.00 -81.48 0.00 -5.01 -98.68 80.43 55.41 -84.32 0.00 -38.95
0.00 0.00 -38.39 0.00 0.00 32.94 0.00 0.00 0.00 0.00 -48.95 0.00 0.00 0.00 0.00 0.00 0.00 0.00 -50.58 0.00 89.62 0.00 0.00 0.00 0.00 0.00 93.34 69.51 -14.82 -85.87 -61.29 0.00 -44.78 -33.51 11.45 -43.77 0.00 55.01 0.00 24.28 0.00 0.00 83.76 0.00 78.82 0.00 -65.76 0.00 0.00 -45.64 -56.12 0.00 0.00 0.00 0.00 0.00 0.00 3.12 -0.81 -31.52 21.65 -68.62 7.01 39.28 0.00 0.00 86.79 59.91 0.00 -62.46 -51.61 0.00 0.00 0.00 0.00 -7.16 0.00 0.00 -11.41 0.00 35.03 19.67 0.00 -18.08 0.00 4.53 -57.95 33.26 0.00 0.00 80.45 -2.72 -63.05 29.10 0.00 90.72 0.00 0.00 91.96 -46.63
0.00 0.00 0.00 0.00 -88.32 0.00 70.78 0.00 0.00 0.00 24.83 3.25 0.00 0.00 -85.35 0.00 0.00 -72.06 0.00 0.00 -97.56 0.00 20.34 0.00 86.80 -66.18 0.00 -72.66 63.29 0.00 0.00 -79.39 87.25 0.00 0.00 0.00 0.00 0.00 0.00 -99.18 6.21 0.00 17.30 0.00 0.00 0.00 -10.59 0.00 0.00 -58.77 -25.83 0.00 0.00 -91.47 82.97 0.00 0.00 16.22 0.00 0.00 79.00 0.00 0.00 0.00 63.41 0.00 -49.30 -84.06 0.00 0.00 -7.49 -58.58 -54.89 45.88 0.00 -46.90 -84.12 0.00 7.91 93.56 -32.26 35.86 0.00 0.00 0.00 0.00 0.00 0.00 0.00 96.00 0.00 0.00 0.00 0.00 0.00 0.00 0.00 -74.72 0.00 0.00
59.86 -70.18 0.00 -47.38 0.00 0.00 23.14 -12.36 -60.13 23.96 0.00 0.00 0.00 0.00 93.85 94.38 0.00 0.00 0.00 -49.43 0.00 -64.92 0.00 0.00 0.00 0.00 0.00 0.00 0.00 -31.46 0.00 0.00 -3.69 0.00 0.00 -44.75 0.00 0.00 -78.04 0.00 0.00 0.00 0.00 0.00 0.00 0.00 0.00 12.51 0.00 0.00 0.00 -81.34 0.00 -27.33 0.00 0.00 0.00 0.00 0.00 0.00 65.67 48.38 51.30 -89.23 0.00 0.00 0.00 31.46 0.00 -58.40 0.00 0.00 0.00 0.00 0.00 0.00 0.00 -36.14 0.00 -60.63 0.00 0.00 -64.85 31.60 -87.57 0.00 0.00 -68.85 0.00 56.88 72.29 0.00 0.00 0.00 0.00 -1.82 -53.30 -4.57 0.00 85.82
23.78 0.00 -43.41 -83.14 0.00 0.00 18.15 44.38 0.00 -10.85 -76.11 0.00 0.00 -59.32 0.00 0.00 0.00 0.00 0.00 44.41 0.00 0.00 0.00 0.00 0.00 0.00 -54.14 0.00 0.00 0.00 0.00 0.00 90.41 0.00 0.00 0.00 63.07 18.53 0.00 0.00 0.00 56.07 11.44 0.00 -30.18 66.84 -57.11 0.00 0.00 0.00 48.63 0.00 -69.31 0.00 19.47 0.00 0.00 0.00 83.78 99.50 0.00 31.90 -47.87 0.00 0.00 93.58 0.00 0.00 4.19 0.00 50.31 -59.73 0.00 -63.18 0.00 73.33 0.00 0.00 0.00 0.00 64.06 -6.59 0.00 90.20 0.00 19.41 0.00 0.00 0.00 -25.01 -20.66 43.31 15.68 -39.05 0.00 89.17 0.00 6.08 0.00 -75.99
44.90 0.00 0.00 0.00 0.00 -0.65 72.66 0.00 0.00 0.00 0.00 0.00 -48.08 0.00 -33.82 -47.24 0.00 -99.46 0.00 34.08 72.23 84.32 0.00 0.00 33.57 4.13 0.00 0.00 -26.34 27.14 -91.69 -38.83 0.00 0.00 67.41 0.00 -17.66 -65.50 0.00 68.67 0.00 -87.05 0.00 -38.10 0.00 25.29 0.00 0.00 -12.05 78.45 0.00 0.00 0.00 0.00 0.00 -31.41 -96.38 0.00 0.00 0.00 0.00 0.00 -60.60 0.00 -5.04 46.91 0.62 0.00 0.00 0.00 0.00 0.00 -22.94 0.00 0.00 -53.75 0.00 -26.72 0.00 0.00 0.00 0.00 0.00 0.00 0.00 0.00 0.00 0.00 28.98 0.00 49.64 26.04 0.00 66.73 0.00 0.00 0.00 0.00 0.00 0.00
-16.29 35.47 88.25 0.00 0.00 0.00 0.00 -82.73 -60.41 -38.10 0.00 81.62 -14.89 0.00 0.00 0.00 0.00 23.08 0.00 86.23 0.00 0.00 0.00 67.45 0.00 0.00 57.58 0.00 54.90 0.00 0.00 80.41 0.00 -43.32 0.00 -19.82 -31.65 0.00 0.00 -64.88 85.98 9.18 11.73 0.00 0.00 -19.07 0.00 -6.71 0.00 -87.65 0.00 0.00 0.00 57.99 0.00 0.00 0.00 76.75 0.00 22.84 24.17 63.59 0.00 0.00 0.00 0.00 -13.92 -9.11 0.00 0.00 -52.71 0.00 0.00 0.00 -78.46 0.00 0.00 -20.87 0.00 1.77 -38.86 0.00 0.00 41.04 0.00 0.00 -16.62 0.00 83.46 -35.89 -30.40 0.00 0.00 0.00 0.00 0.00 88.12 0.00 0.00 0.00
-41.11 0.00 -38.30 0.00 68.52 0.00 52.78 41.88 0.00 0.00 -25.93 0.00 -74.90 27.85 -79.55 0.00 36.84 0.00 0.00 0.00 0.00 -54.02 0.00 0.00 0.00 0.00 0.00 50.95 0.00 0.00 0.00 0.00 0.00 0.00 0.00 0.00 0.00 0.00 0.00 0.00 86.40 -58.83 0.00 0.00 0.00 0.00 64.90 0.00 9.23 0.00 0.00 0.00 65.34 0.00 28.48 0.00 0.00 0.00 95.31 -43.78 0.00 0.00 0.00 75.77 0.00 0.00 -45.95 0.00 72.57 0.00 0.00 0.00 0.00 0.00 -22.47 52.40 0.00 0.00 13.60 98.12 35.86 0.00 0.00 0.00 -85.09 0.00 0.00 0.00 0.00 0.00 0.00 -32.29 0.00 23.97 11.01 29.42 0.00 29.69 0.00 -36.22
0.00 0.00 8.50 0.00 0.00 0.00 0.00 0.00 0.00 0.00 0.00 0.00 -59.04 -11.12 0.00 -63.65 -1.38 -37.08 19.54 0.00 -13.23 -50.69 0.00 60.72 0.00 -48.34 95.75 63.26 80.14 0.00 0.00 0.00 0.00 0.00 0.00 -71.75 -43.31 0.00 93.11 0.00 0.00 -17.69 0.00 -70.75 0.00 -29.37 0.00 0.00 0.00 -65.30 0.00 80.06 0.00 0.00 0.00 0.00 0.00 0.00 0.00 0.00 0.00 0.00 -31.26 0.00 -92.24 -67.83 0.00 73.66 31.73 0.00 0.00 0.00 0.00 0.00 43.18 0.00 3.07 0.00 0.00 -1.38 -55.84 0.00 0.00 0.00 0.00 0.00 -51.22 0.00 39.58 0.00 0.00 0.00 0.00 0.00 33.04 0.00 0.00 0.00 0.00 22.34
0.00 -24.60 0.00 95.97 0.00 -58.13 0.00 0.00 62.17 0.00 0.00 -54.73 -60.21 -86.18 -21.77 -96.95 0.00 93.96 0.00 6.48 -3.05 0.00 87.06 88.79 26.20 -5.11 0.00 0.00 -39.30 0.00 43.46 0.00 0.00 -99.17 0.00 0.00 0.00 0.00 -31.54 0.00 75.63 0.00 -88.30 0.00 -99.81 0.00 0.00 56.01 0.00 0.00 0.00 0.00 51.98 0.00 36.02 -99.84 0.00 0.00 -99.25 0.00 0.00 0.00 -24.40 70.41 23.09 88.21 0.00 0.00 0.00 66.37 0.00 0.00 64.97 50.38 0.00 0.00 -51.15 0.00 0.00 0.00 0.00 -58.04 0.00 0.00 0.00 0.00 0.00 0.00 64.20 0.00 0.00 27.08 0.00 0.00 0.00 -17.78 0.00 0.00 0.00 95.37
-66.45 79.17 -80.38 0.00 -40.45 42.57 0.00 0.00 51.73 0.00 0.00 20.25 -13.98 0.00 89.77 0.00 -74.09 0.00 0.00 0.00 0.00 0.00 -1.15 -98.54 -73.90 -7.94 0.00 53.45 0.00 99.34 0.00 0.00 -7.78 0.00 0.00 0.00 54.20 12.14 0.00 0.00 0.00 0.00 -37.37 0.00 -22.71 0.34 -33.80 0.00 0.00 -20.54 0.00 0.00 -49.29 0.00 52.26 21.42 -85.09 0.00 0.00 0.00 -20.67 0.00 0.00 0.00 0.00 0.00 0.00 -96.36 -52.52 0.00 50.10 82.81 0.00 -32.90 -53.15 62.59 -81.18 0.00 0.00 0.00 -95.70 0.00 -14.19 0.00 0.00 0.00 -54.20 0.00 0.00 -69.79 0.00 84.67 0.00 0.00 0.00 0.00 0.00 0.00 -52.74 0.00
-6.47 0.00 0.00 13.93 0.00 0.00 0.00 0.00 -99.30 -7.14 -56.64 92.12 0.00 0.00 0.00 0.00 -95.01 5.99 0.00 6.61 0.00 0.00 0.00 0.00 5.33 0.00 -90.61 0.00 86.07 0.00 0.00 56.05 0.00 0.00 61.66 0.00 44.69 0.00 -91.84 -21.81 0.00 0.00 48.33 0.00 -7.15 -71.72 68.35 59.95 12.34 30.93 -84.02 16.64 0.00 -46.06 -38.22 46.86 0.00 -24.19 0.00 0.00 46.25 0.00 -59.62 89.75 46.96 0.00 0.00 0.00 33.24 -66.90 0.00 0.00 0.00 76.28 0.00 0.00 38.23 76.30 0.00 -17.12 0.00 -19.24 85.69 0.00 0.00 0.00 -31.06 -63.20 84.55 0.00 0.00 -86.38 0.00 0.00 0.00 -17.83 0.00 0.00 0.00 -37.26
0.00 99.17 0.00 0.00 75.02 28.23 0.00 0.00 0.00 -95.29 0.00 72.18 -59.43 0.00 72.85 0.00 -74.64 57.21 -73.22 0.00 0.00 0.00 0.00 24.35 0.00 4.06 2.60 -29.41 81.65 0.00 0.00 -7.66 0.00 0.00 -45.25 0.00 0.00 0.00 14.88 62.65 0.00 0.00 -68.98 0.00 -9.69 0.00 0.00 0.00 0.00 0.00 38.94 51.11 0.00 71.08 0.00 24.62 -79.96 0.00 -54.92 0.00 0.00 0.00 9.17 -29.12 64.47 0.00 -90.89 7.25 76.69 0.00 37.34 11.96 0.00 0.00 0.00 0.00 0.00 86.07 77.91 22.01 0.00 0.00 0.00 -88.58 0.00 0.00 0.00 0.00 0.00 0.00 72.33 0.00 0.00 0.00 0.00 0.00 0.00 0.00 0.00 48.79
0.00 72.98 13.59 -11.41 0.00 0.00 -19.22 0.00 0.00 0.00 0.00 0.00 0.00 -4.76 0.00 -81.87 35.53 0.00 0.00 0.00 0.00 0.00 -89.89 0.00 0.00 0.00 80.78 0.00 -96.24 37.64 0.00 19.71 54.87 0.00 0.00 45.92 0.00 0.00 -18.46 0.00 -87.88 91.00 0.00 -72.09 0.00 0.00 0.00 0.00 0.00 20.21 92.67 0.00 0.00 0.00 0.00 0.00 -62.98 0.00 0.00 -35.34 0.00 69.36 0.00 0.00 -88.44 0.00 76.62 0.00 0.00 55.42 0.00 89.48 35.83 -95.95 99.01 0.00 -15.39 0.00 0.00 77.03 12.59 0.00 0.00 0.00 0.00 0.00 -89.59 0.00 0.00 0.00 0.00 -42.20 0.00 -92.18 -71.46 -69.46 -44.85 0.00 0.00 -90.68
0.00 0.00 -65.70 -70.01 66.24 -73.63 0.00 0.00 0.00 75.91 0.00 -52.23 0.00 0.00 0.00 0.00 0.00 -24.30 0.00 -95.90 12.89 -66.89 0.00 0.00 96.78 87.12 0.00 -2.23 0.00 -96.67 0.00 0.00 0.00 98.69 11.59 58.75 0.00 88.16 -52.59 0.00 0.00 0.00 0.00 62.80 -75.64 69.24 0.00 0.00 0.00 0.00 0.00 77.04 36.95 79.65 0.00 0.00 0.00 -27.96 0.00 81.99 0.00 0.00 0.00 0.00 0.00 0.00 -91.82 0.00 2.58 -62.87 -45.29 74.09 0.00 -32.88 0.00 0.00 0.00 -79.05 0.00 0.00 0.00 -62.33 0.00 -56.98 5.93 0.00 0.00 13.37 0.00 0.00 -15.67 -81.18 0.00 0.00 0.00 46.49 -18.90 -94.07 -55.75 0.00
0.00 0.00 0.00 -15.57 0.00 0.00 0.00 0.00 0.00 0.00 -95.39 0.00 0.00 0.00 0.00 0.00 0.00 55.85 -19.61 -70.03 0.00 0.00 0.00 0.00 0.00 0.00 0.00 0.00 0.00 -96.75 0.00 0.00 -19.61 0.00 -45.67 -90.31 0.00 0.00 -42.58 0.00 0.00 -71.51 0.00 0.00 0.00 89.34 0.00 0.00 0.00 0.00 0.00 29.47 0.00 -89.53 0.00 0.00 0.00 0.00 0.00 0.00 0.00 0.00 -65.27 0.00 0.00 -30.75 -15.19 -10.56 -56.66 0.00 0.00 0.00 0.00 51.93 10.39 0.00 0.00 -18.99 0.00 0.00 -67.85 0.00 0.00 -46.47 0.00 94.38 0.00 0.00 16.48 0.00 0.00 0.00 9.56 78.07 -65.21 0.00 0.00 15.49 -40.47 19.22
0.00 57.32 -84.63 0.00 99.61 0.00 0.00 -75.51 0.00 -44.17 0.00 -20.00 16.04 -34.47 74.63 0.00 0.00 0.00 0.00 0.00 44.53 -7.93 0.00 41.30 0.00 0.00 92.21 0.00 26.80 0.00 0.00 -89.45 0.00 -22.99 -83.76 0.00 0.00 -46.11 -33.86 63.84 0.00 0.00 72.11 -1.71 -82.64 0.00 -96.32 0.00 0.00 -48.03 0.00 64.13 0.00 0.00 0.00 0.00 81.76 0.00 0.00 -13.24 -20.38 0.00 0.00 -58.72 -56.81 -25.86 0.00 -6.14 0.00 -57.21 -1.37 86.90 0.00 60.00 -48.13 -10.37 0.00 0.00 34.63 -66.40 0.00 81.71 -24.08 -74.20 8.50 23.68 0.00 2.81 0.00 61.95 -85.23 0.00 0.00 0.00 -93.85 0.00 0.00 25.79 0.00 0.00
86.88 4.44 0.00 0.00 0.00 80.36 0.00 90.57 0.00 0.00 0.00 0.00 0.00 0.00 93.63 44.49 0.00 -90.48 -19.62 0.00 0.00 -38.69 -11.99 0.00 0.00 0.00 0.00 0.00 0.00 23.57 72.66 0.00 0.00 0.00 -80.93 0.00 -96.43 0.00 8.49 -94.04 0.00 0.00 0.00 0.00 0.00 63.57 0.00 60.37 0.00 0.00 -4.40 0.00 0.00 0.00 35.40 0.00 93.97 14.51 -51.47 0.00 -43.02 -77.00 0.00 0.00 72.21 0.00 0.00 0.00 0.00 0.00 0.00 97.00 0.00 84.96 0.00 0.00 0.00 0.00 86.99 -96.85 0.00 47.95 0.00 -88.94 44.80 65.51 -98.38 38.42 0.00 47.20 -51.65 -81.20 0.00 -91.50 0.00 36.36 0.00 79.58 81.16 92.64
0.00 83.15 -10.35 0.00 0.00 0.00 0.00 0.00 98.61 83.93 0.00 0.00 0.00 -12.78 0.00 31.41 56.53 0.00 0.00 -18.82 -54.09 0.00 -94.95 75.37 6.12 0.00 0.00 0.00 -85.53 72.37 28.28 -61.34 0.00 75.52 -23.78 -50.28 20.31 0.00 -21.06 0.00 0.00 0.00 -11.44 0.00 0.00 -4.06 -73.87 0.00 0.00 0.00 36.91 0.00 0.00 0.00 51.95 0.00 -65.36 10.48 0.00 0.00 31.52 -47.00 0.00 0.00 3.11 51.88 0.00 0.00 79.86 38.92 0.00 0.00 0.00 0.00 0.00 73.01 0.00 -32.93 0.00 -29.68 0.00 0.00 0.00 0.00 0.00 0.00 29.53 85.47 53.44 0.00 71.80 0.00 0.00 0.00 0.00 0.00 0.00 0.00 60.83 0.00
0.00 0.00 0.00 0.00 0.00 -40.44 0.00 0.00 0.00 0.00 0.00 0.00 86.27 70.40 87.84 0.00 0.00 0.00 -75.08 0.00 83.12 1.27 11.85 0.00 3.43 0.00 80.21 -99.60 -63.43 0.00 0.00 0.00 0.00 0.00 0.00 -93.67 37.32 0.00 88.52 -21.82 -15.00 20.03 0.00 0.00 0.00 68.40 0.00 0.00 0.00 0.00 88.11 9.11 0.00 0.00 0.00 48.25 0.00 0.00 64.24 0.00 -17.89 0.00 0.00 0.00 0.00 0.00 -84.68 0.00 -65.45 -88.36 -62.01 0.00 -74.80 0.00 0.00 83.44 0.00 0.00 0.00 -63.98 0.00 0.00 0.00 0.00 0.00 0.00 0.00 0.00 0.00 0.00 0.00 0.00 21.97 -93.10 0.00 -93.58 0.00 0.00 47.01 -30.97
89.54 0.00 0.00 -51.73 80.88 30.17 0.00 0.00 0.00 -34.32 0.00 81.29 0.00 0.00 0.00 66.74 0.00 0.00 0.00 0.00 0.00 9.23 0.00 55.81 0.00 55.25 87.41 0.00 0.00 -59.20 12.49 0.00 0.00 55.80 -33.89 -78.41 41.26 0.00 0.00 0.00 0.00 -69.66 0.00 0.00 3.71 0.00 0.00 0.00 0.00 93.79 2.11 0.00 15.35 -68.23 0.00 64.52 35.99 0.00 0.00 0.00 -32.21 0.00 -13.52 0.00 0.00 0.00 0.00 42.89 0.00 -25.79 0.00 -66.52 -50.88 0.00 0.96 18.97 0.00 0.00 0.00 0.00 0.00 0.00 0.00 0.00 -70.01 0.00 0.00 -68.88 -78.15 0.00 0.00 -51.52 0.00 97.87 0.00 31.08 0.00 0.00 -58.51 0.00
0.00 0.00 90.32 0.00 55.70 0.00 19.50 0.00 0.00 0.00 2.80 0.00 48.70 0.00 85.62 0.00 24.40 0.00 0.00 0.00 -10.05 0.00 -46.84 0.00 0.00 0.00 -71.90 0.00 0.00 -16.27 92.48 80.66 0.00 0.00 0.00 0.00 52.71 56.99 0.00 0.00 16.64 0.00 0.00 0.00 0.00 -42.29 0.00 0.00 -56.54 0.00 0.00 0.00 -3.27 0.00 0.00 0.00 0.00 0.00 0.00 0.00 0.00 69.13 0.00 0.00 0.00 14.16 45.85 -29.92 -66.88 0.00 -86.96 1.21 0.00 -45.03 -1.26 0.00 0.00 36.28 0.00 0.00 -76.74 77.44 26.59 0.00 0.00 0.00 78.96 -3.06 -33.40 27.65 19.76 91.00 0.00 -45.19 0.00 72.92 0.00 -43.70 75.75 0.00
0.00 0.00 65.40 0.00 0.00 0.00 -63.05 65.67 22.38 0.00 90.80 0.00 0.00 -76.63 0.00 0.00 0.00 0.00 0.00 -96.95 24.73 0.00 0.00 0.00 0.00 0.00 92.50 0.00 0.00 17.21 7.78 -0.21 50.33 0.00 0.00 0.00 0.00 0.00 0.00 0.00 0.00 0.00 0.00 58.03 0.00 -61.80 0.00 -57.50 0.00 0.00 -43.24 0.00 -88.32 2.97 -65.80 0.00 0.00 0.00 0.00 38.27 0.00 0.00 -18.08 0.00 0.00 31.14 0.00 0.00 0.00 0.00 0.00 0.00 0.00 0.00 0.00 -57.93 0.00 0.00 -53.22 0.00 0.00 0.00 -11.90 0.00 -66.94 0.00 0.00 0.00 38.80 -38.99 0.00 0.00 0.00 0.00 0.00 0.00 0.00 0.00 0.00 -10.64
0.00 14.54 -36.39 0.00 63.52 17.41 -76.80 91.52 0.00 0.00 40.78 -73.75 16.24 70.49 0.00 80.67 0.00 -75.99 0.00 0.00 0.00 0.00 7.48 0.00 30.99 82.05 0.00 0.00 0.00 45.68 0.00 -89.31 -23.99 0.00 0.00 0.00 0.00 0.00 0.00 0.00 57.36 13.67 10.21 0.00 32.83 0.00 0.00 -67.21 0.00 0.00 0.00 -21.45 74.91 16.78 66.65 0.00 0.00 -54.83 0.00 -44.43 0.00 0.00 0.00 -35.13 0.00 71.75 -92.68 0.00 0.00 0.00 0.00 65.69 0.00 0.00 72.47 0.00 24.73 88.89 0.00 0.00 63.99 0.00 0.00 2.72 0.00 -47.66 0.00 -19.78 0.00 10.41 0.00 0.00 -67.00 0.00 0.00 0.00 0.00 0.00 41.45 -44.91
0.00 0.00 -98.81 23.49 0.00 0.00 -62.03 0.00 0.00 0.00 -50.90 -63.30 0.00 0.00 0.00 95.33 0.00 62.77 0.00 0.00 46.92 0.00 0.00 65.36 0.00 0.00 -67.24 0.00 -37.33 0.00 77.47 0.00 49.55 0.00 0.00 0.00 0.00 0.00 0.00 0.00 0.00 0.00 0.00 0.00 -33.47 0.00 0.00 0.00 -40.15 0.00 -57.68 0.00 31.40 0.00 0.00 0.00 -31.20 0.00 0.00 0.00 0.00 -13.15 34.29 -58.74 0.00 -51.21 23.18 -94.76 0.00 0.00 51.51 0.00 -87.28 0.00 0.00 22.68 0.00 0.00 0.00 0.00 -0.88 -54.27 0.00 0.00 1.33 0.00 0.00 54.21 -53.08 0.00 -37.98 0.00 0.00 0.00 0.00 0.00 92.18 0.00 -3.98 0.00
