100 100
0.00 0.00 -24.71 20.04 -2.01 -9.25 0.00 31.71 0.00 0.00 0.00 0.00 0.00 0.00 0.00 0.00 -36.16 49.40 0.00 36.15 0.00 49.99 0.00 -59.23 0.00 0.00 0.00 0.00 0.00 7.51 0.00 20.85 -21.66 10.00 0.00 59.07 0.00 17.78 -30.07 -11.94 91.59 0.00 80.74 0.00 -30.47 0.00 -86.52 83.29 -3.01 0.00 -22.86 62.47 0.00 0.00 -42.45 0.00 -77.23 -65.25 -40.51 -50.80 47.26 0.00 0.00 0.00 0.00 0.00 79.53 47.19 -24.79 0.00 48.44 0.00 -51.76 -75.40 0.00 0.00 0.00 0.00 0.00 0.00 -15.42 98.23 2.58 -70.71 0.00 56.28 0.00 0.00 0.00 80.92 0.00 39.29 0.00 52.55 0.00 0.00 35.90 -53.58 -22.19 64.69
0.00 -35.63 47.34 0.00 0.00 0.00 0.00 -84.62 0.00 0.00 -52.35 0.00 0.00 0.00 -18.47 0.00 0.00 0.00 0.00 0.00 -7.48 0.00 -89.89 39.08 52.50 0.00 -17.92 98.57 -98.31 -70.67 0.00 0.00 0.00 -84.71 86.10 41.75 0.00 63.73 -65.67 66.36 -51.69 -30.24 0.00 0.00 -31.07 0.00 0.00 0.00 0.00 0.00 14.81 -36.76 -12.94 0.00 -8.69 0.00 0.00 0.00 -47.01 -39.84 0.00 37.73 0.00 0.00 30.80 -75.15 0.00 0.00 0.00 0.00 0.00 -97.91 -21.87 -59.77 0.00 0.00 -13.04 59.66 0.00 0.00 32.75 34.28 0.00 35.94 0.00 0.00 -14.75 -83.65 0.00 71.71 0.00 -13.06 -17.11 0.00 0.00 87.00 10.24 0.00 -75.36 50.72
44.57 0.00 -71.80 -63.77 0.00 -48.47 0.00 0.00 34.34 88.26 51.98 0.00 0.00 0.00 -41.40 -20.44 -95.04 0.00 18.77 0.00 -82.72 0.00 35.76 43.62 -43.41 0.00 0.00 0.00 -48.91 0.00 83.85 80.76 -52.05 0.00 16.59 15.03 0.00 0.00 83.89 -60.96 68.60 55.59 25.99 0.00 -11.31 79.79 0.00 -26.57 13.33 67.72 -44.79 0.00 0.00 0.00 78.74 -96.06 0.00 6.74 50.29 92.20 -41.28 -91.12 0.00 0.00 -28.25 -36.32 0.00 0.00 0.00 0.00 27.65 0.00 0.00 26.25 0.00 -63.35 0.00 -28.74 0.00 -79.96 0.00 -12.26 -7.69 0.00 -99.21 35.70 -53.89 0.00 53.03 0.00 0.00 0.00 0.00 0.00 0.00 56.79 0.00 0.00 0.00 -14.85
0.00 0.00 0.00 21.62 49.59 -51.66 0.00 0.00 -89.69 0.00 29.37 0.00 0.00 21.78 60.85 -2.92 76.99 76.80 38.24 0.00 20.93 0.00 27.08 0.00 0.00 67.64 0.00 79.65 35.96 0.00 0.00 -23.40 0.00 0.00 -19.46 0.00 0.00 0.82 0.00 0.00 -97.16 0.00 17.19 -90.72 0.00 0.00 0.00 -39.91 -57.87 1.60 -39.12 0.00 -84.97 0.00 47.71 -86.10 71.83 0.00 0.00 -29.94 72.74 0.00 0.00 0.00 0.00 58.62 0.00 18.41 83.05 0.00 -12.02 -22.61 81.10 85.07 -45.63 57.89 0.00 60.51 75.30 0.00 -15.04 28.14 0.00 0.00 92.16 0.00 0.00 0.00 -79.08 -95.27 0.00 9.90 0.00 21.74 -55.22 -35.71 31.02 0.00 4.87 6.42
-30.18 0.00 -97.05 58.67 0.00 0.00 0.00 -45.27 -45.93 0.00 67.70 24.80 0.00 0.00 -73.20 26.31 -56.80 -90.16 -85.72 0.00 20.59 90.94 -63.45 -87.84 0.00 0.00 48.83 97.06 0.00 0.00 0.00 -75.34 -29.01 0.00 0.00 0.00 0.00 62.41 -45.98 -8.09 0.00 0.00 0.00 67.14 0.00 0.00 63.92 0.00 -49.15 -50.87 0.00 0.00 0.00 -71.80 0.00 -80.92 91.21 0.00 71.84 -11.10 94.17 67.71 43.64 0.00 0.00 0.00 -51.77 0.00 35.40 5.64 0.00 -24.97 0.00 0.00 -38.30 0.00 48.84 22.08 -24.02 6.63 13.01 49.75 56.00 -0.96 46.80 80.66 70.04 0.00 9.20 -28.11 0.00 0.00 -0.85 0.00 13.55 -64.20 0.00 50.01 62.68 0.00
1.22 -93.71 53.88 10.26 -4.81 0.00 85.25 -22.04 0.00 -23.97 0.00 -66.53 -86.65 81.67 0.00 0.00 0.00 0.00 45.71 -24.95 67.71 0.00 0.00 0.00 0.00 -32.22 88.24 11.54 0.00 -82.00 0.00 37.98 0.00 -32.47 17.04 21.99 0.00 0.00 -14.60 0.00 24.28 -68.82 0.00 0.00 0.00 0.00 57.29 -39.36 81.94 0.00 -69.71 0.00 -89.36 44.61 0.00 0.00 0.00 68.72 0.00 -45.86 35.70 -21.03 0.00 0.00 0.00 49.33 0.00 20.94 94.14 -37.43 91.63 -55.31 -55.77 37.33 19.74 0.00 0.00 0.00 -88.06 0.00 -94.89 0.00 45.19 0.00 60.69 -76.89 -16.84 0.00 -71.78 0.00 0.00 0.00 0.00 77.36 0.00 0.00 -57.65 0.00 0.00 0.00
0.00 50.83 0.00 38.85 -26.46 0.00 45.32 0.00 99.49 0.00 0.00 -44.53 -87.19 0.00 -52.67 0.00 0.00 0.00 0.00 -62.71 0.00 0.00 81.54 0.00 0.00 1.47 -89.81 -2.29 0.00 -12.00 0.00 0.00 0.00 31.13 0.00 0.00 -8.15 0.00 50.57 0.00 0.00 0.00 22.75 0.00 0.00 0.00 36.54 0.00 0.00 94.81 0.00 0.00 -2.71 0.00 -6.51 -56.05 0.00 2.40 -24.12 0.00 -95.37 0.00 62.72 96.25 -29.94 77.28 0.00 0.00 -61.40 -79.12 16.12 49.35 0.00 0.00 -96.60 15.60 0.00 -95.19 -83.78 62.93 0.00 -20.69 0.00 0.00 97.76 0.00 0.00 0.00 1.60 -10.50 -4.54 89.61 -42.16 0.00 0.00 -75.49 40.17 0.00 80.59 98.27
0.00 0.00 72.18 15.08 0.00 0.00 -8.25 -83.88 0.00 0.00 -82.53 0.00 0.00 0.00 -95.17 0.00 0.00 0.00 0.00 0.00 0.00 -42.03 -82.61 -98.93 28.03 94.68 -60.33 86.13 0.00 0.00 0.00 48.00 0.00 0.00 0.00 89.02 0.00 0.00 0.00 0.00 89.53 0.00 0.81 0.00 -68.96 -94.26 -36.27 10.35 0.00 -96.51 -97.46 0.00 0.00 -62.94 36.17 0.00 0.00 92.15 0.00 -5.10 97.89 0.00 0.00 0.00 0.00 0.00 32.31 0.00 12.69 96.15 0.00 0.00 0.00 0.00 4.49 0.00 -72.23 0.00 25.10 0.00 57.82 -17.55 29.93 0.00 -84.22 -0.15 0.00 31.01 43.82 31.73 70.68 0.00 0.00 29.94 0.00 16.93 59.70 0.00 0.00 0.00
0.00 56.67 0.00 -82.27 0.00 0.00 0.00 90.74 0.00 0.00 62.42 -18.53 0.00 38.29 -96.89 -15.99 75.35 76.49 13.36 7.45 0.00 0.00 74.38 -54.34 -79.86 0.00 0.00 70.52 0.00 87.36 0.00 -14.88 -4.38 0.00 45.18 67.57 0.00 0.00 -37.25 0.00 60.96 4.62 0.00 93.76 0.00 41.98 0.00 0.00 -63.66 0.00 0.00 64.44 0.00 9.12 0.00 53.28 0.00 61.34 0.00 0.00 -34.21 -91.79 0.00 89.28 -34.59 -10.32 0.00 64.77 5.73 -89.11 0.00 0.00 40.12 -17.78 61.46 0.00 -15.23 0.00 -43.41 0.00 0.00 -92.88 4.91 -35.69 -68.32 90.03 0.00 97.14 0.00 76.86 94.81 0.00 0.00 -40.11 0.00 0.00 0.00 75.03 0.00 0.00
-0.58 0.00 -46.36 54.21 72.98 0.00 -44.72 0.54 0.00 63.46 0.00 0.00 0.00 -83.39 0.00 66.33 0.00 0.00 0.00 71.67 -56.91 -31.06 0.00 0.00 0.00 0.00 -1.44 -92.14 0.00 74.67 0.00 46.66 0.00 0.00 0.00 0.00 85.19 0.00 0.00 -5.91 0.00 8.12 -30.05 0.00 0.00 0.00 50.68 0.00 52.45 0.00 0.00 74.87 0.00 0.00 0.00 -47.80 0.00 0.00 0.00 84.13 0.00 0.00 0.00 -97.91 0.00 0.00 -50.67 98.20 0.00 0.00 96.90 9.22 -89.58 -3.68 0.00 -99.93 0.00 64.63 -30.71 -44.65 0.00 0.00 -34.84 0.00 0.00 -30.05 0.00 0.00 0.00 9.18 0.00 -31.31 0.00 0.00 -58.39 0.00 0.00 0.00 52.27 0.00
74.84 0.00 0.00 0.00 40.17 97.34 49.51 -13.17 82.52 -56.41 94.95 -47.53 0.00 -68.52 47.39 -35.46 -16.32 0.00 68.72 0.00 0.00 0.00 -33.37 0.00 70.22 66.91 -36.47 -20.56 0.00 77.33 97.06 0.00 16.72 0.00 79.17 3.55 72.07 0.00 -55.68 0.00 73.50 0.00 18.45 50.23 -84.90 7.93 0.00 25.06 92.49 0.00 5.26 11.77 0.00 0.00 0.00 0.00 0.00 0.00 0.00 0.00 -20.69 -12.22 0.00 55.37 11.46 0.00 40.25 0.00 -75.95 0.00 0.00 0.00 0.00 0.00 -3.95 0.00 -95.22 7.73 0.00 -35.24 0.00 0.00 0.00 0.00 -28.59 0.00 0.00 -22.06 0.00 0.00 0.00 0.00 0.00 -31.12 0.00 0.00 0.00 72.15 94.59 -53.80
0.00 -93.60 11.30 0.00 0.00 0.00 0.00 0.00 0.00 0.00 0.00 -74.64 9.95 0.00 20.58 6.90 20.65 -23.77 -5.67 72.97 0.00 84.16 -80.62 65.45 0.00 -10.58 0.00 31.16 -18.04 77.20 23.73 93.42 17.44 0.00 47.78 0.00 0.00 26.67 59.43 0.00 0.00 0.00 0.00 0.00 0.00 -7.29 91.43 0.00 -31.96 -92.15 0.00 -39.70 -22.60 0.00 0.00 -97.56 0.00 0.00 0.00 0.00 0.00 43.72 -16.20 50.95 -93.72 -69.04 8.73 50.39 0.00 51.61 0.00 84.97 0.00 0.00 -55.29 24.57 69.12 0.00 1.31 0.00 0.00 0.00 0.00 0.00 0.00 0.00 0.00 27.22 -4.26 -30.33 0.00 0.00 -90.83 -27.07 93.40 -60.21 0.00 -72.43 78.38 0.00
0.00 66.46 87.00 0.00 0.00 -28.92 95.10 0.00 -44.96 -21.07 0.00 -44.61 0.00 0.00 0.00 0.00 32.44 0.00 0.00 0.00 0.00 18.58 0.00 0.00 0.00 -63.69 -46.56 0.00 6.74 -57.40 -15.60 -47.33 92.99 -63.99 -25.16 -62.30 0.00 97.79 -56.04 0.00 0.00 0.00 0.00 76.22 25.01 0.00 76.91 -54.12 71.39 0.00 -50.16 -60.73 -88.82 0.00 0.00 0.00 -22.59 -82.36 0.00 77.64 1.62 0.00 25.93 -90.07 93.87 0.00 -57.94 0.00 0.00 0.00 0.00 -34.67 63.51 60.65 0.00 38.85 0.00 -83.06 0.00 4.59 81.45 38.56 0.00 0.00 0.00 0.00 0.00 57.26 0.00 -88.36 74.57 -67.90 0.00 0.00 0.00 0.00 -50.66 -90.45 0.00 0.00
13.27 -37.24 0.00 71.77 -9.83 8.64 43.16 77.22 47.91 54.34 -8.16 0.00 0.00 0.00 -97.25 69.18 0.00 -69.34 28.68 0.00 -83.68 0.00 -75.48 0.00 0.00 -92.06 -18.35 0.00 -74.77 0.00 68.59 0.00 -79.51 -57.83 10.38 -60.85 80.73 -32.36 0.00 0.00 0.00 0.00 0.00 -49.21 92.50 0.00 0.00 0.00 36.95 0.00 0.00 0.00 0.00 37.34 -60.74 0.00 -12.58 -99.91 0.00 0.00 -88.98 0.00 0.00 77.59 8.73 54.18 0.00 0.00 92.02 -6.16 0.00 45.72 0.00 -16.15 0.00 0.00 0.00 0.00 0.00 0.00 33.80 52.11 0.00 0.00 14.51 -0.32 0.00 0.00 68.43 76.24 7.62 -12.72 0.00 -98.54 0.00 -23.79 44.98 -19.16 0.00 -76.21
0.00 -78.67 -38.43 -8.57 -27.88 -8.73 0.00 -34.42 0.00 0.00 -90.55 30.53 53.00 -53.25 0.00 0.00 0.00 78.77 67.80 0.00 92.69 70.15 59.81 -13.48 0.00 53.08 -19.14 -79.69 42.39 0.00 -67.43 19.99 48.02 -91.20 0.00 -35.18 0.00 -64.71 -89.74 0.00 78.24 0.00 -82.53 0.00 0.00 0.00 -8.90 -97.98 0.00 0.00 -23.98 0.00 0.00 89.88 0.00 0.00 0.00 30.67 0.00 48.14 0.00 18.36 0.00 96.25 94.81 0.00 0.00 -13.91 49.25 -21.24 -35.15 17.04 -28.55 -27.79 14.05 57.97 -74.72 94.91 0.00 -84.51 67.67 0.00 -72.53 0.00 72.69 15.68 -26.52 -62.50 88.18 0.00 0.00 20.95 -84.27 -57.15 -50.75 -45.03 18.87 -60.87 85.64 4.22
94.70 81.88 -0.98 -19.22 68.33 0.00 77.78 82.85 0.00 22.57 0.00 0.00 0.00 -13.57 -44.95 0.00 -63.39 0.00 0.00 0.00 -55.60 0.00 0.00 -19.67 -31.28 0.00 -2.90 0.00 -14.80 33.40 0.00 -30.22 -99.13 0.00 -93.13 0.00 0.00 44.50 0.00 -73.75 0.00 27.82 0.00 0.00 0.00 0.00 97.44 -30.90 77.08 -47.60 -74.82 -46.59 -24.76 29.40 -51.90 -42.88 -34.38 66.09 0.00 -37.35 -19.40 0.00 0.00 0.00 0.00 48.93 85.23 0.00 67.04 0.00 0.00 -96.03 -40.96 0.00 -88.57 0.00 -15.70 0.00 0.00 27.77 45.74 0.00 -93.30 -38.84 -84.49 -92.43 5.25 97.22 -28.97 -66.94 -68.14 40.14 -52.66 0.00 0.00 0.00 21.47 0.00 0.00 0.00
0.00 -97.48 0.00 0.00 0.75 96.72 31.92 0.00 86.06 0.00 -8.96 0.00 97.54 52.15 0.00 53.69 -21.87 1.07 0.00 0.00 76.12 -54.84 5.05 0.00 -64.84 0.00 -6.20 0.00 -73.45 62.93 -60.47 -66.74 -38.71 -7.74 -21.96 0.00 0.00 66.54 0.00 26.68 0.00 49.08 -63.19 58.54 26.42 0.00 -15.85 -19.99 0.00 28.94 -77.89 -23.28 -39.15 0.00 -91.84 0.00 -95.04 0.00 -4.41 60.31 0.00 0.00 0.00 0.00 58.65 0.00 73.72 -38.62 0.00 0.00 71.98 0.00 0.00 -43.91 0.00 0.00 0.00 0.00 0.00 -96.37 -92.87 0.00 49.89 0.00 0.00 0.00 0.00 0.00 -32.61 -92.74 -73.37 0.65 -31.45 0.00 0.00 0.00 0.00 0.00 0.00 0.00
18.89 -84.10 -64.91 0.00 0.00 0.00 0.00 -54.44 64.98 0.00 0.00 9.11 -58.69 0.00 28.60 93.26 0.00 21.32 0.00 0.00 -42.47 -84.64 -64.76 55.59 -76.47 -59.80 -48.83 0.00 0.00 0.00 0.00 0.00 -78.96 0.00 0.00 0.00 -63.95 0.00 -37.91 -17.58 -91.98 0.00 0.00 18.18 23.26 -84.85 5.28 90.66 0.00 -77.59 0.00 31.91 28.51 28.18 0.00 0.00 -12.00 0.00 81.62 0.00 0.00 -99.53 0.00 0.00 70.77 0.00 46.59 9.58 -87.93 0.00 0.00 0.00 12.39 0.00 0.00 0.00 2.83 33.39 69.92 55.41 68.63 0.00 0.00 0.00 25.50 0.00 0.00 78.94 -53.97 0.00 0.00 0.00 0.00 0.00 76.67 0.00 99.98 0.00 -17.91 0.00
0.00 -61.24 0.00 19.61 27.32 94.15 -19.93 42.48 -0.58 0.00 -29.28 0.00 0.00 -97.91 -31.47 0.00 0.00 -63.56 30.27 56.53 0.00 -81.95 0.00 0.00 30.74 0.00 0.00 27.30 -98.15 0.00 -22.48 76.58 0.00 0.00 0.00 0.00 0.00 14.24 0.00 0.00 0.00 0.00 0.00 0.00 0.00 80.36 9.97 0.00 -15.84 35.76 15.80 0.00 -53.14 51.90 0.00 0.00 0.00 0.00 99.05 0.00 0.00 -39.26 0.00 0.00 0.00 0.00 0.00 89.08 18.34 -0.50 8.68 0.00 0.00 -54.35 30.85 -74.04 88.13 0.00 0.00 0.00 0.00 0.00 -32.52 0.00 33.89 -72.57 36.01 70.33 0.00 0.00 0.00 0.00 94.91 29.75 -74.41 62.86 -5.75 0.00 0.00 -72.56
0.00 0.00 -59.63 0.00 0.00 0.00 -29.18 0.00 0.00 78.89 -79.28 -82.01 0.25 0.00 93.69 71.01 0.00 0.00 47.12 45.58 70.05 -92.15 71.87 0.00 0.00 0.00 0.00 -11.62 44.56 17.75 34.03 -24.60 43.71 59.37 80.09 -22.40 86.80 0.00 0.00 16.10 0.00 0.00 -52.08 -81.10 -16.95 -26.49 0.00 0.00 0.00 81.76 0.00 77.30 38.16 -77.87 -51.89 17.05 -19.94 0.00 0.00 -33.89 -82.71 0.00 0.00 0.00 -26.25 0.00 -62.89 0.00 64.41 -43.47 -55.64 -90.54 0.00 -71.61 32.74 54.02 46.15 3.97 0.00 0.00 0.00 -33.37 -10.15 0.00 -36.67 -16.08 -95.35 -12.67 -99.99 -47.42 43.45 -16.94 0.00 63.30 0.00 25.20 -39.65 0.00 38.67 0.00
47.33 0.00 45.68 0.00 0.00 -44.29 0.00 0.00 -35.40 0.00 -51.01 0.00 10.21 38.35 23.31 11.83 -67.92 67.67 0.00 21.29 0.00 -2.31 0.00 37.61 12.52 -56.17 0.00 0.00 0.00 0.00 -21.22 -83.65 70.89 0.00 0.00 79.33 0.00 0.27 0.00 0.00 0.00 0.00 0.00 0.00 75.55 0.00 0.00 0.00 0.00 0.00 -33.35 0.00 37.50 0.00 0.00 0.00 -34.67 -89.91 0.00 0.00 -42.24 -71.38 72.51 0.00 0.00 55.33 0.00 -95.51 0.00 57.04 1.00 0.00 -39.80 0.00 0.00 -78.37 0.00 87.20 70.42 97.19 0.00 0.00 0.00 10.50 0.00 19.45 0.00 0.00 0.00 0.00 0.00 0.00 0.00 0.00 -70.73 0.00 0.00 15.37 -59.27 0.00
0.00 0.00 0.00 26.96 -9.82 90.46 0.00 0.00 -92.01 0.00 0.00 68.96 -55.99 0.00 78.88 0.00 0.00 48.28 0.00 0.00 0.00 0.00 0.00 44.29 91.63 0.00 -47.86 18.99 -43.05 0.00 -0.56 0.00 76.75 0.00 0.00 0.00 0.00 22.79 0.00 0.00 0.00 -28.06 32.07 0.00 0.00 0.00 0.00 27.28 0.00 -71.02 -66.94 -75.31 0.00 -49.39 -79.75 -67.69 -52.20 0.00 67.96 0.00 0.00 0.00 0.00 51.76 0.00 14.28 -16.68 0.00 0.00 -70.31 -21.56 0.00 73.50 0.00 0.00 0.00 -79.85 0.00 -13.57 79.67 1.37 2.51 0.00 0.00 0.00 27.94 -54.35 0.00 0.00 -5.86 0.00 -82.72 -98.16 0.00 0.00 0.00 51.09 0.00 16.73 78.60
11.08 88.67 10.66 0.00 0.00 0.00 0.00 0.00 0.00 -61.64 0.00 0.00 0.00 0.00 -45.15 80.94 0.00 -36.95 42.68 0.00 0.00 -61.61 0.00 0.00 0.00 -4.64 -72.32 -93.65 0.00 0.00 0.00 0.00 0.00 0.00 0.00 -15.68 0.00 41.96 0.00 0.00 0.00 0.00 0.00 0.00 26.88 0.00 14.01 -79.61 0.00 0.00 37.59 71.37 0.00 0.00 0.00 0.00 0.00 0.00 0.00 0.00 44.03 17.25 -27.26 -53.47 -17.61 0.00 0.00 0.00 0.00 0.00 0.00 0.00 0.00 0.00 0.00 0.00 55.60 0.00 0.00 0.00 0.00 40.67 0.00 -0.32 0.00 57.45 28.97 -83.60 0.00 0.00 73.25 -59.96 -57.73 -16.10 -21.60 0.00 34.34 0.00 -35.17 0.00
0.00 0.00 78.66 -22.99 3.23 11.22 4.69 0.00 0.00 0.00 0.00 46.79 95.54 -16.15 0.00 0.00 0.00 0.00 -26.34 46.76 0.00 41.45 -51.55 0.00 0.00 18.12 0.00 -14.53 65.70 0.00 -71.94 0.00 0.00 0.00 0.00 69.21 -14.70 0.00 83.67 0.00 0.00 9.88 84.98 78.32 -61.16 -61.42 0.00 0.00 51.56 0.00 0.00 16.09 0.00 18.06 0.00 0.00 -27.34 -68.30 0.00 -47.61 0.00 0.00 0.00 37.50 -89.65 29.40 0.00 -22.07 58.79 0.00 -28.71 0.00 -38.08 54.32 0.00 55.14 72.79 0.00 1.07 33.79 -78.76 -43.60 -80.75 -75.86 0.00 0.00 0.00 0.00 -15.54 88.47 0.00 9.44 5.33 0.00 35.55 31.62 0.00 20.85 -88.41 0.00
70.20 0.00 9.61 27.68 -11.74 0.00 0.00 82.28 0.00 0.00 59.38 0.00 77.86 0.00 0.00 56.98 0.00 -93.06 0.00 7.26 0.00 0.00 -27.89 0.00 0.00 65.73 78.55 0.00 0.00 34.03 0.00 0.00 0.00 20.04 70.90 6.81 0.00 0.00 0.00 0.00 -41.68 0.00 4.68 65.26 0.00 51.93 0.00 23.94 0.00 89.41 0.00 0.00 -26.41 0.00 0.00 49.61 36.05 -83.87 22.36 -32.33 36.98 33.95 0.00 -24.93 0.00 -16.20 -1.17 -99.47 -33.93 -41.79 78.40 0.00 0.00 0.00 -76.96 -34.85 22.86 32.36 -31.92 0.00 0.00 1.40 -33.62 0.00 0.00 -74.68 0.00 -27.71 -89.61 0.00 20.85 0.00 76.98 75.66 0.00 -27.23 0.00 0.00 0.00 38.12
0.00 -97.74 83.58 0.00 0.00 24.93 0.00 0.00 0.00 38.31 99.71 0.00 0.00 -52.72 -56.82 0.00 73.89 -81.57 18.26 -42.32 17.26 0.00 56.00 23.75 -87.33 0.00 0.00 34.39 0.00 84.00 0.00 15.03 -5.55 0.00 53.56 0.00 83.11 0.00 0.00 0.00 95.86 -80.07 -91.57 5.35 -32.46 29.28 19.53 0.00 0.00 -56.81 0.00 -60.74 -5.15 0.00 0.00 -17.34 0.00 -77.17 0.00 -43.02 -79.04 0.00 -77.47 41.47 0.00 0.00 0.00 -35.85 0.00 0.00 96.42 59.90 0.00 -80.39 -8.69 14.37 -87.19 0.00 0.00 0.00 -47.74 0.00 0.00 27.04 0.00 47.21 -63.74 0.00 0.00 -57.93 -21.14 0.00 0.00 0.00 0.00 89.82 0.00 0.00 -37.62 -25.29
-53.04 8.02 -82.73 0.00 51.71 0.00 -62.70 0.00 36.80 -67.90 0.00 13.77 -31.14 14.76 36.60 25.84 0.00 0.00 0.00 0.00 35.72 96.34 0.00 -32.69 0.00 -62.93 92.75 0.00 0.00 -35.59 -6.11 0.00 0.00 -15.95 0.00 0.00 78.78 0.00 0.00 0.00 6.71 73.53 43.03 0.00 0.00 -8.88 0.00 0.00 -90.22 85.10 69.98 0.00 0.00 -63.20 -15.32 0.00 -18.10 0.00 20.97 92.71 0.00 0.00 0.00 0.00 0.00 0.00 0.00 -0.83 0.00 0.00 -27.33 -32.79 0.00 0.00 -26.83 0.00 4.77 80.98 79.24 0.00 -80.48 0.00 17.57 5.08 0.00 92.46 0.00 0.00 0.00 13.90 -90.41 -33.27 0.00 43.85 -26.00 0.00 0.00 97.84 0.00 -34.89
-47.22 4.54 0.00 0.00 -61.37 95.81 -67.14 -14.38 -81.90 0.00 0.00 0.00 0.00 0.00 -97.17 59.63 0.00 0.00 0.00 2.78 21.94 -19.40 32.69 0.00 -78.90 90.48 99.90 31.49 32.46 80.87 0.00 0.00 10.72 89.19 35.64 -47.00 81.64 -13.26 -37.41 0.00 0.00 0.00 -14.42 0.00 -69.41 0.00 36.60 -16.59 32.91 -73.42 -74.85 0.00 71.54 -77.62 0.00 0.00 0.00 0.00 0.00 -41.99 -5.64 -22.31 0.00 -39.16 -46.02 -82.33 82.79 0.00 0.00 71.79 50.37 -58.91 0.00 62.27 0.00 87.47 -90.22 0.00 0.00 0.00 0.00 31.93 68.34 20.51 0.00 0.00 0.00 21.11 41.18 0.00 0.00 -89.29 39.96 -72.08 -26.69 0.00 -74.47 -41.49 -52.89 46.15
0.00 0.00 91.42 -26.31 71.30 -99.85 33.28 0.00 -70.70 0.00 -5.49 0.00 -89.04 0.00 0.00 27.35 85.70 -34.16 10.13 57.49 0.00 0.00 -83.80 88.44 56.96 0.00 0.00 -59.12 98.22 -11.12 0.00 0.00 0.00 -90.79 0.00 55.93 0.00 0.00 -90.02 50.39 0.00 66.65 0.00 49.94 -84.49 -22.84 0.00 0.00 0.00 0.00 -87.33 0.00 -25.98 0.00 24.27 58.82 2.64 -64.84 30.11 0.00 40.00 0.00 68.44 0.00 0.00 59.41 -65.50 0.00 -83.40 0.00 0.00 0.00 -13.24 0.00 -79.80 0.00 -17.56 0.00 0.00 -65.91 0.00 0.00 0.00 0.00 0.00 -85.11 35.86 -77.48 0.00 0.00 0.00 0.00 0.00 71.85 0.00 76.74 -42.05 -39.28 -76.85 0.00
-48.92 7.91 0.00 -89.26 -45.07 0.00 -42.15 0.00 -73.74 0.00 32.09 0.00 -29.48 37.49 0.00 0.00 -6.44 -70.66 0.00 0.00 -59.87 65.93 59.45 0.00 0.00 80.13 34.36 56.07 -48.16 0.00 0.00 0.00 88.17 0.00 0.00 0.00 0.00 -57.18 0.00 9.25 7.82 0.00 14.12 0.00 0.00 0.00 0.00 24.14 0.00 0.00 0.00 0.00 -19.12 36.65 0.00 33.19 0.00 0.00 -5.18 -68.20 93.91 17.97 -17.12 39.02 0.00 0.00 0.00 65.92 0.00 0.00 37.82 0.00 0.00 0.00 0.00 0.00 0.00 0.00 0.00 0.00 0.00 96.87 92.18 7.11 0.00 0.00 0.00 4.60 0.00 66.88 -62.12 71.15 -55.79 -96.20 0.00 0.00 0.00 0.00 0.00 0.00
67.80 -38.46 0.00 0.00 0.00 38.17 23.86 13.38 63.54 0.00 -96.12 0.00 -40.17 -28.65 18.01 0.00 0.00 -78.83 89.44 0.00 0.00 0.00 0.00 -8.14 0.00 0.00 54.36 -15.75 0.00 0.00 0.00 0.00 23.66 0.00 0.00 0.00 85.47 0.00 -97.79 -56.26 24.49 -94.66 81.56 0.00 0.00 58.56 97.52 25.88 0.00 -36.85 -98.41 63.76 0.00 0.00 -28.50 0.00 -54.20 0.00 67.56 -60.70 7.35 42.93 -99.64 -79.28 0.00 0.00 6.47 0.00 -58.54 17.77 0.00 0.00 0.00 0.00 0.00 -84.98 59.47 38.94 0.00 -95.54 0.00 0.00 -11.47 0.00 -6.70 -11.29 -87.82 0.00 -21.24 28.14 0.00 0.00 -6.87 0.00 0.00 0.00 0.00 -96.76 0.00 33.48
11.90 0.00 99.02 68.20 0.00 0.00 0.00 0.00 0.00 0.00 -62.23 0.00 0.00 -0.63 69.80 -61.27 0.00 70.88 0.00 0.00 -84.41 0.00 0.00 0.00 0.00 0.00 0.00 0.00 0.00 -93.72 0.00 0.00 0.00 0.00 0.00 0.00 -52.62 0.00 0.00 22.94 86.43 -15.05 80.88 0.00 -7.11 0.00 0.00 26.41 -1.36 0.00 0.00 45.12 23.08 0.00 0.00 -62.43 86.79 0.00 0.00 0.00 -88.40 68.08 0.00 12.71 -39.01 0.00 -53.16 0.00 0.00 0.00 -59.16 0.00 54.13 0.00 -12.71 -88.48 0.00 0.00 0.00 0.00 0.00 0.00 0.00 0.00 -33.98 -13.70 79.72 41.00 85.68 86.72 79.73 93.76 0.00 0.00 0.00 0.00 -60.48 86.01 -58.87 0.00
99.67 0.00 72.43 0.00 0.00 0.00 0.00 26.08 0.00 0.00 0.00 80.54 0.00 0.00 0.00 2.52 -10.30 16.38 0.00 0.00 0.00 -15.15 0.00 -87.23 91.17 0.00 0.00 -28.37 0.00 0.00 0.00 0.00 0.00 0.00 0.00 0.00 -75.62 59.24 84.34 0.00 -14.63 0.00 0.00 -56.72 -37.62 0.00 0.00 0.00 -23.30 67.79 0.00 0.00 -26.10 0.00 0.00 42.72 -45.92 0.00 0.00 0.00 0.00 -9.17 -16.29 0.00 0.00 -23.04 0.00 0.00 0.00 -22.46 0.64 0.00 0.00 0.00 0.00 0.00 0.00 7.92 54.27 -13.35 49.05 53.94 0.00 -3.72 12.34 0.00 34.47 0.00 0.00 0.00 -63.99 0.00 0.00 -97.97 0.00 -11.94 0.00 58.07 0.00 -47.99
0.00 0.00 0.00 0.00 0.00 -20.78 0.00 -70.31 0.00 0.00 0.00 -23.61 -24.34 -48.76 0.00 0.00 0.00 98.98 0.00 0.00 56.16 50.83 -24.33 0.00 0.00 23.94 -75.27 -44.40 -84.78 52.77 0.00 39.31 0.00 -7.81 0.00 -32.49 0.00 -22.84 0.00 -62.69 0.00 -78.22 0.00 63.81 86.37 75.72 0.00 -2.71 35.91 47.39 0.00 0.00 0.00 0.00 0.00 70.51 75.15 -64.56 28.57 -72.85 0.00 0.00 51.87 0.00 0.00 0.00 95.48 40.76 -72.47 -16.08 39.73 -79.11 -65.26 0.00 -84.61 44.83 -3.32 0.00 -29.01 60.05 0.00 0.00 0.00 0.00 0.00 0.00 -50.56 0.00 -52.49 -10.56 0.00 0.00 0.00 54.17 24.67 26.76 75.95 0.00 0.00 0.00
0.00 0.00 25.68 50.33 0.00 0.00 0.00 0.00 0.00 51.66 0.00 -39.83 0.00 0.00 -13.77 36.25 0.00 0.00 0.00 0.00 0.00 0.00 0.00 0.00 -32.11 0.00 0.00 0.00 0.00 -1.42 0.00 0.00 71.70 0.00 0.00 -66.34 25.73 60.77 -70.87 0.00 0.00 -33.52 0.00 -74.50 50.26 0.00 0.00 -56.59 0.00 -53.61 -77.79 -41.19 91.22 18.89 67.01 51.27 0.00 -94.46 0.00 -48.28 0.00 -22.09 0.00 59.71 -86.41 -95.34 72.86 0.00 76.48 0.00 0.00 92.20 24.51 0.00 -26.14 15.63 -39.25 41.75 0.00 0.00 0.00 -85.80 0.00 0.00 -30.35 0.00 75.41 0.00 77.15 0.00 0.00 -69.58 -58.25 0.00 -56.38 0.00 0.00 -44.08 0.00 -70.79
0.00 0.00 -12.96 0.00 0.00 0.00 2.32 0.00 0.00 -48.58 0.00 83.06 30.74 -92.48 0.00 0.00 0.00 0.00 0.00 0.00 87.27 0.00 19.21 -86.94 0.00 -23.80 0.00 0.00 0.00 97.13 0.00 -90.03 0.00 0.00 -10.21 0.00 -61.01 0.00 82.83 3.48 0.00 0.00 0.00 0.00 0.00 0.00 0.00 -68.81 44.54 0.00 0.00 0.00 77.34 46.82 -57.51 56.29 61.03 49.36 68.90 38.17 79.78 0.00 0.00 0.00 0.00 -89.36 0.00 -81.01 -27.10 -22.93 0.00 43.24 0.00 75.22 0.00 28.49 0.00 0.00 26.29 43.17 0.00 0.00 0.00 0.00 36.01 50.77 -37.63 0.00 86.28 0.00 0.00 0.00 -73.04 0.00 -40.51 0.00 0.00 96.25 0.00 53.96
35.70 0.00 -83.73 -42.57 66.89 98.02 0.00 -28.03 0.00 50.91 0.00 -59.49 0.00 -34.54 0.00 11.93 0.00 89.87 0.00 0.00 0.00 0.00 0.00 0.00 -65.64 0.00 -12.70 0.00 -93.16 -17.79 0.00 0.00 0.00 0.00 0.00 0.00 0.00 43.51 -20.26 59.28 0.00 -13.26 -7.83 0.00 24.98 -49.76 0.00 0.00 -64.67 0.00 0.00 0.00 -39.02 0.00 0.00 0.00 -99.00 -2.30 0.00 -15.53 -34.83 94.41 0.00 0.00 0.00 17.92 0.00 0.00 0.00 -80.88 0.00 30.10 0.00 0.00 0.00 34.20 13.77 34.19 32.21 0.00 0.00 0.00 0.00 85.74 0.00 0.00 0.00 -14.91 -90.08 0.00 0.00 -11.59 0.00 0.00 -65.77 -63.01 22.77 0.00 58.74 0.00
0.00 -56.17 -57.82 0.00 0.00 0.00 2.24 0.00 23.58 0.00 -98.54 0.00 0.00 0.00 0.00 0.00 -73.81 0.00 0.00 0.00 -47.05 0.00 26.44 0.00 -23.57 0.00 25.49 0.00 -75.38 0.00 0.00 14.64 -39.61 46.30 0.00 0.00 79.81 0.00 0.00 -45.21 0.00 -35.78 0.00 98.93 0.00 0.00 -77.91 0.00 -64.38 0.00 0.00 49.90 0.00 0.00 0.00 0.00 56.28 -94.97 0.00 0.00 35.64 0.00 0.00 0.00 -21.42 -85.04 0.00 -75.96 12.81 -48.05 84.02 8.75 0.00 0.00 0.00 0.00 33.00 -73.81 0.00 0.00 -89.01 0.00 0.00 -43.43 0.00 -35.14 -25.61 46.73 0.00 0.00 0.00 -71.50 0.00 0.00 0.00 0.00 88.03 0.00 0.00 -27.79
-9.66 0.00 0.00 0.00 0.00 0.00 0.00 0.00 2.66 32.60 0.00 0.00 -63.37 19.67 0.00 0.00 0.00 0.00 -75.40 0.00 0.00 0.85 55.80 0.00 -53.31 0.00 36.47 0.00 5.70 0.00 0.00 -59.82 78.72 -21.46 0.00 18.76 0.00 0.00 93.68 0.00 0.00 0.00 39.79 0.00 0.00 0.00 0.00 0.00 0.00 -31.23 0.00 0.00 -17.17 23.80 77.52 0.00 0.00 -84.18 0.00 0.00 0.00 0.00 0.00 0.00 87.20 -74.29 0.00 9.60 0.00 0.00 -47.94 0.10 -43.68 -19.44 0.00 0.00 0.00 -11.88 0.00 0.00 0.00 0.00 65.74 0.00 0.00 70.90 0.00 -72.02 -1.66 0.00 -55.26 0.00 0.00 0.00 0.00 47.65 0.00 0.00 0.00 22.94
0.00 45.59 40.66 0.00 -93.17 19.27 0.00 -53.65 0.00 0.00 0.00 -15.78 0.00 35.19 24.89 -59.82 28.86 -35.33 0.00 0.00 0.00 8.95 -51.11 0.00 0.00 0.00 0.00 0.00 0.00 -74.33 0.00 23.68 0.00 -35.28 0.00 -87.14 0.00 0.00 0.00 86.60 0.00 74.32 2.13 23.91 0.00 0.00 -32.15 0.00 0.00 82.70 -87.98 -66.42 90.80 0.00 0.00 -22.78 69.13 -27.26 0.00 -37.93 29.27 0.00 -44.46 -97.28 0.00 36.11 74.81 -50.93 -42.47 9.99 0.00 -88.84 0.00 -2.28 0.00 0.00 -23.95 0.00 0.00 13.04 0.00 -56.13 24.94 0.00 38.71 0.00 0.00 0.00 0.00 67.55 -73.14 88.79 91.36 0.00 -61.61 0.00 -9.09 0.00 15.26 43.45
0.00 10.81 64.49 0.00 -85.77 0.00 0.00 0.00 1.61 0.00 0.00 0.00 0.00 0.00 -58.30 0.00 83.37 74.35 0.00 3.78 0.00 0.00 0.00 12.63 0.00 -70.12 6.50 0.00 -14.06 -58.11 0.00 0.00 0.00 92.79 43.48 89.09 -96.06 0.00 -21.60 2.34 0.00 16.99 0.00 22.27 0.00 0.00 0.00 -35.51 0.00 -7.10 0.00 27.03 0.00 28.56 0.00 0.00 0.00 0.00 0.00 -18.32 0.00 18.38 66.95 -90.20 0.00 -66.37 10.39 20.61 0.00 98.12 0.00 24.63 0.00 -77.79 0.00 0.00 0.00 -22.97 45.20 -66.23 80.81 0.00 0.00 -4.97 0.00 0.00 0.00 0.00 0.86 -12.70 0.00 0.00 0.00 80.98 79.97 0.00 17.29 0.00 61.66 -93.75
21.24 -59.95 45.81 -24.57 62.32 -89.71 0.00 0.00 -94.47 26.55 38.85 0.00 24.43 0.00 0.00 0.00 0.00 -55.08 0.00 43.01 0.00 0.00 34.23 15.76 0.00 -9.40 0.00 -45.17 51.09 -47.57 0.00 14.26 -71.89 97.63 85.24 0.00 -91.09 -7.34 0.00 0.00 0.00 -13.91 0.00 0.00 33.42 10.84 3.26 0.00 -49.29 0.00 0.00 -27.51 0.00 46.73 -90.85 0.00 49.75 0.00 0.00 -7.47 21.79 49.27 0.00 0.00 0.00 40.03 0.00 27.32 -24.18 16.08 -48.26 0.00 0.00 57.95 -40.92 0.00 0.00 0.00 85.97 -26.29 0.00 0.00 49.69 -21.99 0.00 0.00 -75.21 -60.68 0.00 0.00 92.27 -9.89 -63.05 0.00 0.00 77.50 0.00 -0.98 29.61 0.00
0.00 0.00 0.79 0.00 0.00 0.00 0.00 -30.36 -22.35 0.00 -58.74 20.35 50.14 0.00 0.00 0.00 0.00 87.99 66.71 -0.12 0.00 0.00 17.72 -11.51 0.00 -50.86 -42.26 -84.19 0.00 0.00 0.00 24.96 73.82 0.00 4.76 0.00 -17.09 -29.89 0.00 0.00 27.94 93.83 0.00 0.00 -43.00 0.00 -94.06 -44.18 -3.68 0.00 98.21 45.93 70.48 75.70 0.00 0.00 0.00 0.00 0.00 -17.85 37.29 13.69 0.00 0.00 51.79 0.00 -85.07 54.95 0.00 0.00 0.00 0.00 0.00 9.35 0.00 65.07 80.14 0.00 -23.95 2.15 -2.15 0.00 0.00 64.55 0.00 0.00 0.00 51.30 0.00 55.59 -82.44 13.46 0.00 0.00 0.00 0.00 66.62 0.00 22.32 0.00
-66.43 0.00 0.00 -26.07 0.00 0.00 0.00 -49.75 0.00 -35.40 30.93 0.00 0.00 0.00 0.00 -43.81 0.00 20.42 -35.55 -8.40 0.00 0.00 3.55 0.00 0.00 0.00 -65.07 4.50 85.70 72.22 -81.81 0.00 74.70 87.16 0.00 73.14 -15.96 52.22 53.28 97.30 0.00 -8.42 0.00 0.00 0.00 -11.67 0.00 0.00 0.00 0.00 99.05 -19.92 0.00 0.00 0.00 0.00 0.00 0.00 0.00 0.00 0.00 0.00 -18.87 0.00 -46.19 0.00 0.00 0.00 93.54 -52.26 76.14 0.00 -35.68 0.00 21.67 0.00 0.00 0.00 0.00 -36.41 66.13 0.00 -10.20 0.00 57.00 -13.45 54.25 0.00 0.00 0.00 0.00 0.00 0.00 -51.41 -72.70 89.18 90.31 0.00 0.00 0.00
-87.00 0.00 98.61 -91.51 0.00 -75.10 0.00 0.00 0.00 0.00 0.00 85.76 -81.17 8.94 75.18 0.00 -90.69 0.00 0.00 0.00 43.44 -33.25 -2.35 79.70 46.83 78.78 0.00 -66.50 0.00 77.58 -36.28 -53.16 0.00 -20.90 0.00 0.00 0.00 0.00 0.00 -77.41 10.44 0.00 0.00 0.00 -54.78 0.00 0.00 12.39 0.00 4.64 68.98 3.84 0.00 90.44 0.00 0.00 0.00 96.29 30.23 0.00 80.74 0.00 -53.51 28.83 0.00 89.23 -28.61 51.79 0.00 -54.73 0.00 0.00 0.00 -82.47 26.96 -45.42 0.00 60.97 -69.08 89.44 40.66 0.00 -85.05 68.21 0.00 -88.63 -70.27 -68.08 -41.79 8.83 0.00 0.00 -8.28 0.00 68.65 0.00 0.00 91.27 -95.90 10.49
97.45 45.16 0.93 0.00 0.00 0.00 0.00 93.73 0.00 -24.62 -18.34 0.00 0.00 0.00 -22.58 -58.59 0.00 0.00 8.10 0.00 48.81 0.00 0.00 0.00 0.00 0.00 93.20 0.00 53.37 -96.46 0.00 0.00 0.00 57.36 -54.85 -98.28 -74.52 0.00 -65.41 0.00 0.00 0.00 0.00 0.00 79.59 0.00 -22.35 -97.21 0.00 90.96 7.38 -28.07 -50.83 -46.58 -99.15 -44.98 -18.11 0.00 0.00 0.00 -95.04 65.52 0.00 0.00 -20.67 0.00 0.00 87.33 0.00 -33.56 10.27 0.00 -0.09 0.00 48.10 87.69 0.00 41.32 0.00 0.00 0.00 -6.60 0.00 73.71 71.72 -53.24 0.00 77.25 0.00 0.00 66.28 0.00 -8.08 0.00 0.00 0.00 78.97 -71.03 26.51 58.56
6.62 66.51 0.00 0.00 0.00 0.00 86.72 0.00 -86.01 -24.36 -64.12 0.00 4.62 -23.50 -9.09 86.51 0.00 18.67 0.00 -43.58 0.00 0.00 0.00 0.00 0.00 0.00 -34.16 43.20 0.00 0.00 60.07 -86.69 0.00 -56.90 0.00 8.16 -99.01 -78.38 -61.23 0.00 0.00 -88.10 0.00 0.00 93.34 0.00 0.00 -14.47 0.00 0.00 0.00 89.16 0.00 96.82 0.00 0.00 0.00 -85.35 0.00 0.00 0.00 -94.68 -74.22 78.37 -98.92 0.00 0.00 0.00 0.00 69.61 82.09 87.81 0.00 0.00 0.00 83.61 -42.28 -39.11 0.00 25.43 0.00 71.43 0.00 51.80 11.94 27.30 0.00 -54.58 0.00 0.00 0.00 0.00 0.00 0.00 0.00 0.00 0.00 -85.02 -29.51 -94.52
-71.71 0.00 0.00 13.59 50.86 0.00 0.00 0.00 -33.51 35.21 0.00 89.63 -21.60 65.75 12.36 0.00 0.00 4.76 99.78 0.00 0.00 0.00 27.02 47.29 0.00 -37.24 0.00 0.00 0.00 0.00 5.38 0.00 48.38 0.00 -67.63 24.67 0.00 73.39 -46.82 0.00 0.00 0.00 0.00 0.00 82.40 -65.73 0.00 78.61 0.00 0.00 91.03 -76.72 -9.46 55.54 -31.30 42.73 -73.98 -25.81 71.02 0.00 0.00 0.00 76.83 -74.96 0.00 0.00 -62.49 49.24 0.00 0.00 -48.13 0.00 53.12 52.20 0.00 64.23 -42.13 0.00 0.00 0.00 51.97 0.00 -8.76 -57.64 -85.28 -66.17 90.74 -15.70 0.00 58.50 -98.68 37.48 78.10 -64.40 53.30 -93.67 0.00 -41.12 -18.96 0.00
61.87 0.00 0.00 0.00 0.00 0.00 0.00 64.79 0.00 0.00 0.00 -76.23 87.89 -61.03 94.79 0.00 -98.09 1.22 -30.50 0.00 0.00 51.16 90.30 -77.39 0.00 0.00 0.00 0.00 0.00 0.00 3.35 54.53 17.69 -7.48 0.00 0.00 -17.03 60.06 44.45 54.01 88.00 0.00 0.00 -71.25 12.51 89.33 0.00 0.00 0.00 -96.57 0.00 0.00 27.81 -37.87 0.00 0.00 56.73 0.00 34.14 58.22 0.00 0.00 -62.23 33.21 23.00 -38.46 58.31 99.19 0.00 0.00 -6.47 60.22 37.61 0.00 0.00 -99.76 0.00 11.37 27.91 0.00 -77.15 -48.08 0.00 -17.57 0.00 77.76 0.00 0.00 44.44 65.40 37.81 -11.11 0.00 0.00 0.00 0.00 0.00 0.00 19.41 0.00
0.00 63.01 0.00 0.00 0.00 17.64 -30.88 52.33 0.00 58.28 -65.87 0.00 0.00 -48.34 15.01 0.00 0.00 68.28 -52.92 89.99 38.69 0.00 0.00 0.00 70.09 0.00 0.00 0.00 0.00 -11.27 -3.01 -93.53 82.26 0.00 0.00 0.00 -42.79 44.08 82.50 68.58 -28.02 0.00 -57.44 0.00 0.00 0.00 0.00 -42.29 0.00 54.41 0.00 0.00 0.00 0.00 0.00 -79.69 -97.86 57.02 0.00 0.00 95.33 0.00 -8.97 0.00 13.63 0.00 0.00 58.33 0.00 -54.13 -80.05 10.66 -95.85 -45.92 99.53 0.00 0.00 0.00 0.00 56.37 0.00 -40.44 -53.39 0.00 0.00 0.00 46.35 0.00 0.00 0.00 98.26 -46.10 0.00 0.00 0.00 -64.93 0.00 0.00 0.00 0.00
0.00 0.00 -4.76 -39.63 -45.47 52.45 -95.56 0.00 -25.76 0.00 0.00 58.24 0.00 0.00 -23.57 0.00 16.80 0.00 -46.85 -31.96 0.00 37.11 0.00 -44.71 -37.74 0.00 69.64 83.54 0.00 0.00 -86.91 0.00 27.96 0.00 0.00 0.00 -33.39 0.00 0.00 -29.75 0.00 -24.18 0.00 -29.24 24.34 -24.65 0.00 0.00 -72.88 0.00 0.00 0.00 0.00 0.00 0.00 0.00 -78.90 0.00 0.00 21.96 0.00 -89.33 -80.65 0.00 -86.94 -54.26 51.81 -26.57 37.49 0.00 0.00 41.46 -22.13 -88.28 0.00 0.00 36.90 91.51 0.00 28.52 0.00 90.05 0.00 -3.24 2.83 0.00 0.00 -17.45 96.23 0.00 -27.54 0.00 -33.92 0.00 0.00 -90.68 -99.59 32.69 -20.43 -23.76
-59.34 0.00 0.00 -58.89 88.80 0.00 0.00 4.99 -0.57 0.00 0.00 0.00 0.00 0.00 47.96 15.67 0.00 18.78 0.00 0.00 0.00 61.02 0.00 0.00 98.62 0.00 0.00 7.79 0.00 -65.56 0.00 36.10 0.00 -13.54 49.52 0.00 47.82 0.00 -76.65 78.24 13.54 0.00 -49.39 12.20 0.00 0.00 -46.43 0.00 33.16 8.42 26.03 -63.56 0.00 0.00 0.00 54.95 0.00 63.66 0.00 69.13 0.00 0.00 0.00 0.00 0.00 0.00 -28.27 0.00 0.00 0.00 -22.90 0.00 0.00 0.00 0.00 -53.01 0.00 0.00 0.00 0.00 0.00 0.00 0.00 0.00 0.00 50.05 3.10 0.00 0.00 0.00 51.99 -50.53 0.00 -48.95 0.00 4.86 0.00 -94.54 -87.94 0.00
0.00 40.68 0.00 13.25 0.00 -16.29 0.00 -23.22 -63.09 0.00 -29.57 -38.20 0.00 0.00 0.00 0.00 -39.73 -51.34 0.00 -87.45 10.88 0.00 0.00 0.00 0.00 98.07 0.00 -33.88 -18.76 0.00 6.49 -70.64 0.00 0.00 17.68 -1.36 0.00 0.00 -69.78 24.01 0.00 -92.43 0.00 44.53 0.00 0.00 71.01 0.00 57.63 -52.38 22.99 -92.91 -1.33 0.00 -34.95 -87.45 0.00 47.94 0.00 -94.28 63.02 -68.36 19.71 0.00 0.00 99.93 39.28 0.00 0.00 81.52 -2.60 0.00 87.95 -68.73 -54.52 0.00 -76.79 0.00 34.60 0.00 26.72 29.70 0.00 0.00 0.00 63.96 -18.40 -34.45 -68.62 0.00 0.00 0.00 0.00 -94.39 -26.88 75.91 76.62 0.00 -69.26 0.00
0.00 0.00 0.00 -76.48 36.81 0.00 0.00 -24.95 59.40 -98.15 0.00 24.81 7.33 0.00 0.00 -55.22 25.03 0.00 76.18 0.00 64.50 0.00 24.96 0.00 15.46 0.00 0.00 83.22 0.00 -40.44 40.61 -85.52 0.00 0.00 0.00 42.26 63.82 49.08 -31.03 0.00 0.00 0.00 30.73 0.00 50.25 87.79 0.00 0.00 0.00 96.28 0.00 -81.17 93.40 6.60 94.75 0.00 70.01 0.00 37.35 -81.74 0.00 44.02 -50.40 0.00 0.00 77.67 83.08 0.00 0.00 74.41 0.00 22.20 0.00 -72.15 -0.56 0.00 -1.62 0.00 -70.45 0.00 -38.40 -86.17 -87.24 58.37 0.00 0.00 54.44 0.00 -35.55 0.62 0.00 0.00 18.25 0.00 0.00 0.00 -49.26 -93.20 0.00 -51.03
0.00 -61.81 0.00 94.59 0.00 0.00 -17.55 0.00 -42.98 0.00 0.00 0.00 -74.82 0.00 89.06 -48.24 0.00 0.00 -67.61 63.61 7.24 76.41 0.00 -49.59 22.11 96.69 -75.19 -55.70 0.00 0.00 0.00 -75.47 61.46 0.00 79.89 -45.91 -39.74 0.00 93.72 4.06 -44.16 0.00 0.00 85.36 0.00 -94.28 56.46 40.82 0.00 0.00 -43.54 0.00 -99.54 0.00 0.00 -73.01 0.00 31.86 -67.75 9.45 0.00 88.88 0.00 0.00 -42.57 0.00 0.00 0.00 35.71 0.00 -22.15 0.00 -10.18 -0.69 -77.71 3.43 49.72 44.40 0.11 0.00 0.00 -88.27 0.00 -74.10 0.00 0.00 0.00 0.00 0.00 24.65 -89.60 -57.00 -84.06 0.00 7.87 -63.29 57.21 63.71 0.00 0.00
0.00 -40.72 62.93 57.38 0.00 -99.91 -43.41 95.05 -72.92 -74.35 -72.70 73.74 -85.47 -15.27 0.00 9.44 29.59 -88.24 -54.05 51.88 15.19 95.67 0.00 0.00 0.00 33.48 0.00 -84.70 -55.39 0.00 59.38 0.00 0.00 0.00 0.00 0.00 0.00 0.00 77.16 -7.78 0.00 -97.63 -69.70 0.00 0.00 -99.92 0.00 0.00 -23.70 0.00 0.00 -75.29 -99.00 72.79 -75.15 0.00 0.00 0.00 58.38 0.00 72.88 0.00 0.00 -18.56 0.00 0.00 0.00 53.42 0.00 -62.84 0.00 0.00 0.00 44.31 -82.08 0.00 -89.10 58.84 2.66 20.34 0.00 25.63 0.00 51.63 0.00 66.30 -22.50 0.00 -33.19 99.17 0.00 -89.03 19.32 -19.02 0.00 -92.45 0.00 0.00 -3.53 0.00
73.20 -52.86 26.77 0.00 73.29 0.00 0.00 0.00 0.00 60.65 0.00 88.70 74.29 0.00 0.00 33.43 0.00 0.00 -86.46 69.87 6.30 0.00 0.00 0.00 0.00 0.00 32.19 60.49 80.67 0.00 -23.51 78.42 0.00 0.00 91.57 0.00 0.00 -27.47 0.00 0.00 0.00 18.28 49.12 98.16 0.00 -30.10 0.00 0.00 52.62 12.86 0.00 0.00 0.00 0.00 0.00 73.92 51.78 0.00 0.00 23.83 0.00 0.00 0.00 -6.76 -30.03 68.60 89.71 -56.84 0.00 0.00 -47.06 0.00 53.69 -46.35 -86.42 42.38 -34.86 0.00 0.00 47.01 55.92 0.00 0.00 -65.00 -9.49 0.00 25.31 -67.30 0.00 -28.83 -98.20 -51.68 0.00 -0.05 -25.67 66.60 -50.94 9.70 -26.30 -61.12
0.00 -77.45 -52.39 -72.14 83.60 0.00 40.85 0.00 0.00 -2.17 89.40 67.77 41.00 -57.67 0.00 0.00 0.00 21.45 0.00 -68.15 -44.09 0.00 0.00 0.00 0.00 1.03 0.00 -3.00 0.00 -59.88 0.00 -5.85 0.00 0.00 69.21 67.84 -80.55 0.00 0.00 -98.10 -23.79 0.00 -78.75 0.00 0.00 -12.57 0.00 -86.64 0.00 0.00 32.80 0.00 -45.98 0.00 0.00 0.00 -37.58 -57.51 0.00 27.72 38.51 2.25 0.00 -87.46 66.38 0.00 0.00 -14.16 53.39 -35.80 0.00 0.00 12.44 0.00 21.15 -57.60 0.00 54.77 0.00 0.00 -20.20 0.00 0.00 -25.74 -52.12 -81.97 0.00 -91.54 0.00 0.00 25.21 12.18 77.67 0.00 -6.96 68.85 -83.22 0.00 0.00 0.00
0.00 0.00 -93.54 0.00 0.00 90.10 41.42 0.00 -80.18 60.10 0.00 0.00 0.00 0.00 0.00 95.45 19.46 0.00 0.00 0.00 -60.21 60.37 -42.04 79.26 0.00 -89.89 -75.67 0.00 0.00 2.30 63.51 25.75 0.00 0.00 0.00 -85.26 0.00 21.86 68.15 69.51 -61.13 0.00 0.00 -20.39 -45.40 -43.10 25.28 0.00 79.81 0.00 0.00 0.00 0.00 0.00 0.00 69.09 40.16 0.00 0.00 -27.15 0.00 0.00 37.93 94.15 16.52 65.23 35.56 36.34 62.54 0.00 31.00 -44.21 0.00 0.00 0.00 0.00 0.00 0.00 -97.68 0.00 28.58 0.00 0.00 13.76 -81.22 38.69 0.00 75.30 0.00 21.09 39.40 1.04 0.00 0.00 35.83 0.00 0.00 -38.74 0.00 0.00
6.40 0.00 0.00 0.00 42.54 0.00 37.34 86.01 97.14 0.00 94.24 11.29 76.95 0.00 0.00 -99.48 0.00 -48.56 -13.00 75.66 -54.42 -96.49 0.00 40.89 81.14 39.85 0.00 0.00 0.00 0.00 40.63 0.00 49.35 0.00 0.00 0.00 -67.15 0.00 80.16 0.00 0.00 0.00 15.13 46.61 0.00 0.00 0.00 0.00 0.00 0.00 98.95 0.00 0.00 0.00 0.00 0.00 -8.98 21.90 20.03 0.00 -69.58 -39.85 -44.15 0.00 0.00 28.89 0.00 0.00 0.00 0.00 0.00 66.55 0.00 0.00 98.39 -33.78 52.55 0.00 95.53 -2.34 0.00 1.04 0.00 0.00 -90.33 0.00 0.00 -1.81 0.00 0.00 89.69 -3.33 -26.16 0.00 0.00 -27.53 0.00 0.00 0.00 0.00
0.00 0.00 37.39 0.00 -48.07 0.00 -9.18 -22.77 92.56 0.00 -22.63 0.00 10.08 -90.08 0.00 92.50 0.00 -6.11 -91.14 -16.49 0.00 -47.00 66.10 0.00 0.00 13.93 13.15 0.00 0.00 -40.85 -19.98 16.90 -5.26 46.24 -30.56 0.00 0.00 27.47 0.00 0.00 -18.89 -92.31 37.14 0.00 79.30 -65.42 0.00 -28.99 0.00 -9.66 7.06 0.00 0.00 0.00 -91.61 0.00 0.00 0.00 42.28 97.88 0.00 22.84 0.00 0.00 0.00 72.04 0.00 12.45 -29.88 81.96 0.00 4.94 64.02 0.00 0.00 0.00 0.00 -71.98 0.00 -74.35 0.00 -45.78 -68.68 76.80 0.00 -95.43 -9.53 -43.19 21.47 0.00 0.00 85.22 -59.74 -71.89 12.68 0.00 0.00 21.37 0.00 -64.20
0.00 0.00 0.00 0.00 -50.18 37.87 7.60 0.00 58.04 0.00 0.00 -71.80 0.00 -85.35 0.00 0.00 66.44 0.00 0.00 70.48 0.00 -50.27 0.00 0.00 0.00 -10.73 0.00 79.73 62.18 59.39 0.00 98.89 0.00 4.32 0.00 0.00 60.61 -73.09 0.00 29.97 -85.18 -4.56 0.00 0.00 6.76 -80.61 85.92 -99.22 40.86 0.00 0.00 0.00 71.13 -21.75 -93.82 21.01 0.00 99.62 0.00 0.00 -58.02 -91.97 74.69 0.00 0.00 49.58 0.00 66.08 -97.12 -98.57 0.00 32.51 0.00 73.37 -11.63 0.00 0.00 -78.23 90.30 0.00 0.00 -49.46 -81.64 0.00 0.00 89.18 0.00 0.00 0.00 0.00 92.07 78.98 0.00 0.00 0.00 -46.71 22.04 0.00 0.00 0.00
-69.00 48.74 -34.00 0.00 0.00 -12.39 0.00 0.00 34.65 3.99 0.00 -71.54 0.00 42.98 0.00 0.00 0.00 0.00 0.00 82.24 0.00 0.00 -65.36 -36.02 -80.95 0.00 0.00 0.00 0.00 13.84 0.00 -27.98 93.74 0.62 -61.91 96.63 0.00 0.00 39.27 0.00 0.00 -92.20 0.00 0.00 -92.81 -72.37 0.00 -70.43 97.49 0.00 0.00 0.00 -21.82 -14.86 0.00 0.00 86.66 7.45 0.00 0.00 1.32 0.00 0.00 0.00 -60.05 -33.31 32.33 0.00 88.69 32.70 0.00 0.00 0.00 0.00 -80.07 60.54 0.00 -26.11 -14.40 0.00 3.51 0.00 -43.87 0.00 57.46 0.00 -95.31 12.39 0.00 0.00 0.00 8.50 -23.29 43.34 0.00 -90.89 0.00 0.00 0.00 52.01
39.96 0.00 0.00 48.38 0.00 59.81 84.36 -86.78 -73.42 0.00 -80.96 0.00 -8.60 0.00 0.00 0.00 11.73 0.00 0.00 -94.31 0.00 0.00 0.00 -63.95 -86.96 0.00 -17.15 2.75 0.00 82.58 0.00 8.74 -64.56 0.00 0.00 0.00 0.00 -97.50 6.48 0.00 0.00 46.54 25.32 0.00 -90.02 0.00 -60.13 0.00 -17.23 0.00 0.00 0.00 0.00 -85.32 0.00 52.27 91.27 0.00 0.00 0.00 0.00 0.00 0.00 0.00 0.00 28.60 32.81 -62.42 0.00 -19.39 -27.24 -76.83 -59.59 -5.68 0.00 -63.61 -33.00 13.36 65.00 -84.07 56.26 -98.96 0.00 -33.82 -23.68 3.79 0.00 -51.24 -77.74 76.44 -11.53 0.00 28.75 0.00 60.19 -86.22 0.00 0.00 75.94 -99.95
33.76 0.00 0.00 -72.18 89.53 0.00 62.23 0.00 0.00 93.64 0.00 22.33 -62.98 0.00 -25.76 0.00 -67.71 0.00 -2.60 51.86 63.82 0.00 33.79 -43.94 0.00 0.00 0.00 -22.83 0.00 0.00 35.99 -28.01 0.00 -29.36 0.00 0.00 74.24 75.39 46.96 0.00 0.00 15.24 0.00 0.00 0.00 0.00 0.00 0.00 -75.86 0.00 -93.58 28.88 0.00 49.82 72.38 0.00 -10.94 -99.19 48.32 0.00 0.00 0.00 0.00 0.00 26.33 0.00 0.00 0.00 34.57 0.00 -86.66 0.00 0.00 15.85 34.01 0.00 0.00 0.00 -93.03 -24.61 0.00 0.00 0.00 0.00 0.00 0.00 0.00 71.03 18.42 0.00 7.68 0.00 -31.58 0.00 0.00 0.00 0.00 0.00 0.00 0.00
7.49 -28.50 -60.59 63.55 85.88 0.00 -87.40 -27.25 -43.49 0.00 86.84 0.00 -51.87 -59.33 0.00 39.28 9.48 0.00 -15.69 -31.84 -40.71 0.00 -43.32 0.00 94.43 0.00 -39.90 -57.80 20.75 -68.12 0.00 -44.45 0.00 -63.40 65.89 0.00 -0.27 0.00 49.20 74.12 -44.64 -43.13 0.00 -20.26 0.00 0.00 62.85 0.00 65.58 0.00 19.15 0.00 63.60 51.46 31.75 -63.66 0.00 0.00 0.00 0.00 -54.83 0.00 0.00 0.00 55.79 21.68 0.00 0.00 0.00 23.06 -4.93 0.00 -68.85 -92.64 -99.57 0.00 27.66 1.25 94.86 87.76 0.00 43.46 0.00 0.00 15.61 -43.16 0.00 0.00 -63.79 89.42 0.00 -77.28 73.15 38.61 0.00 0.00 0.00 0.00 96.84 0.00
-71.50 -67.32 0.00 0.00 0.00 -23.43 91.35 0.00 98.27 -67.08 0.00 92.16 0.00 0.00 0.00 86.93 0.00 -98.13 -71.51 -67.91 0.00 94.88 87.39 92.36 0.00 -10.06 0.00 -81.47 -63.08 0.00 0.00 -9.63 0.00 0.00 83.40 38.18 -14.78 71.16 0.00 0.00 0.00 0.00 -18.37 0.00 0.00 0.00 -61.97 -72.01 0.00 17.84 0.00 -72.56 0.00 0.00 0.00 0.00 0.00 -12.07 28.19 0.00 66.05 0.00 0.00 0.00 21.97 56.70 0.00 -64.06 0.00 98.55 85.25 0.00 -65.80 0.00 0.00 0.00 0.00 0.00 -31.33 77.40 -78.88 -29.45 0.00 -56.90 0.00 -9.58 0.00 0.00 0.00 0.00 -34.58 -69.52 19.99 0.00 92.57 0.00 0.00 0.00 0.00 0.00
-13.78 56.91 20.14 -30.38 -4.92 0.00 0.00 -57.44 -22.02 76.71 -19.40 5.97 0.00 0.00 31.75 45.25 -68.90 -40.06 0.00 48.51 53.08 -46.16 0.00 84.45 0.00 88.83 -60.92 0.00 -81.36 0.00 -42.51 0.00 0.00 0.00 0.00 -46.31 -23.03 65.25 -3.21 -95.41 0.00 0.00 -32.13 27.27 0.00 61.79 0.00 -2.36 0.00 -49.31 0.00 0.00 18.70 -82.23 0.00 0.00 20.31 -86.23 0.00 0.00 -2.45 0.00 0.00 98.29 -72.31 0.00 0.00 0.00 0.00 0.00 0.00 78.15 41.47 96.65 0.00 0.00 0.00 0.00 60.60 72.57 -6.21 0.00 9.10 62.85 0.00 0.00 0.00 0.00 0.00 47.63 -6.46 51.67 -76.08 49.39 -53.63 0.00 -22.39 -36.44 0.00 -51.18
-88.40 5.37 0.00 16.70 76.08 -32.85 -48.46 -73.24 85.85 0.00 0.00 0.00 6.53 47.08 -63.17 0.00 -95.93 0.00 0.00 45.36 0.00 1.73 -80.58 24.03 -1.63 80.02 0.00 -3.40 0.00 0.00 0.00 0.00 -70.63 -10.88 0.00 0.00 0.00 0.00 0.00 0.00 -40.56 77.00 0.00 0.00 0.00 -80.14 0.00 0.00 -51.68 0.00 0.00 -61.88 0.00 69.26 -5.31 0.00 0.00 15.73 0.00 0.00 0.00 0.00 -67.19 0.00 0.00 0.00 0.00 43.51 64.54 75.39 0.00 0.00 -2.59 40.61 0.00 -57.46 0.00 0.00 48.96 0.00 0.00 0.00 -95.42 0.00 -71.62 -7.31 0.00 51.66 2.42 -3.24 0.00 0.00 34.22 0.00 -95.86 0.00 0.00 0.00 0.00 0.00
53.39 -41.75 2.52 0.00 33.40 92.06 0.00 0.00 31.89 0.00 -40.28 0.00 -48.51 46.09 -20.41 -0.19 84.22 0.00 0.00 -51.16 0.00 -68.30 37.15 0.00 0.00 18.86 0.00 0.00 75.22 1.69 -5.75 9.83 0.00 0.00 0.00 -20.50 36.79 0.00 -4.01 -15.92 -97.63 88.68 -27.06 4.80 22.64 -92.84 8.94 -23.98 2.62 0.00 0.00 0.00 -51.34 -90.58 0.00 -5.33 -82.25 0.00 0.00 0.00 -30.86 83.37 63.85 0.00 0.00 48.73 -16.82 0.00 0.00 85.27 -65.23 52.09 59.62 0.00 90.85 0.00 0.00 27.30 0.00 0.00 0.00 0.00 0.00 -1.49 22.30 -25.66 78.02 0.00 0.00 -40.92 0.00 70.33 0.00 0.00 -0.70 -1.34 0.00 59.01 0.00 72.25
-59.34 0.00 -18.36 -83.39 86.82 0.00 0.00 57.67 0.00 19.23 0.00 0.00 -27.32 0.00 -95.71 -86.11 -9.56 0.00 -26.57 0.00 0.00 97.26 -8.51 -40.63 0.00 0.00 17.64 0.00 13.96 31.35 0.00 -30.27 0.00 -26.43 22.19 0.00 -65.77 0.00 72.09 0.00 -55.52 0.00 0.00 0.00 8.57 87.31 0.00 0.00 0.00 40.77 0.00 16.11 0.00 0.00 23.81 -23.36 0.00 12.32 0.00 0.00 0.00 0.00 -3.95 0.00 0.00 0.00 0.00 0.00 17.30 0.00 93.96 12.66 0.00 41.32 88.83 -30.91 0.00 -86.00 0.00 -69.68 20.19 0.00 41.65 0.00 0.00 0.00 0.00 40.97 54.66 0.00 -29.66 0.00 0.00 -62.46 -27.71 84.30 68.89 79.23 -4.93 0.00
0.00 -8.92 0.00 -49.33 0.00 4.36 72.77 0.00 96.45 0.00 0.00 -8.34 0.00 50.75 12.55 0.00 -84.53 0.00 0.00 -72.62 -75.14 48.73 81.89 -43.97 -1.40 0.00 0.00 0.00 23.21 0.00 0.00 0.00 0.00 0.00 0.00 -17.94 0.00 0.00 0.00 0.00 67.69 0.00 74.42 0.00 0.00 0.00 12.39 0.00 0.00 -12.12 0.00 53.27 0.00 -9.44 -57.47 0.00 0.00 -76.40 28.10 52.03 -54.90 -3.02 68.47 0.00 40.17 -74.74 0.00 0.00 0.00 0.00 -80.87 -55.47 -64.76 -47.22 0.00 0.00 0.00 0.00 73.40 0.00 0.00 0.00 85.99 65.34 -73.93 0.00 -86.64 0.00 -72.60 -87.99 -67.55 0.00 20.64 0.00 0.00 0.00 0.00 0.00 0.00 0.00
10.61 0.00 55.66 -97.30 15.50 0.00 67.28 0.00 0.00 0.00 0.00 52.30 0.00 -96.63 20.54 -57.15 0.00 -16.89 0.00 0.00 0.00 44.14 -91.85 0.00 0.00 -27.65 -73.56 0.00 5.13 0.00 -59.19 66.62 67.61 -2.85 0.00 0.00 0.00 -51.65 -97.16 0.00 0.00 49.93 -41.05 88.83 15.26 22.24 0.00 0.00 0.00 0.00 -97.82 0.00 0.00 0.00 0.00 0.00 0.00 79.88 0.00 0.00 0.00 34.25 -65.37 0.00 0.51 -17.94 0.00 -72.50 0.00 0.00 0.00 0.00 40.42 97.56 0.00 0.00 0.00 0.00 0.00 0.00 -68.02 0.00 0.00 29.92 -61.86 0.00 0.00 0.00 0.00 52.53 -90.03 0.00 21.25 33.87 0.00 0.00 -81.88 93.60 0.00 0.00
60.32 0.00 0.00 23.26 0.00 -28.39 0.00 0.00 64.14 0.00 0.00 0.00 28.07 0.00 0.00 0.00 0.00 0.00 0.00 68.76 -50.31 0.00 30.91 18.69 0.00 8.64 19.73 0.00 -28.85 -31.92 59.12 -48.98 0.00 -97.68 0.00 0.00 -69.05 88.75 0.00 21.59 0.00 0.00 -4.34 0.00 0.00 66.37 19.15 0.00 0.00 27.65 -3.71 0.00 94.50 17.38 6.26 15.74 0.00 0.00 -48.76 24.39 0.00 0.00 0.00 0.00 46.55 -51.24 0.00 -15.15 0.00 0.00 -81.85 0.00 0.00 0.00 0.00 0.00 0.00 0.00 -49.90 0.00 0.00 -87.09 -75.88 -0.21 81.03 0.00 0.00 42.81 -54.36 0.75 0.00 0.00 0.00 -86.05 13.72 0.00 0.00 0.00 -2.93 2.19
0.00 53.26 28.02 0.00 0.00 0.00 28.14 0.00 -25.16 0.00 -76.32 0.00 -5.50 0.00 -68.81 51.33 0.00 -72.01 0.00 0.00 0.00 -74.32 5.91 0.00 71.47 0.00 0.00 78.64 0.00 57.15 0.00 33.06 62.39 -56.88 0.00 -82.10 -82.26 -6.78 0.00 0.00 -31.98 0.00 -58.14 0.00 0.00 -69.78 0.00 -50.96 0.00 0.00 84.67 13.07 87.00 0.00 -64.17 0.00 0.00 0.00 -73.22 0.00 0.00 -15.94 0.00 75.23 -82.76 0.00 0.00 -87.93 0.00 40.57 29.30 0.00 -27.04 0.00 0.00 -27.73 0.00 0.00 60.49 -38.51 0.00 0.27 -76.62 0.00 67.40 0.00 -28.27 -97.99 0.00 0.00 61.76 -95.22 -98.40 0.00 -95.13 -40.11 0.00 -80.66 0.00 35.30
65.12 -38.79 -97.28 -48.64 0.00 -16.92 0.00 0.00 0.00 0.00 0.00 15.79 -61.65 0.00 56.12 79.79 22.41 0.00 68.55 97.03 71.69 0.00 0.00 9.11 0.00 0.00 0.00 0.00 0.00 26.32 0.00 0.00 0.00 -55.35 0.00 -81.41 -13.19 43.35 56.07 47.40 10.75 -35.00 0.00 0.00 0.00 49.41 0.00 -27.50 6.99 51.01 0.00 14.58 0.00 66.88 0.00 -92.45 -50.13 69.20 0.00 -31.24 0.00 0.00 0.00 -47.40 0.00 -79.45 89.06 0.00 -94.41 -3.89 82.38 0.00 0.00 85.38 -44.28 0.00 0.00 50.93 0.00 0.00 82.41 0.00 -35.39 -2.76 45.93 0.00 0.00 0.00 0.00 0.00 46.47 15.83 0.00 0.00 0.00 -30.06 0.00 -10.18 -28.11 -82.67
-99.44 74.10 0.00 0.00 0.00 -96.06 0.00 10.27 -18.92 54.95 -75.16 -14.84 62.51 -25.29 -45.65 0.00 0.00 0.00 0.00 0.00 0.00 0.00 0.00 0.00 0.00 0.00 0.00 -31.53 64.52 12.11 0.00 0.00 -5.27 -92.68 0.00 -91.79 -22.89 92.70 0.00 -36.07 -34.76 -87.70 0.00 0.00 0.00 0.00 0.00 0.00 0.00 0.00 28.55 0.00 0.00 0.00 0.00 62.48 58.24 0.00 -24.99 0.00 15.52 0.00 -71.83 0.00 0.00 0.00 -97.97 -75.39 0.00 -17.28 0.00 -97.41 0.00 0.00 0.00 0.00 98.72 -13.34 0.00 0.00 0.00 12.86 -20.21 -58.39 0.00 0.00 0.00 0.00 74.91 0.00 0.00 64.96 0.00 -58.68 0.00 0.00 -13.17 0.00 -43.49 47.00
-11.45 0.00 0.00 0.00 0.00 68.63 0.00 -21.06 0.00 -4.13 76.84 0.00 0.00 56.05 0.00 -11.43 -22.02 0.00 0.00 0.00 -78.72 38.08 0.00 -56.27 0.00 0.00 -79.04 0.00 0.00 0.00 -3.69 55.95 73.69 0.00 0.00 61.70 57.99 98.31 0.00 0.00 0.00 -55.59 0.00 0.00 0.00 97.79 0.00 0.00 0.00 -65.78 68.28 47.86 0.00 14.01 0.00 0.00 -90.12 0.00 0.00 0.00 0.00 0.00 22.76 0.00 0.00 0.00 16.17 -11.59 -90.42 72.69 -27.38 0.00 0.00 0.00 0.00 0.00 0.00 0.00 -1.86 78.52 51.56 0.00 94.01 0.00 55.35 44.81 19.78 0.00 0.00 -29.47 0.00 -96.71 -42.14 0.00 14.26 -38.54 0.00 91.38 7.42 0.00
-64.85 0.00 90.28 -34.60 0.00 0.00 0.00 -66.55 -28.11 0.00 0.39 0.00 4.88 -59.83 -51.76 0.00 0.00 -81.12 0.00 -12.74 0.00 0.00 0.00 71.01 0.00 0.00 0.00 72.27 0.00 -87.12 0.00 0.00 0.00 -82.21 0.00 82.16 0.00 0.00 -14.50 15.93 0.00 60.67 0.00 0.00 -25.74 47.15 0.00 53.22 -43.73 4.13 0.00 0.00 -76.25 0.00 -40.44 0.00 61.99 75.22 21.02 0.00 90.58 0.00 -17.37 0.00 93.38 -81.95 0.00 85.24 0.00 0.00 0.00 0.00 -73.18 -10.05 0.00 0.00 22.84 31.70 30.12 71.08 0.00 87.80 -45.42 79.29 97.27 -32.54 97.09 0.00 79.42 90.17 50.22 77.29 0.00 0.00 0.00 -35.58 34.57 0.00 0.00 0.00
0.00 0.00 0.00 30.50 0.00 57.90 0.00 -61.30 54.25 0.00 0.00 -82.55 -62.11 66.68 0.00 75.69 0.00 -34.33 -13.49 69.06 -16.27 0.00 8.96 0.00 0.00 -66.91 -89.12 -68.21 -98.01 0.00 78.21 -97.14 0.00 0.00 0.00 -73.01 0.00 0.00 -67.22 -80.64 0.00 0.00 -38.54 0.00 0.00 0.25 0.00 0.00 0.00 0.00 0.00 0.00 0.00 -46.35 -59.13 0.00 0.00 27.62 -96.14 -44.64 -70.75 75.65 85.87 87.15 0.00 -48.45 77.32 -58.19 -10.56 43.99 -82.51 0.00 92.33 -32.29 -76.25 0.00 0.00 13.26 76.67 -5.95 0.00 0.00 24.14 -91.55 0.00 -3.95 0.00 0.00 0.00 2.34 -51.48 0.00 0.00 60.25 0.00 35.12 -32.12 -78.29 -27.43 0.00
0.00 0.00 0.00 58.74 0.00 0.00 0.00 -0.21 0.00 0.00 -99.81 99.82 0.00 0.00 0.00 0.00 0.00 55.16 0.00 -70.56 75.46 41.02 -83.42 -73.00 55.54 0.00 0.00 -41.61 53.65 -0.47 13.09 0.00 0.00 83.18 0.00 0.00 0.00 67.24 0.00 74.06 0.00 0.00 -3.57 81.11 -31.90 0.00 0.00 -79.44 0.00 -73.24 -98.65 22.90 0.00 -24.72 0.00 0.00 61.61 -4.77 80.38 83.32 67.80 39.11 20.31 0.00 -94.81 38.92 0.00 -24.54 0.00 -65.37 51.58 -46.32 -11.57 0.00 -84.22 -90.78 0.00 84.03 -93.36 0.00 45.96 -2.88 0.00 89.82 50.40 8.38 -13.75 31.50 76.48 0.00 0.00 0.00 0.00 0.00 0.00 6.81 0.00 58.26 77.84 0.00
0.00 0.00 -33.08 0.00 0.00 0.00 0.00 -29.26 0.00 76.65 62.15 0.00 0.00 0.00 0.00 -11.68 97.17 0.00 67.15 -72.57 0.00 0.00 0.00 0.00 17.47 0.00 72.35 -96.45 0.00 -69.86 -55.82 92.35 -16.18 32.61 -91.88 0.00 30.25 16.64 -85.24 -23.80 0.00 0.00 0.00 0.00 -49.04 0.00 -95.42 0.00 0.00 -36.20 0.00 59.34 28.04 0.00 -67.50 0.00 0.00 73.02 0.00 0.00 0.00 0.00 -27.95 0.00 0.00 90.76 88.06 38.97 0.00 -1.29 64.70 38.32 87.03 0.00 61.86 42.68 -48.34 0.00 0.00 0.00 16.54 0.00 15.02 0.00 0.00 0.00 -7.57 46.68 59.20 0.00 0.00 0.00 -15.23 -32.30 29.02 -7.11 0.00 0.00 0.00 0.00
97.96 0.00 0.00 0.00 0.00 -17.14 0.00 0.00 7.66 0.00 0.00 11.36 33.82 49.45 -87.63 0.00 30.36 0.00 0.00 0.00 0.00 -22.52 0.00 -55.13 0.00 40.58 49.53 -27.16 0.00 28.64 0.00 25.71 71.55 0.00 -6.67 0.00 -35.98 0.00 0.00 0.00 95.78 0.00 0.00 -7.60 -56.10 -52.56 -91.07 58.92 39.87 0.00 0.00 0.00 55.61 55.33 -38.16 -39.49 0.00 -15.66 54.73 -4.33 0.00 67.20 -0.41 0.00 0.00 0.00 -92.97 0.00 0.00 38.22 -50.97 -43.39 0.00 5.78 63.72 1.48 -53.65 0.00 0.00 0.00 0.00 0.00 50.46 74.32 0.00 0.00 0.00 0.00 0.00 74.99 -23.84 83.07 5.53 0.00 77.39 78.85 0.00 97.93 0.00 0.00
-78.71 0.00 0.00 -73.72 0.00 0.00 -55.94 80.21 -96.65 0.00 -63.13 72.74 0.00 0.00 -34.81 -2.62 0.00 0.00 -5.72 -42.88 0.00 0.00 0.00 0.00 0.00 93.06 0.00 0.00 -1.32 56.72 -62.71 0.00 -25.90 0.00 0.00 0.00 -57.05 -6.10 79.88 -93.33 95.38 -36.56 0.00 0.00 94.34 -93.10 0.00 0.00 0.00 0.00 0.00 -24.37 0.00 -29.51 0.00 0.00 0.00 89.97 0.00 81.16 0.00 -52.13 0.00 0.00 68.81 0.00 0.00 0.00 0.00 -83.72 -30.84 0.00 -67.71 0.00 -2.45 -13.42 -27.15 34.42 0.00 0.00 0.00 0.00 -3.48 0.00 0.00 0.00 0.00 75.25 0.00 -68.20 90.81 0.00 -67.63 0.00 0.00 0.00 0.00 0.00 0.00 0.00
0.00 -37.94 -10.52 0.00 0.00 0.00 0.00 -73.71 0.00 0.00 -0.65 63.59 -30.76 -69.55 0.00 80.67 13.12 -74.18 0.00 0.00 -55.90 0.00 7.45 0.00 -67.28 19.74 0.00 0.00 0.00 -84.86 -40.10 0.00 38.10 0.00 0.00 0.00 0.00 -36.98 -71.30 0.00 91.60 69.39 0.00 -1.79 -10.86 0.00 0.00 0.00 0.00 0.00 0.00 -6.83 0.00 71.06 0.00 -76.44 0.00 0.00 -73.10 46.31 -7.43 0.00 0.00 -82.30 -84.12 0.00 0.00 91.84 0.00 44.39 0.00 -57.83 28.39 0.00 45.18 0.00 48.62 0.00 0.00 58.84 63.06 -1.05 84.66 0.00 -92.85 -56.40 0.00 -45.41 64.10 -41.25 14.49 39.41 58.98 0.00 80.40 31.00 28.36 0.00 0.00 0.00
0.00 -21.40 0.00 -42.66 -41.26 -13.13 18.11 0.00 0.00 -14.36 0.00 0.00 0.00 0.00 0.00 -29.62 0.00 -52.12 40.55 0.00 0.00 -13.74 -60.29 0.00 0.00 22.14 0.00 0.00 28.43 68.10 0.00 4.53 0.00 14.25 26.93 0.00 -32.42 0.00 0.00 -86.81 0.00 0.00 48.80 0.00 0.00 0.00 0.00 0.00 -25.27 0.00 0.00 0.00 -43.20 0.00 -59.41 0.00 0.00 0.00 0.00 -23.96 0.00 15.55 55.08 -84.56 -25.48 0.00 72.68 0.00 83.65 0.00 0.00 -59.92 -11.51 0.00 -59.02 0.00 0.00 0.00 0.00 36.03 0.00 75.36 59.10 -41.13 -17.06 -93.03 -63.38 69.20 0.00 -16.10 58.77 34.83 -48.01 0.00 -36.71 -50.93 78.93 30.87 0.00 0.00
-0.52 64.93 0.00 -57.20 0.00 56.28 0.00 -94.49 56.05 0.00 0.00 9.03 60.59 71.49 -79.25 70.47 0.00 92.34 -1.96 0.00 -41.05 0.00 -66.68 0.00 -65.93 -28.49 -70.38 0.00 0.00 30.15 54.45 -26.20 0.00 66.78 60.85 0.00 57.70 62.75 32.88 0.00 -90.31 -73.97 -80.84 -74.18 0.00 94.11 0.00 0.00 0.00 18.64 90.75 0.00 -25.89 12.12 0.00 0.00 0.00 96.26 0.00 0.00 0.00 0.00 0.00 -69.84 -78.86 94.05 -61.15 0.00 -20.90 -98.29 -68.81 77.14 0.00 -39.33 1.72 0.00 0.00 0.00 -51.59 0.00 0.00 0.00 69.39 0.00 0.00 0.00 31.34 0.00 78.57 61.05 -94.87 82.55 59.10 0.00 0.00 0.00 0.00 -99.96 45.29 0.00
0.00 -8.02 0.00 -90.27 0.00 0.00 0.00 -91.48 0.00 11.14 0.00 0.00 -27.24 0.00 0.00 -97.38 -33.02 0.00 0.00 -36.50 0.00 13.94 0.00 79.10 0.00 -3.04 0.00 0.00 44.10 0.00 0.00 0.00 -62.56 0.00 0.00 -9.00 0.00 0.00 82.96 0.00 16.54 0.00 0.00 -7.29 -85.86 30.88 0.00 0.00 0.00 0.00 0.00 90.59 0.00 53.07 0.00 79.30 97.19 -15.60 95.07 0.00 0.00 0.00 95.44 0.00 0.00 26.74 77.61 54.53 0.00 0.00 0.00 0.00 63.99 0.00 0.00 0.00 22.89 -16.29 0.00 0.00 73.72 0.00 0.00 31.41 0.00 94.85 -16.32 0.00 0.00 0.00 0.00 0.00 71.24 0.00 -38.18 84.39 -14.83 0.00 -21.88 -18.66
-70.73 0.00 0.00 15.56 -90.46 -50.57 0.00 -30.70 0.00 0.00 39.47 0.00 0.78 -99.82 0.00 0.00 0.00 67.26 0.00 0.00 0.00 -46.16 -83.32 -98.36 0.00 75.45 0.00 0.00 0.00 0.00 0.00 0.00 -88.26 97.08 2.18 89.35 0.00 88.82 0.00 0.00 0.00 0.00 0.00 0.00 -33.83 12.23 0.00 -27.48 0.00 -22.91 0.00 -19.16 4.58 97.99 -47.93 -96.40 82.37 0.00 0.00 74.45 0.00 0.00 0.00 0.00 0.00 18.94 0.00 0.00 0.92 0.00 -96.29 0.00 -65.51 47.67 0.00 -9.65 0.00 0.00 0.00 41.01 0.00 -12.87 0.00 0.00 0.00 0.00 91.13 41.19 -8.40 0.00 -55.04 57.87 0.00 -6.76 0.00 -42.39 0.00 -93.19 0.00 0.00
0.00 0.00 0.00 27.53 97.01 0.00 0.00 0.00 96.16 16.34 0.38 45.59 -73.94 -85.33 0.00 -36.37 67.85 -87.35 52.91 -91.34 -67.77 0.00 27.35 27.60 0.00 33.15 31.07 0.00 0.00 0.00 0.00 99.30 -19.19 -78.59 0.00 0.00 0.00 0.00 0.00 40.30 0.00 -94.85 0.00 0.00 -50.25 0.00 0.00 18.69 -3.25 0.00 0.00 0.00 31.92 0.00 0.00 0.00 13.76 89.99 89.54 20.57 0.00 54.72 86.54 0.00 0.00 53.93 0.00 0.00 8.26 -13.09 0.00 36.72 0.00 71.54 1.58 -99.66 0.00 0.00 0.00 39.38 51.45 0.00 53.25 85.25 83.68 -19.40 50.05 16.82 0.00 -51.13 49.35 0.00 -65.17 0.00 7.49 26.85 -60.02 0.00 57.24 0.00
0.00 0.00 -54.46 0.00 36.73 0.00 26.37 0.00 96.51 63.93 15.90 0.00 54.29 18.64 0.00 0.00 0.00 39.64 8.21 -35.89 0.00 -73.46 0.00 -17.86 0.00 0.00 0.00 -64.36 65.33 19.69 0.00 0.00 0.00 0.00 0.00 -87.78 0.00 0.00 0.00 16.77 -27.06 0.00 97.48 0.00 37.65 0.00 90.75 47.52 0.00 -45.54 0.00 -23.18 34.07 0.00 0.00 26.51 0.00 0.00 0.00 84.31 -39.08 0.00 66.49 0.00 78.76 43.67 40.43 5.12 0.00 40.17 4.35 0.00 0.00 0.00 -78.99 0.00 -5.55 -39.81 0.00 0.00 60.65 0.00 -60.13 61.51 0.00 0.00 -75.61 0.00 0.00 59.22 97.15 0.00 0.00 -73.08 -21.10 0.00 0.00 -90.63 0.00 0.00
80.91 89.05 0.00 0.00 -55.95 18.55 0.00 79.79 0.00 91.57 -89.78 -6.19 0.00 0.00 0.00 25.64 0.00 36.73 0.00 -21.88 0.00 -76.24 40.42 0.00 -5.92 0.00 67.43 -19.16 0.00 0.00 0.00 0.00 0.00 0.00 0.00 99.20 0.00 7.59 0.00 -77.61 -42.59 -60.75 19.80 0.00 0.00 0.00 -44.74 16.33 -18.70 0.00 0.00 0.00 16.86 -24.46 0.00 -21.55 0.00 0.00 43.78 0.00 54.44 25.03 0.00 61.89 0.00 80.70 69.08 -19.56 0.00 60.48 0.00 0.00 97.85 0.00 0.00 -9.34 -8.50 60.69 -35.41 0.00 0.00 0.00 0.00 -93.18 84.45 0.00 0.00 -95.00 0.90 51.87 -14.15 0.00 37.30 -3.33 0.00 0.00 0.00 0.00 0.00 0.00
0.00 0.00 8.24 0.00 0.00 -68.09 0.00 0.00 73.13 -71.97 -12.83 0.00 0.00 0.00 0.00 -10.55 0.00 46.55 0.00 -58.77 0.00 -97.81 -75.01 -77.79 93.84 87.23 84.11 74.53 0.00 0.00 0.00 93.51 0.00 0.00 -35.46 0.00 0.00 0.00 0.00 72.22 0.00 91.35 92.41 -36.29 52.04 -43.01 -29.47 73.69 -38.01 0.00 -91.37 0.00 0.00 25.56 85.05 0.00 0.00 0.00 45.93 -40.57 0.00 30.50 0.00 77.84 -30.24 58.53 0.00 2.21 0.00 0.00 96.42 0.00 0.00 42.28 0.00 43.44 0.00 0.00 98.61 0.00 0.00 -95.53 0.00 0.00 65.65 0.00 0.00 0.00 -70.36 91.70 0.00 0.00 0.00 0.00 49.75 0.00 -95.83 85.20 0.00 -85.72
0.00 0.00 76.39 0.00 0.00 0.00 0.00 -86.25 0.00 -56.11 -22.70 65.79 0.88 0.00 0.00 47.83 0.00 0.00 76.68 0.00 -99.92 93.67 0.00 0.00 2.23 85.13 0.00 0.00 0.00 0.00 0.00 0.00 0.00 0.00 0.00 39.59 98.87 0.00 15.62 54.63 0.00 0.00 -31.38 11.36 0.00 0.00 -43.17 0.00 -34.97 0.00 -46.37 -99.74 0.00 0.84 0.00 0.00 0.00 0.00 -41.89 0.00 -96.89 0.00 30.49 -12.99 52.87 0.00 34.66 0.00 0.00 0.00 0.00 9.42 0.00 0.00 0.00 0.00 0.00 0.00 -95.65 48.25 0.00 0.00 23.17 -14.54 0.00 0.00 0.00 0.00 0.00 0.00 0.00 -74.46 0.00 0.00 0.00 26.16 86.34 0.00 0.00 0.00
-89.43 2.83 -76.38 0.00 -95.77 -57.73 -91.25 0.00 0.00 81.03 -58.87 0.00 61.58 0.00 0.00 0.00 35.65 0.00 46.97 10.14 -70.32 -88.01 0.00 0.00 -99.02 -32.85 50.05 -40.91 -29.74 -19.47 83.31 -39.67 -47.61 -7.28 0.00 1.90 0.00 0.00 0.00 0.00 0.00 0.00 0.00 -99.37 0.00 -84.12 87.36 -36.62 42.04 -89.11 11.16 0.00 -55.13 0.00 0.00 -65.48 0.00 0.00 52.60 0.00 0.00 0.00 0.00 0.00 -12.86 0.00 -19.52 0.00 33.62 65.48 -20.74 6.47 12.44 89.41 0.00 0.00 0.00 36.15 61.65 90.39 -96.71 11.69 -13.32 10.76 0.00 0.00 -70.58 -30.02 71.10 -18.19 62.71 10.20 19.65 0.00 -84.21 -2.45 0.00 0.00 -79.77 57.84
0.00 0.00 45.65 0.00 0.00 0.00 31.39 0.00 0.00 0.00 0.00 -60.09 0.00 80.17 0.00 -16.02 0.00 0.00 64.26 0.00 -2.15 -45.20 29.73 0.00 0.00 77.12 98.48 -20.62 0.00 66.52 34.62 -58.98 0.00 0.00 56.90 75.12 52.71 -56.43 0.00 0.00 0.00 0.00 0.00 -14.13 0.00 82.13 0.00 50.76 0.00 0.00 -5.83 0.00 1.14 50.67 -95.64 -42.01 66.47 0.00 39.12 -21.78 0.00 61.51 -15.23 -90.40 0.00 -61.38 2.14 0.00 0.00 30.79 -97.13 0.00 0.00 100.00 -77.21 0.00 69.81 0.00 -85.69 -78.74 -50.82 80.83 93.09 -9.80 74.93 68.20 -19.89 -44.30 -8.73 -0.56 -93.55 85.45 0.00 0.00 0.00 0.00 -99.43 0.00 94.34 -72.99
-41.44 0.00 0.00 60.80 -96.66 0.00 73.99 0.00 59.51 0.00 25.32 83.59 0.00 0.00 0.00 0.00 0.00 0.00 98.13 -72.55 51.58 -61.80 0.00 -35.35 74.37 0.00 0.00 0.00 0.00 -92.00 -21.04 -67.17 -42.81 0.00 -3.01 -74.09 0.00 0.00 0.00 0.00 84.60 0.00 -28.09 0.00 94.11 -35.29 64.82 0.00 0.00 0.00 22.59 -98.65 0.00 0.00 -91.52 0.00 0.00 0.00 0.00 8.03 -60.86 0.00 0.00 0.00 -97.19 72.25 34.91 0.00 0.00 0.00 -99.19 75.59 0.00 8.90 60.32 0.90 29.69 0.00 95.65 65.57 -18.73 0.00 -66.16 0.00 0.00 0.00 0.00 0.00 -69.79 0.00 0.00 -7.16 -58.16 0.00 0.00 46.39 0.00 25.68 36.24 0.00
-19.42 88.80 0.00 0.00 58.05 89.71 -79.89 0.00 -77.25 0.00 0.00 54.52 42.70 -38.69 63.00 0.00 0.00 0.00 0.00 -12.07 0.00 0.45 -96.99 -39.83 0.00 -64.64 0.00 -96.18 -27.03 44.26 64.14 0.00 0.00 73.87 -26.06 0.00 0.00 0.00 59.78 39.43 0.00 92.42 -69.18 -93.15 -14.74 0.00 0.00 9.88 0.00 90.45 0.00 -51.86 0.00 -53.89 0.00 -28.98 -25.86 -95.85 -39.28 0.00 0.00 0.00 -5.75 -35.89 -47.55 -63.06 25.43 0.00 -84.56 24.87 0.00 0.00 -36.92 0.00 -44.33 0.00 0.00 0.00 85.05 0.00 -1.56 -40.51 0.00 -4.78 -20.10 0.00 -39.16 -30.92 53.85 -79.39 -54.28 0.00 0.00 46.26 0.00 0.00 -11.35 0.00 0.00 -10.22
-31.28 0.00 0.00 0.00 0.00 0.00 98.53 0.00 0.00 0.00 -19.78 0.00 54.07 0.00 0.00 -55.37 0.00 88.45 -71.79 0.00 0.00 0.00 -14.00 0.00 0.00 0.00 0.00 -13.62 22.46 87.32 38.83 96.62 0.00 49.95 91.48 21.48 -86.97 0.00 -52.86 43.73 48.68 0.00 0.00 43.85 -61.06 -71.42 0.00 -95.32 0.00 0.00 45.24 82.43 -37.50 90.96 0.00 0.00 0.00 0.00 65.89 51.15 17.94 -28.18 0.00 0.00 49.67 -64.64 -36.91 0.00 0.00 0.00 94.31 0.00 0.00 0.00 0.00 0.00 0.00 0.00 -76.20 -8.70 0.00 0.00 0.00 17.51 47.39 0.00 -49.03 4.82 0.00 23.42 -52.42 -45.23 14.90 0.00 -93.74 0.00 0.00 0.00 5.01 99.25
0.00 0.00 50.00 -46.32 0.00 0.00 43.09 0.00 0.00 -73.86 -17.74 47.77 71.38 0.00 1.89 0.00 0.00 -89.73 99.54 4.99 0.00 0.00 98.63 0.00 0.00 0.00 0.00 17.47 0.00 0.00 0.00 0.00 0.00 -85.99 48.30 52.83 -22.90 79.81 -86.16 0.00 68.41 -2.69 98.44 0.00 -43.42 -60.67 21.86 4.16 0.00 31.31 0.00 0.00 -63.25 10.42 0.00 -63.69 0.00 0.00 -26.80 0.00 -2.38 0.00 0.00 27.21 -83.71 0.00 0.00 0.00 23.77 0.00 0.00 -53.33 -98.74 0.00 32.35 48.57 -51.26 31.89 0.00 -9.24 0.00 0.00 0.00 -52.63 -13.44 4.77 95.67 0.00 0.00 -23.40 0.00 -80.93 -87.33 0.00 0.00 0.00 0.00 27.65 -75.32 0.00
