10 10
0.00 0.00 0.00 0.00 -57.93 -75.64 0.00 0.00 58.07 -91.22
-76.03 -18.75 0.00 0.00 0.00 -29.84 0.00 -74.02 0.00 0.00
72.51 0.00 62.91 0.00 0.00 69.38 0.00 77.85 24.02 10.34
-73.89 -74.80 0.00 -21.84 -30.36 79.35 0.00 0.00 -11.66 22.30
46.57 0.00 0.00 0.00 -2.35 0.00 4.40 0.00 0.00 -68.54
30.00 0.00 94.42 0.00 0.00 19.29 0.00 98.90 0.00 0.00
0.00 0.00 0.00 0.00 30.97 0.00 71.39 -59.04 92.54 0.00
29.46 -13.04 -83.50 0.00 0.00 -89.30 0.00 57.12 -57.52 0.00
-79.59 0.00 0.00 0.00 0.00 0.00 57.23 -50.94 -64.54 0.00
0.00 18.45 0.00 59.41 -38.43 80.86 -25.23 68.43 60.21 0.00
