100 100
0.00 0.00 0.00 0.00 -85.42 -20.63 -40.93 13.77 -88.75 -33.49 -11.04 -25.58 0.00 -57.33 0.00 0.00 0.00 68.09 -71.67 80.39 1.16 -5.94 0.00 0.00 -82.42 8.46 57.90 -77.43 0.00 63.21 61.84 0.00 0.00 0.00 0.00 -43.30 1.35 0.00 0.00 -81.46 -55.64 75.25 0.00 0.00 72.12 47.79 23.78 -82.22 -27.80 -63.17 -67.64 0.00 51.58 0.00 0.00 0.00 0.00 33.11 46.13 0.00 0.00 -99.97 0.00 99.62 -27.71 11.66 -20.51 -22.42 39.99 -40.12 78.75 0.00 0.00 -28.74 -22.54 24.41 -70.85 0.00 37.24 -12.39 -71.81 0.00 93.94 -73.84 -53.27 0.00 0.00 -61.71 -61.39 0.00 -81.16 0.00 0.00 -76.71 0.00 62.39 -63.38 -4.51 -63.58 6.20
-15.73 69.54 -10.47 21.52 -93.65 0.00 61.83 -66.83 -14.15 -60.60 0.00 73.17 45.73 0.00 -44.65 -18.37 -39.61 79.77 0.00 0.00 0.00 0.00 10.78 0.00 0.00 -65.16 0.00 4.58 0.00 0.00 76.18 0.00 -71.23 30.75 0.00 -77.10 4.28 -93.44 -21.04 0.00 27.57 0.00 0.00 68.96 52.79 0.00 -76.95 -57.42 0.00 0.00 0.00 -3.81 44.54 0.00 -87.89 0.00 0.00 85.73 -33.95 0.00 -44.32 84.76 0.00 36.43 0.00 41.53 -38.64 9.59 0.00 24.46 0.00 0.00 0.00 0.00 16.72 -71.58 -77.95 0.00 -3.52 76.41 -43.11 0.00 -98.95 52.58 0.00 -14.33 0.00 69.01 -87.31 0.00 0.00 0.00 0.00 0.00 0.00 89.95 75.58 28.86 54.72 0.00
81.74 0.00 -18.36 0.00 77.77 -75.69 0.00 -84.96 59.51 0.00 0.00 0.00 -26.36 0.00 0.00 0.00 -99.24 -74.45 29.32 0.00 85.52 99.20 8.05 0.00 0.00 0.00 -53.13 45.99 0.00 -30.29 0.00 0.00 -99.21 74.42 -8.24 -2.73 0.00 0.00 50.82 85.87 -1.67 40.61 0.00 8.74 0.00 4.54 53.30 -1.32 17.32 19.36 0.00 0.00 -46.61 0.00 -0.95 0.00 0.00 -61.80 0.00 0.00 -31.64 60.58 0.00 0.00 -46.76 0.00 -34.92 -28.58 0.00 -46.00 27.84 0.00 -62.06 0.00 0.00 0.00 -23.28 27.03 0.00 45.99 0.00 0.00 60.81 0.00 0.00 -26.98 0.00 -84.31 61.60 0.00 0.00 -52.57 44.66 -3.92 -64.55 30.52 -68.39 0.00 76.06 -60.75
36.15 66.56 0.00 0.00 75.14 0.00 -46.53 -14.09 0.00 -34.27 89.73 0.00 0.00 24.12 0.00 71.31 0.00 50.30 -85.44 0.00 -63.62 -78.29 5.78 64.22 0.00 -40.35 82.50 28.46 -57.16 80.51 -98.53 -4.26 0.00 79.32 0.00 0.00 -13.89 -59.60 0.00 0.00 -24.61 21.56 0.00 0.00 -91.88 0.00 0.00 0.00 0.00 0.00 7.00 34.83 -15.41 0.00 0.00 0.00 -56.86 38.59 -3.07 33.82 -38.29 99.88 23.55 0.00 85.83 0.00 0.00 0.00 71.18 11.05 0.00 -62.41 -55.24 0.00 0.00 0.00 0.00 32.77 43.37 -53.82 -70.38 0.00 0.00 0.00 0.00 0.00 63.08 74.64 9.68 43.58 -86.69 0.00 0.00 -94.59 60.10 -0.58 0.00 -54.19 0.00 0.00
0.00 -64.52 -41.81 0.00 -8.85 0.00 42.48 -69.78 75.74 0.00 -77.17 0.00 68.81 -27.34 93.86 0.00 0.00 -69.49 -27.47 17.40 -46.46 -19.09 -71.55 -8.86 62.88 0.00 98.43 0.00 -28.29 -53.73 0.00 -34.75 -65.22 0.00 -41.89 0.00 74.93 -84.43 0.00 -28.57 -82.45 75.67 -91.95 0.57 0.00 0.00 0.00 0.00 0.00 -88.85 0.00 3.45 91.72 90.84 33.67 -95.35 -49.13 2.48 -22.68 -55.27 0.00 0.00 70.20 87.06 99.34 -39.05 5.18 -35.01 52.09 5.26 0.62 -76.21 51.53 65.88 -4.21 0.00 -90.36 78.01 11.36 -18.93 0.00 -67.24 -12.98 0.00 26.33 0.00 33.34 35.38 0.00 -70.22 62.26 0.00 0.00 63.43 0.00 0.00 63.45 0.00 66.92 0.00
-85.71 3.13 -18.56 -3.77 0.00 0.00 10.54 -31.51 -4.43 71.49 0.00 -89.13 60.56 23.57 16.14 0.00 -1.61 84.57 -32.34 1.47 17.56 0.00 14.51 0.00 16.68 -71.09 -67.22 0.00 49.45 53.15 59.12 -17.22 0.00 -11.48 0.00 88.90 -54.97 0.00 -48.06 89.55 -88.06 3.45 29.89 0.00 30.59 99.68 0.00 -59.58 99.09 0.00 32.45 -88.10 0.00 0.00 -52.84 0.00 0.00 30.22 0.00 0.00 0.00 0.00 72.68 0.00 63.30 0.00 0.00 0.00 0.00 0.00 -71.40 94.45 -31.83 0.00 30.07 0.00 0.00 12.01 82.68 -53.26 0.00 0.00 40.92 0.00 -84.54 -66.61 31.27 0.00 74.58 0.00 0.00 0.00 0.00 53.38 0.00 -80.21 -99.33 98.42 0.00 0.00
0.00 0.00 8.94 0.00 0.00 0.00 0.00 -72.58 -52.44 -50.41 57.31 78.16 -13.52 97.73 -85.56 -81.08 -53.17 0.00 0.00 -1.19 86.35 -80.50 -37.89 -47.85 0.00 -48.84 0.00 0.00 67.49 0.00 0.00 0.00 82.22 63.17 87.37 -33.83 41.29 0.00 0.00 0.00 0.00 -97.18 36.77 -27.44 -85.40 0.00 0.00 -9.85 29.56 0.00 0.00 -47.52 0.00 0.00 25.77 -24.30 -20.09 0.00 0.00 73.33 25.30 0.00 0.00 0.00 0.00 -25.58 88.69 0.00 -88.23 9.36 -59.67 -32.10 56.19 0.00 0.00 39.15 -8.54 -87.10 -61.54 0.00 43.61 -35.94 0.00 0.00 -56.85 0.00 63.04 -72.78 -69.49 -33.59 0.00 -94.29 0.00 -29.45 0.00 0.00 -96.83 0.00 -21.73 0.00
-14.85 0.00 -6.68 0.00 0.00 -92.18 0.00 74.85 -80.92 -16.47 -8.04 -70.38 -53.97 66.38 -44.49 -4.99 0.00 0.00 0.00 -24.27 33.06 0.00 0.00 -99.89 -30.87 0.00 0.00 9.41 -8.43 0.00 0.00 -17.97 0.00 0.00 47.87 0.00 -64.82 83.30 -71.78 0.00 98.22 -52.28 -41.27 0.00 0.00 -35.38 -46.57 0.00 29.28 5.00 0.00 0.00 0.00 31.71 -48.36 0.00 0.00 0.00 98.33 76.74 0.00 0.00 -36.31 -82.60 -2.53 55.65 -15.77 43.50 0.00 59.23 39.75 0.00 -61.50 -27.83 -27.20 -24.17 41.30 0.00 0.00 0.00 82.21 67.40 -39.47 67.28 -60.22 -18.97 0.00 -67.30 -24.80 28.75 -8.57 77.03 82.18 -42.08 -17.97 13.88 46.77 -19.65 27.83 -89.55
34.96 0.00 0.00 -74.71 -96.70 0.00 0.00 -43.60 68.80 62.53 0.00 0.00 96.15 -55.50 0.00 0.00 -65.31 0.00 0.00 0.00 6.15 57.54 -86.81 25.56 24.94 10.93 0.00 30.04 64.72 0.00 0.00 91.96 62.74 0.00 -22.87 20.70 -8.63 0.00 -45.85 40.09 86.50 36.18 -8.83 0.00 0.00 33.26 -46.27 -81.01 0.00 80.92 0.00 0.00 88.70 -55.71 -78.58 0.00 -54.91 -49.71 0.00 83.96 -21.56 0.00 0.00 32.00 0.00 0.00 -44.15 -78.21 0.00 0.00 -10.46 6.26 0.00 84.56 -48.32 -45.61 51.80 0.00 -46.40 -53.65 14.53 0.00 30.73 -95.75 -56.90 0.00 84.89 44.34 -70.40 0.00 0.00 58.27 0.00 -27.28 0.00 -99.94 -88.00 -8.29 0.00 0.00
0.00 0.00 -81.81 0.00 -99.31 0.00 73.21 -60.39 0.00 -17.01 -39.30 -39.23 98.64 92.71 16.63 0.00 0.00 0.00 0.00 -42.37 19.45 -39.91 -57.82 -91.67 0.00 14.48 0.00 0.00 93.98 0.00 -38.07 0.00 98.04 45.71 92.67 0.00 -60.50 0.00 88.81 -85.25 -78.96 0.00 0.00 0.00 -44.39 73.02 -6.24 0.00 -44.32 0.00 0.00 85.02 0.00 -77.32 0.00 -26.13 0.00 -77.09 95.89 13.48 0.00 0.00 43.11 -6.20 74.26 0.00 41.74 23.71 28.09 0.00 0.00 -63.43 0.00 -56.85 -74.62 0.00 -21.25 -48.52 39.86 0.00 9.93 50.62 75.11 -7.16 43.28 -85.40 -18.35 0.00 0.00 95.24 -64.36 37.26 68.26 66.62 -69.86 90.48 89.30 4.01 -49.40 0.00
-77.62 0.00 -45.30 0.00 93.71 0.00 16.18 -71.05 72.66 -60.12 94.25 -90.78 0.00 20.24 0.00 0.00 0.00 -80.38 0.00 0.00 0.00 0.00 -12.02 0.00 0.00 0.00 -91.08 96.69 -64.89 0.00 59.55 71.79 27.96 0.00 40.03 0.00 0.00 -76.41 0.00 -53.19 0.00 35.27 0.00 0.00 0.00 0.00 -3.55 84.07 40.73 -36.94 -48.58 0.00 68.41 -47.65 0.00 0.00 55.43 -81.00 0.00 0.00 11.94 0.00 0.00 0.00 0.00 -89.88 0.00 -87.29 -71.88 -23.72 0.00 85.37 5.21 0.00 0.00 -29.48 94.59 0.00 -74.55 27.35 0.00 19.77 -65.63 0.00 24.04 0.00 0.00 92.10 93.92 33.03 0.00 0.00 20.05 71.16 0.00 0.00 56.63 0.00 0.00 0.00
66.86 6.42 0.00 0.00 -46.93 88.13 -15.65 0.00 16.13 -60.46 0.00 -47.25 0.00 0.00 -94.32 -67.82 0.00 0.00 -28.24 17.62 -57.70 21.68 0.00 82.95 0.00 55.80 7.04 0.00 -11.84 -73.69 0.00 38.83 13.61 53.67 0.00 -4.19 47.98 14.91 -12.10 79.11 -52.07 -54.85 0.00 50.26 -58.24 -50.79 -6.12 -5.17 -62.67 -84.57 -51.84 14.09 -31.82 -8.95 0.00 46.27 0.00 0.00 77.15 0.00 -91.33 -74.23 0.00 -1.18 91.62 0.00 81.57 -56.94 -20.23 -54.91 -80.90 0.00 0.00 0.00 -69.42 -64.04 14.91 -84.23 0.00 50.87 0.00 0.00 0.00 0.00 0.00 -59.99 94.88 0.00 -64.00 -14.84 82.34 -22.23 34.37 13.42 0.00 -90.20 -91.10 28.85 -42.03 22.99
-65.77 0.00 49.02 6.46 -88.62 94.90 69.45 0.00 47.41 -76.28 51.01 -72.32 40.70 -66.70 -53.22 71.29 0.00 0.00 -30.74 98.90 0.00 0.00 87.06 -42.67 -23.89 0.00 -80.87 0.00 0.00 0.00 30.55 0.00 0.00 98.48 -61.33 0.00 0.00 -91.69 70.05 89.30 -44.68 78.95 18.14 50.50 0.00 39.15 0.00 0.00 0.00 52.37 -0.48 0.00 -17.19 -99.05 31.62 0.00 0.00 0.00 0.00 -47.75 0.00 48.37 92.55 -59.53 0.00 0.00 76.05 0.00 33.25 0.00 -26.23 -39.97 0.00 0.00 0.00 41.74 0.00 43.04 0.00 0.00 -41.08 66.00 -62.43 72.24 0.00 -77.67 0.00 68.12 70.71 -39.00 0.00 -86.37 0.00 40.75 -49.71 0.00 -31.04 19.69 -94.37 0.00
-80.55 0.00 -3.96 0.00 0.00 0.00 58.00 56.18 78.86 58.96 0.00 25.01 0.00 -31.69 0.00 0.00 44.53 17.55 8.78 0.00 20.57 -49.21 82.56 -82.20 -70.27 0.00 0.00 62.80 0.00 -23.28 95.73 -99.64 -13.84 0.00 0.00 -81.95 -94.31 -43.14 -20.95 0.00 -43.47 97.61 0.00 66.55 25.49 0.00 54.50 0.00 72.18 82.16 -49.46 0.00 67.39 75.54 0.00 -33.40 0.00 63.55 0.54 0.00 34.91 8.07 0.00 0.00 0.00 0.00 0.00 -44.70 -56.31 -34.16 0.00 6.09 0.00 -36.55 -16.36 73.04 0.00 -73.76 0.00 0.00 0.00 0.00 97.57 68.76 -36.19 0.00 -16.28 0.00 86.82 0.00 6.71 40.58 3.07 0.00 63.25 0.00 75.39 0.00 6.83 25.94
0.00 29.88 0.00 -21.00 8.09 0.00 -82.38 -16.41 0.00 20.84 0.00 0.00 0.00 21.43 -52.87 -78.63 0.00 0.00 0.00 0.00 -43.66 92.41 -23.33 0.00 37.24 -41.76 -80.03 -99.32 41.88 0.00 0.00 93.01 -35.87 0.00 76.65 98.97 0.00 27.94 0.00 -39.64 85.78 0.00 -65.35 0.00 -61.86 26.06 -64.90 0.00 -86.48 0.00 -67.12 0.00 61.04 43.41 49.09 6.34 0.00 0.00 0.00 0.00 98.24 -67.32 0.00 0.00 -72.83 19.67 0.00 17.02 0.00 -14.25 -86.79 9.43 99.64 0.00 50.45 0.00 0.00 67.67 0.00 0.00 0.00 -43.19 0.00 88.34 46.76 -12.98 -47.54 23.40 -14.02 80.40 0.00 -79.03 -28.24 0.00 -47.75 -40.89 0.00 0.00 0.00 97.82
24.56 0.00 0.00 0.00 9.85 -69.31 -14.40 0.00 0.00 -9.54 -83.02 -70.86 -11.31 0.00 0.00 -50.34 0.00 -6.48 0.00 0.00 -54.44 66.69 0.00 79.27 -41.23 0.00 13.32 -83.90 0.00 -53.58 0.00 18.19 0.00 -27.09 -65.25 2.15 59.93 -12.79 0.00 0.00 -37.24 -54.09 0.00 0.00 4.82 -16.27 0.00 54.88 94.28 0.00 80.05 89.90 0.00 18.84 0.00 -10.11 0.00 -42.21 -58.36 80.35 -25.23 -29.22 6.25 0.00 0.00 0.00 61.65 64.30 51.81 65.54 0.00 80.77 -52.21 -21.15 0.00 96.88 0.00 -5.79 97.04 0.00 6.99 66.18 36.40 -33.08 -9.41 0.00 0.00 99.16 50.04 -67.39 20.09 0.00 0.00 0.00 0.00 42.12 0.00 -73.11 0.00 0.13
0.00 32.01 82.94 -72.77 -73.00 -38.22 0.00 0.00 -92.43 1.77 32.56 51.03 -36.59 0.00 34.06 2.84 -33.85 0.00 52.03 0.00 50.63 0.00 45.00 48.90 -17.96 79.25 -6.90 -51.79 15.64 97.23 38.81 0.00 52.00 84.47 71.42 0.00 -27.92 26.58 -64.49 72.21 -4.21 0.00 0.00 -44.35 99.44 22.79 0.00 0.00 17.43 0.00 -55.78 0.00 0.00 0.00 -38.24 -12.81 95.25 62.39 -78.76 -1.92 -71.47 -89.52 0.00 0.00 -14.09 -89.26 96.59 0.00 -94.84 89.99 -10.32 0.00 0.00 0.00 -9.42 42.83 -13.10 -33.41 -5.18 -28.64 -61.99 66.90 0.00 0.00 -64.86 0.00 10.73 0.00 39.10 30.93 66.39 75.75 -9.08 0.00 21.02 0.00 -80.04 0.00 0.00 89.90
-91.79 0.00 -84.80 52.28 0.00 -33.34 50.50 0.00 80.81 0.00 -22.86 -26.39 0.00 91.55 -26.27 15.98 0.00 -81.27 0.00 -99.39 0.00 -93.44 61.56 -12.48 0.00 0.00 0.00 -26.85 -6.42 96.09 0.00 48.37 -39.53 0.00 0.00 0.00 -68.77 -3.69 -63.22 99.37 -37.31 -87.48 0.00 0.00 -9.71 -79.09 0.00 0.00 -30.31 -19.82 -70.88 22.10 -30.34 33.00 0.00 0.00 0.00 0.00 0.00 0.00 0.00 9.80 0.00 -12.33 0.00 -52.66 0.00 0.00 83.42 16.43 21.07 0.00 0.00 0.00 0.00 0.00 0.00 36.60 35.16 58.90 43.16 33.93 -16.38 -83.69 -72.50 -20.30 64.68 25.19 48.14 0.00 0.00 0.00 -1.81 61.97 47.51 0.00 0.00 0.00 0.00 60.88
-88.31 0.00 0.00 -25.00 -81.00 0.00 -18.62 92.39 -14.67 -96.53 -0.75 -81.68 13.28 0.00 86.92 -34.33 33.90 0.00 3.34 0.00 0.00 -76.06 -29.51 -24.29 82.84 0.00 -86.35 -53.16 0.00 -33.55 0.00 0.00 -32.83 -25.66 0.00 83.37 -30.95 0.00 99.53 31.50 67.25 98.70 16.21 0.00 65.33 -89.62 -71.59 84.33 0.00 -8.24 -79.21 0.00 0.00 -30.34 0.00 0.00 32.45 0.00 20.04 0.00 0.00 25.19 -17.07 0.00 44.17 -71.94 -83.18 -52.50 0.00 -47.99 24.52 0.00 60.42 0.00 -27.95 38.17 0.00 -92.75 75.72 -57.46 0.00 0.00 18.81 59.08 0.00 11.60 55.54 27.78 16.05 0.00 54.24 0.00 -56.01 0.00 -18.63 64.62 0.00 -27.60 0.00 0.00
0.00 0.00 2.91 0.00 0.00 -6.41 30.41 0.00 -90.23 0.00 0.00 -36.76 -12.35 0.00 72.17 46.17 0.00 -68.19 -99.77 0.00 0.00 62.99 16.53 0.00 -10.55 -12.50 0.00 -23.06 0.00 61.50 -37.12 21.41 0.00 74.42 0.00 42.63 -59.79 70.70 -8.57 0.00 95.75 -1.52 0.00 -92.53 49.98 79.68 26.06 51.81 0.00 0.00 0.00 0.00 0.00 0.00 0.00 0.00 -10.72 -33.83 0.00 -17.40 -43.11 0.00 13.15 45.84 0.00 0.00 44.55 -14.69 -8.00 -86.44 -14.46 0.00 0.00 0.00 -7.81 67.30 0.00 0.00 0.00 0.00 -87.81 0.00 0.00 -83.11 0.00 0.00 -18.55 0.00 -89.10 0.00 16.98 -97.15 0.00 85.32 -40.39 -56.94 93.23 0.00 51.04 0.00
0.00 -23.99 0.00 0.00 28.91 0.00 0.00 95.73 0.00 -36.80 0.00 45.79 21.78 0.00 0.00 -47.79 0.00 -64.94 87.95 34.81 29.17 0.00 1.09 17.85 10.92 -76.40 0.00 -52.95 24.48 46.36 0.00 0.00 39.24 -8.22 0.00 58.55 93.34 73.23 69.45 0.00 10.32 0.00 0.00 0.00 -86.72 91.98 69.93 -6.45 0.00 0.00 85.20 0.00 0.00 58.17 69.56 14.10 53.89 -30.04 0.00 -40.12 0.00 0.00 -24.34 0.00 22.17 0.00 0.00 0.00 0.00 0.00 0.00 32.15 0.81 -5.82 0.00 0.00 -38.69 0.00 0.00 0.00 0.00 0.00 0.00 0.00 -60.90 -87.98 72.23 -0.08 -3.72 0.00 33.92 -53.73 -27.28 -37.10 -95.19 0.00 -33.94 0.00 0.00 0.00
-26.67 74.27 -86.42 -13.39 66.24 0.00 83.51 80.16 88.64 0.00 78.88 0.00 0.00 0.00 86.92 2.73 0.00 0.00 0.00 32.77 0.00 -43.12 0.00 0.00 0.00 0.00 62.61 0.00 -54.37 0.00 79.05 31.96 83.66 0.00 10.44 93.28 -40.04 59.67 0.00 0.00 -97.30 59.88 -44.05 0.00 36.62 -93.86 0.00 28.67 -63.28 0.00 -89.04 0.00 0.00 -68.07 10.05 -77.57 0.00 0.00 -54.49 96.66 -74.13 0.00 -33.78 0.00 76.81 0.00 -85.50 0.00 -54.90 0.00 0.00 -99.07 0.00 17.23 -84.93 0.00 -42.19 17.04 -39.30 -25.94 -51.01 0.00 0.00 0.00 -55.65 84.50 -20.53 41.53 44.17 -17.82 0.00 1.40 0.00 -62.68 -44.00 7.55 -96.81 0.00 -7.27 55.72
-64.87 -97.23 78.15 0.00 0.00 0.00 -19.36 -63.36 0.00 0.00 -58.78 84.08 -49.35 -44.28 -70.83 -48.42 -89.85 -55.76 9.39 64.40 0.00 42.15 -79.34 0.00 0.00 -49.41 0.00 -76.29 0.00 -94.85 0.00 0.00 30.07 65.24 0.00 0.00 0.00 0.00 0.00 86.53 0.00 -50.55 0.00 -33.37 -38.95 0.00 5.45 -88.62 -35.75 -64.62 67.10 -0.62 -24.63 82.45 0.00 0.00 0.00 -82.78 0.00 0.00 0.00 12.01 -76.34 -98.71 62.66 -20.62 -32.33 -48.55 26.74 49.12 60.84 -8.87 0.00 0.00 0.00 -8.73 -81.30 78.94 52.19 -38.93 0.00 0.00 9.00 0.00 0.00 17.42 0.00 0.00 0.00 0.00 -52.41 0.00 0.00 58.45 -78.75 8.65 0.00 1.10 0.00 -30.15
-89.90 36.49 0.00 -63.06 0.00 0.00 9.48 -88.15 0.00 0.00 0.00 -43.40 63.91 0.00 61.07 0.00 -19.74 0.00 65.21 23.72 96.86 0.00 -29.92 0.00 0.00 0.00 75.17 0.00 0.00 60.80 0.00 0.00 -80.80 73.22 0.00 -10.86 47.68 0.00 0.00 91.92 -31.93 -0.14 -9.81 77.07 -45.52 75.00 0.00 0.00 0.00 72.72 12.94 0.00 -16.36 -26.19 0.00 0.00 0.00 82.79 30.95 -52.50 -43.06 0.00 -59.58 -3.44 13.54 -95.68 0.00 -42.38 -69.00 0.00 0.00 -93.27 0.00 0.00 81.35 -34.94 -23.18 0.00 93.72 0.00 0.00 -74.14 -3.98 -95.87 15.00 -19.10 0.00 -66.74 83.07 0.00 80.76 23.45 0.00 0.00 0.00 60.13 -27.56 0.00 -1.56 0.00
0.00 70.05 0.00 0.00 85.38 -80.72 0.00 -18.94 -94.63 50.23 0.00 0.00 0.00 28.57 -0.48 -72.15 -74.88 -49.74 -67.82 19.96 -18.74 -23.88 1.30 46.33 0.00 0.00 0.00 52.94 32.22 72.19 -13.84 36.36 -12.82 0.00 0.00 67.06 -93.18 0.00 7.45 47.81 30.27 4.78 0.00 0.00 -42.55 0.00 -71.29 0.00 -25.18 0.00 -19.96 0.00 -14.80 55.88 -14.59 -64.57 21.65 0.00 84.93 0.49 0.00 46.78 -64.82 0.00 0.00 32.67 3.94 0.00 0.00 0.00 53.65 -91.21 0.00 0.00 -94.77 -0.03 98.94 74.66 9.36 0.00 -14.90 48.22 -66.26 0.00 0.00 0.00 0.00 0.00 -47.85 0.00 55.04 0.00 41.19 -62.83 0.00 -14.69 -54.04 0.00 -5.38 51.23
20.78 74.66 0.00 -26.37 0.00 13.87 0.00 0.00 -2.73 9.06 0.00 0.00 -64.49 0.00 0.00 0.00 19.40 0.00 0.00 0.00 -53.24 -80.51 0.00 91.79 79.43 0.00 23.43 0.00 45.44 -74.58 65.87 -17.39 0.00 -75.64 0.00 40.53 91.98 46.67 25.95 -37.08 98.82 -19.01 0.00 0.00 -95.89 -64.02 0.00 66.30 0.00 -12.72 67.82 0.00 54.73 0.00 -91.94 0.00 0.00 79.68 -71.65 59.14 -23.05 0.00 74.63 -68.15 96.35 -78.62 -48.65 88.14 0.00 0.00 -61.99 0.00 -88.02 70.78 0.00 0.65 0.00 77.86 -46.62 25.01 55.59 0.00 -17.44 0.00 0.00 0.00 0.00 0.00 0.00 8.88 0.00 0.00 -18.47 0.00 0.00 45.49 7.69 0.00 62.52 86.81
0.00 0.00 0.00 80.89 0.00 0.00 0.00 66.02 -25.92 85.91 57.95 19.35 0.00 65.58 86.31 0.00 -21.52 0.00 -20.27 60.93 10.34 13.29 0.00 -80.49 98.90 1.42 0.00 0.00 0.00 -42.48 -89.13 9.40 58.17 -74.07 62.78 20.38 81.52 0.00 -17.45 0.00 -70.75 0.26 0.00 0.00 -71.97 0.00 0.00 74.16 0.00 0.00 -0.02 -85.17 0.00 92.25 -34.00 26.12 0.00 0.00 78.15 -76.06 -54.53 80.93 -52.55 0.00 23.95 -39.34 -54.42 -28.51 73.95 -34.91 0.00 -29.62 12.57 0.00 59.83 18.47 -78.04 0.00 0.00 0.00 55.20 44.40 0.00 -78.06 -24.42 25.92 4.49 42.04 0.00 0.00 -36.62 69.73 0.00 0.00 53.40 63.36 0.00 0.00 -78.24 45.64
-33.44 0.00 0.00 0.00 47.89 0.00 0.00 23.78 0.00 27.72 0.00 93.36 0.00 0.00 0.00 41.92 0.00 75.17 54.51 -97.43 -79.25 0.00 -74.00 76.52 0.00 23.05 33.59 26.29 -17.13 -47.95 0.00 48.25 0.00 0.00 -61.93 0.00 96.46 0.00 70.19 50.86 59.58 0.00 0.00 11.89 30.10 -77.05 -18.39 -16.50 0.00 -76.49 3.38 0.00 -70.87 0.00 -9.92 0.00 0.00 0.00 0.00 -48.74 90.13 0.00 0.00 -82.21 -18.18 0.00 0.00 32.04 -69.84 0.00 0.00 -63.68 0.00 34.61 -11.88 0.00 -0.47 48.33 -88.83 -66.88 -25.39 0.00 0.00 0.00 31.25 -14.83 -39.94 0.00 -93.48 18.83 -32.55 0.00 57.38 -21.60 79.34 0.00 -12.52 38.56 -1.84 0.00
70.98 0.00 62.08 -98.47 -62.69 -47.85 0.00 0.00 -10.00 0.00 0.00 -72.57 0.00 7.15 -90.98 59.47 37.31 0.00 -54.66 0.00 0.00 31.28 -74.57 82.09 -20.40 -26.19 -84.80 91.42 -94.95 37.58 0.00 -48.53 -51.21 0.00 0.00 0.00 -43.59 18.93 0.00 0.00 -93.84 0.00 72.02 -1.74 30.85 0.00 10.58 -66.38 0.00 39.03 -27.35 0.00 -27.64 0.00 0.00 0.00 0.00 0.00 0.00 76.35 0.00 62.01 62.36 -59.02 0.00 -30.85 0.00 -91.42 -99.55 0.00 -56.34 -8.86 68.94 6.30 0.00 -26.78 0.00 -51.46 80.11 0.00 -11.58 0.00 -22.84 0.00 0.00 -77.63 -36.80 0.00 28.64 8.37 19.61 -15.23 0.00 51.74 0.00 0.00 -8.37 0.00 0.00 -79.77
-17.41 0.00 0.00 0.00 -60.59 -46.14 -41.18 49.27 0.00 0.00 26.22 -64.84 48.48 0.00 25.79 13.36 -45.17 0.00 34.37 13.81 -1.51 -74.50 -17.26 -58.00 0.00 -1.28 68.49 0.00 -40.69 0.00 0.00 -75.66 -54.35 0.00 18.89 -12.45 -88.51 0.00 -72.75 -55.64 -3.74 0.00 79.00 73.20 0.00 16.49 0.00 -38.42 0.00 -87.40 0.00 70.35 0.00 57.61 0.00 0.00 0.00 99.08 0.00 -3.43 -70.02 47.55 -77.65 43.34 0.00 -97.63 0.00 56.72 0.00 0.00 -42.86 0.00 0.00 38.08 0.00 -80.57 0.00 0.00 77.09 80.08 55.36 0.00 0.00 0.00 82.79 0.00 0.00 0.00 0.00 0.00 0.00 0.00 0.00 -60.62 79.71 -71.57 58.28 -32.75 -60.08 -77.27
11.61 73.39 -98.28 22.02 0.00 0.00 0.00 -10.13 0.00 0.51 34.62 0.00 -39.78 0.00 0.00 0.00 -41.88 33.70 94.00 0.00 0.00 -11.90 0.00 0.00 18.45 0.00 -83.66 -68.57 20.83 0.00 -89.74 0.00 0.00 0.00 25.78 0.00 0.00 -3.89 0.00 0.00 -33.10 0.00 0.00 2.86 0.00 0.00 13.39 -77.74 22.85 52.77 -98.04 51.28 0.00 0.00 0.00 48.25 6.42 -71.60 70.99 0.00 0.00 -44.77 -98.22 -90.09 77.25 0.00 -8.34 10.43 0.00 0.00 49.08 89.09 68.55 19.98 83.08 -6.15 0.00 -61.58 0.00 -63.38 25.28 96.46 -15.91 -11.74 -7.44 51.00 -71.68 0.00 -94.06 73.26 51.18 95.93 -87.58 0.00 0.00 0.00 39.66 81.38 0.00 0.00
0.00 56.05 68.07 89.57 0.00 -88.73 -92.95 99.49 0.00 -74.27 35.92 0.00 0.00 47.12 -87.99 25.00 52.87 0.00 0.00 0.00 31.99 0.00 0.00 0.00 0.00 45.28 0.00 -53.29 -92.39 81.90 -90.81 -95.93 0.00 -34.01 0.00 -2.55 33.84 0.00 0.00 -83.02 25.77 77.00 0.00 -72.56 14.15 -89.88 0.00 0.00 0.00 -60.14 -46.19 -71.30 -66.89 0.00 -78.13 0.00 -44.52 -55.62 -71.08 -45.04 7.32 0.00 64.85 0.00 -60.72 19.33 27.05 0.00 0.00 92.15 -11.48 0.00 0.00 0.00 0.00 -27.67 0.00 -61.15 0.00 -3.86 0.00 0.00 -8.57 0.00 -51.96 0.00 0.00 0.00 37.42 94.63 82.70 8.46 -51.19 0.00 8.46 22.66 -23.75 -77.39 69.99 53.32
0.00 13.63 0.00 0.00 0.00 98.70 0.00 86.43 35.50 -45.83 0.00 0.00 0.00 0.00 0.00 0.00 0.00 -31.98 0.00 0.00 -98.38 0.00 46.34 0.00 -87.46 -96.33 0.00 85.62 0.00 31.88 67.94 0.00 77.76 -42.40 0.00 0.00 -59.74 -46.19 0.00 0.00 53.74 0.00 68.90 0.00 1.85 28.36 63.53 21.75 -25.97 -50.46 -69.80 96.69 25.80 0.00 -9.98 0.00 66.68 16.32 -96.36 -97.43 39.96 0.00 76.35 -6.05 0.00 0.00 0.00 -54.82 -84.82 -22.51 0.00 -42.28 -81.15 0.31 0.00 -73.20 86.79 15.27 0.00 -15.59 0.00 -35.75 0.00 0.00 69.08 -24.65 -29.64 8.13 0.00 -96.29 0.00 0.00 -28.91 -70.13 0.00 -22.26 0.00 20.63 0.00 -2.72
0.00 11.63 0.00 -16.37 0.00 0.00 87.31 15.51 99.96 0.00 0.00 0.00 -71.85 0.00 55.29 0.00 77.12 0.00 0.00 -58.29 -50.77 0.00 0.00 0.00 -77.71 0.00 0.00 -43.11 26.72 0.00 0.00 0.00 0.00 0.00 -19.99 12.95 -72.98 6.82 0.00 0.00 0.00 36.95 42.29 0.00 91.23 0.00 0.00 0.00 -98.81 48.57 0.00 0.00 0.00 3.78 8.76 -43.31 44.70 0.00 79.85 23.77 0.00 0.00 0.00 -40.36 0.48 0.00 -78.95 71.28 84.11 0.00 0.00 -54.44 0.00 23.99 0.00 0.00 0.00 -78.74 10.92 -20.72 -64.42 0.00 52.63 0.00 28.51 -42.13 0.00 0.00 -90.49 0.00 -7.56 37.89 0.00 0.00 59.68 56.67 0.00 -18.09 -3.38 36.17
10.34 35.02 -15.27 0.00 -85.89 -56.22 0.00 78.64 58.82 0.00 -76.38 2.40 0.00 -81.55 0.00 61.31 0.00 23.45 -73.07 0.00 0.00 82.63 69.01 0.00 0.00 50.93 -58.91 17.14 0.00 -69.80 0.00 0.00 -23.32 -30.24 0.00 0.00 95.92 34.55 16.49 25.56 9.64 0.00 -23.84 0.00 -17.77 91.55 72.78 -81.61 1.88 7.79 40.33 0.00 0.00 53.21 88.78 18.96 0.00 12.02 0.00 0.00 -50.39 -78.64 67.68 0.00 0.00 0.00 0.00 0.00 -89.09 82.02 94.62 -69.26 0.00 88.24 0.00 45.54 9.05 0.00 0.00 0.00 5.37 -87.06 85.73 75.13 -91.15 0.00 57.48 28.82 34.42 0.00 -32.88 0.00 -95.03 0.00 0.00 -46.15 -4.13 77.75 9.45 0.00
-65.04 0.00 22.75 -50.23 88.17 11.52 68.74 0.00 0.18 61.13 -72.70 -32.15 -90.75 -53.48 -37.54 0.00 -22.80 -65.25 0.00 -54.80 0.00 86.25 40.12 0.00 -41.86 0.00 -90.83 0.00 52.46 0.00 0.00 4.21 66.66 -18.73 0.00 -24.17 0.00 0.00 -29.02 0.00 23.46 0.00 0.00 0.00 29.68 66.85 38.41 -60.88 -98.20 0.00 0.00 -38.85 0.00 -11.11 89.97 -90.12 -5.17 0.00 27.35 0.00 -91.79 59.34 0.00 0.00 -67.59 -82.54 -94.14 -5.13 0.00 31.88 0.00 -22.18 77.29 18.12 -44.85 0.00 0.00 0.00 0.00 -64.58 0.00 27.30 0.00 -92.40 76.84 0.00 31.16 0.00 0.00 26.08 0.00 0.00 0.00 -47.34 0.00 -97.87 -13.26 0.00 82.34 -93.82
-74.85 0.00 0.00 0.00 0.00 0.00 -78.55 -54.80 23.51 47.56 -27.63 70.60 -20.41 99.73 78.82 -23.86 -67.87 0.00 -66.52 -18.00 0.00 64.21 0.00 65.36 0.00 0.00 59.82 0.00 0.00 78.70 0.00 -16.52 0.00 -85.04 -48.67 -52.02 -40.23 -71.84 79.14 -76.94 -19.17 0.00 81.27 0.00 0.00 0.00 9.80 0.00 0.00 0.37 -75.35 0.00 72.16 59.04 -30.15 -4.33 6.59 42.23 0.00 0.00 -33.74 -76.62 0.00 0.00 0.00 41.95 0.00 -17.72 -0.48 0.00 0.00 -88.72 15.77 0.00 -81.28 -87.31 0.00 -18.88 -84.25 91.40 0.00 -98.20 -32.08 0.00 0.00 -20.07 -13.01 0.00 0.00 27.70 0.00 8.09 -33.88 87.97 -73.88 0.00 -15.41 0.00 0.00 0.00
34.97 0.00 26.50 9.25 7.13 -14.47 79.10 -60.00 0.00 0.00 -70.68 0.00 0.00 58.53 43.47 0.00 0.00 -47.30 37.68 -74.25 0.00 0.00 89.44 0.00 0.00 86.17 0.00 78.73 -91.85 98.87 -2.95 0.00 -76.10 -72.54 36.07 -8.17 7.39 -76.95 0.00 0.00 -43.27 -47.32 -10.82 0.00 -55.31 0.00 0.00 0.00 -21.19 -89.03 0.00 0.00 0.00 0.00 0.00 0.00 -83.14 0.00 -94.70 57.43 61.20 -9.17 73.74 -98.81 0.00 0.00 57.36 0.00 32.26 0.00 0.00 0.00 0.00 81.88 0.00 0.00 -89.95 -30.06 0.00 -55.17 99.49 -43.90 -76.45 -55.15 -7.83 20.60 -31.25 0.00 56.84 0.00 -6.13 97.79 0.00 -35.78 0.00 0.00 16.93 -45.49 0.00 0.00
0.00 16.91 -56.69 0.00 0.00 36.41 -67.08 0.00 -45.72 53.28 -61.78 0.00 -51.08 0.00 14.47 0.00 0.00 0.00 66.26 -77.35 52.88 23.61 92.12 0.00 71.96 0.00 70.87 -37.95 -83.22 -92.44 55.37 -22.46 0.00 -47.59 0.00 -15.26 0.00 -64.66 58.37 0.00 0.00 0.00 -58.42 29.22 56.16 43.01 -53.86 -52.13 -2.88 26.66 0.00 84.29 0.00 0.00 0.00 30.04 0.00 0.00 -81.86 74.77 68.26 -32.94 0.00 26.44 0.00 71.72 -10.29 16.52 0.00 0.00 0.00 0.00 0.00 0.00 -4.68 -18.17 0.00 0.00 -11.53 3.40 0.00 0.00 81.09 42.46 10.96 0.00 0.00 73.66 -42.80 63.37 0.00 0.00 -41.60 0.00 -7.45 58.94 37.19 -41.03 15.09 -19.81
0.00 42.32 0.00 0.00 0.00 -99.83 0.00 0.00 77.32 -31.03 84.46 0.00 44.56 0.00 -12.89 0.00 0.00 96.43 50.03 0.00 0.00 54.18 0.00 60.07 21.74 -18.91 -23.41 -45.73 -99.88 -97.74 0.00 57.67 0.00 0.00 81.22 0.00 0.00 0.00 44.73 -31.38 0.00 92.08 0.00 -60.87 -30.81 -49.53 31.68 -71.88 -75.14 -72.15 80.43 5.06 70.17 0.00 80.60 19.58 -60.87 0.00 -97.75 0.00 1.34 0.00 63.46 98.68 -48.64 17.63 0.00 0.00 58.74 0.00 0.00 -89.69 0.00 0.00 -64.08 -27.47 -35.42 -63.95 -25.20 0.00 -77.76 0.00 0.00 -45.53 0.00 -43.27 28.07 -53.46 -4.14 0.00 -65.54 34.23 0.00 0.00 0.00 -35.25 -37.42 96.30 0.00 29.81
-19.79 1.35 0.00 -0.02 -39.20 -41.87 0.00 76.32 0.26 0.00 0.00 96.69 39.77 -1.07 0.00 -51.96 0.00 -5.40 -5.12 0.00 -41.65 30.53 -95.39 0.00 60.14 -96.22 0.00 -20.59 -80.42 -41.75 0.00 73.35 84.86 42.00 0.00 6.42 0.00 -80.69 0.00 13.43 71.17 0.00 0.00 -18.10 9.73 38.18 62.11 -51.72 0.00 -61.85 0.00 0.00 -39.88 0.00 43.63 0.00 -85.53 60.38 0.00 0.00 40.31 91.45 0.00 0.00 0.00 0.00 -3.48 -74.45 -13.95 -71.40 -16.09 -83.43 -66.79 -18.75 -42.44 0.00 49.84 0.00 0.84 15.81 23.18 0.00 -14.31 0.00 -4.99 -33.20 5.01 0.00 -91.56 -24.83 -75.89 55.38 -86.65 0.00 0.00 0.00 -76.58 -96.35 -48.50 0.00
20.75 47.28 3.18 0.00 0.00 -18.87 0.00 0.00 24.79 0.00 -5.37 0.00 0.00 -85.15 50.35 0.00 0.00 80.68 0.00 0.00 -56.55 -28.54 -65.55 0.00 13.87 52.71 -7.99 -36.30 -9.25 -54.98 -75.91 -86.35 0.00 40.03 0.00 -9.11 0.00 0.00 55.87 0.00 0.00 85.68 66.07 -82.82 0.00 0.00 0.00 41.05 79.42 -59.40 0.00 81.92 -31.88 0.00 0.00 61.36 66.40 0.00 71.31 -20.31 -8.81 0.00 3.14 0.00 0.00 -5.46 0.00 0.00 0.00 0.00 0.00 0.00 -58.47 0.00 0.00 -16.19 75.20 12.99 55.47 0.00 0.00 -10.94 2.90 0.00 -15.32 89.98 -69.14 29.70 0.00 -85.94 -55.49 0.00 6.93 42.16 0.00 0.00 -99.63 0.00 29.82 45.43
-45.24 8.07 0.00 0.00 62.05 0.00 -4.64 -10.02 -69.83 -6.08 -43.62 0.00 -61.32 -89.19 47.57 0.00 0.00 41.82 5.35 0.00 -73.70 -37.17 0.00 0.00 -19.46 76.50 0.00 -81.71 -93.19 -20.61 40.18 96.79 0.00 0.00 0.00 10.25 0.00 7.08 -51.95 0.00 0.00 0.00 91.97 0.00 0.00 -86.00 -72.59 0.00 -70.46 81.03 0.00 72.85 0.00 0.00 -15.70 0.00 -10.90 0.00 34.89 -83.13 -83.72 65.06 10.79 -27.34 0.00 -96.27 0.00 21.61 0.00 0.00 0.00 0.00 -42.57 82.76 0.00 0.00 0.00 0.00 -35.84 -16.27 -54.42 81.92 -39.78 0.00 0.00 0.00 -36.13 0.00 0.00 0.00 0.00 -74.07 0.00 0.00 76.83 -95.96 0.00 0.00 -77.29 0.00
0.00 24.28 11.12 7.97 0.00 16.25 0.00 0.00 62.34 35.38 45.79 0.00 0.00 0.00 80.57 45.43 0.00 -32.70 -30.34 -19.68 0.00 0.00 -15.83 23.16 -17.42 0.00 -67.84 95.82 23.53 0.00 53.77 0.00 -46.75 6.28 0.00 0.00 -44.86 74.19 51.87 -62.95 0.00 0.00 -28.38 -47.06 0.00 0.19 0.00 -14.35 -5.80 60.11 -90.08 -57.48 -31.93 63.38 0.00 0.00 -57.94 -59.35 9.17 -77.37 -76.71 76.47 0.00 0.00 29.50 40.82 -2.16 0.00 -47.35 0.00 0.00 -76.61 0.00 30.00 -14.32 84.13 0.00 20.98 76.14 27.62 76.12 87.53 16.69 0.00 -49.63 -40.86 69.63 50.56 44.79 0.00 1.03 0.00 0.00 10.66 91.93 43.56 -84.07 55.30 0.00 85.62
-6.21 1.67 0.00 0.00 -54.55 17.08 0.00 15.34 0.00 -87.84 -42.11 -86.83 -35.19 0.00 18.50 0.00 43.18 87.70 0.00 2.62 -35.85 63.83 0.00 0.00 -32.56 -22.53 0.00 51.36 0.00 84.13 65.05 -52.30 90.97 52.81 -70.30 -8.01 0.00 0.00 0.00 -36.54 0.00 0.00 -78.38 -64.46 16.60 0.00 -85.88 -41.63 -89.62 0.00 15.80 0.00 41.03 27.47 0.00 -68.87 53.19 -77.44 -55.69 -44.79 41.06 -75.31 0.00 0.00 -57.10 -19.11 0.00 26.05 0.00 0.00 -56.06 0.00 0.00 48.33 0.00 -96.49 -67.50 69.67 0.00 -94.24 -19.80 60.63 58.57 9.90 0.00 0.00 0.00 -47.39 0.00 -40.77 68.73 25.37 75.83 82.86 0.00 0.00 83.74 -76.59 0.00 -1.35
0.00 0.00 61.97 88.09 0.00 66.99 0.00 15.16 0.00 -89.35 -88.71 -92.43 88.92 0.00 0.00 -26.81 0.00 -12.32 0.00 0.00 -30.20 0.00 99.24 0.00 31.62 -44.66 -60.05 0.00 0.00 0.00 -98.68 -75.00 -54.29 0.00 0.00 -18.47 0.00 85.63 0.00 -95.73 0.00 -71.37 0.00 -61.77 -36.50 0.00 0.00 -65.43 0.00 63.60 -23.47 0.00 -82.58 0.00 0.00 84.54 0.00 -0.05 0.00 53.28 0.00 0.00 83.72 -11.97 0.00 20.26 -1.13 0.00 35.89 0.00 0.00 0.00 0.00 0.00 68.77 43.65 0.00 24.81 -20.84 0.00 0.00 0.00 -68.68 94.61 0.00 -21.60 -99.85 -12.85 18.35 0.00 -98.53 0.00 12.15 -98.73 20.21 0.00 0.00 -2.23 -94.46 48.85
73.22 0.00 0.00 6.26 83.42 0.00 74.02 -80.01 -61.96 95.77 19.94 0.00 0.00 91.32 79.48 0.00 0.00 -54.82 48.78 -21.66 -81.73 54.75 -40.81 0.00 0.00 0.00 0.00 0.00 43.08 -66.09 -9.49 74.90 0.00 49.52 0.00 0.00 -9.34 0.00 -37.96 -32.14 29.35 0.00 0.00 0.00 74.20 -30.87 0.00 0.00 -50.45 9.17 0.00 0.00 0.00 0.00 0.00 11.89 98.40 -17.62 0.00 -44.65 -80.99 -6.39 0.00 -24.66 -5.74 -10.63 0.00 0.00 0.00 0.00 0.00 0.00 95.29 0.00 22.78 -31.16 0.00 0.00 -22.33 -28.44 0.00 84.39 0.00 0.00 -4.06 0.00 -36.49 0.00 -56.43 -23.77 34.63 0.00 34.08 0.00 -48.88 -15.86 0.00 -38.05 50.37 89.22
-71.50 0.00 0.00 0.00 0.00 61.77 -4.45 0.00 -21.95 -29.06 -92.57 13.66 90.53 -0.01 69.88 -15.87 0.00 0.00 75.34 -35.86 -89.30 0.00 0.00 0.00 -92.18 0.00 0.00 86.92 0.00 0.00 0.00 0.00 -20.46 -14.51 -4.32 0.00 -36.08 -81.37 59.20 44.70 0.00 -5.14 0.00 0.00 -6.18 -21.22 0.00 83.19 77.97 77.94 70.77 -95.62 -56.36 32.53 0.00 0.00 0.00 -0.07 0.00 0.00 21.69 0.00 -59.33 0.00 44.58 0.00 -27.45 -68.80 -55.44 -57.57 52.54 0.00 -80.11 0.00 0.00 6.57 -99.55 -72.29 30.69 0.00 -20.01 0.00 0.00 0.00 0.00 50.41 0.00 -73.63 0.00 81.13 -93.75 85.57 0.00 25.82 1.11 0.00 0.00 16.59 0.00 -58.20
21.51 0.00 0.00 31.76 -43.06 -7.73 0.00 36.14 0.00 0.58 -75.21 0.00 -63.93 0.00 -77.73 0.00 2.68 80.65 0.00 32.03 0.00 71.09 0.00 0.00 -74.80 74.46 23.62 -54.90 18.23 0.00 61.28 0.00 10.02 -51.08 -58.73 0.00 -39.57 -24.71 0.00 -77.61 -33.32 -39.15 85.42 0.00 0.00 -95.01 -85.36 0.00 -72.78 63.71 46.41 0.00 -15.84 0.00 -44.03 0.00 0.00 0.00 0.00 -17.46 84.75 0.00 17.98 0.00 0.00 18.61 -55.78 0.00 0.00 0.00 -79.35 -0.75 76.25 0.00 91.74 24.46 0.00 50.71 52.56 -93.24 6.14 0.00 0.00 13.84 16.78 0.00 55.06 92.32 0.00 0.00 -85.59 0.00 -69.66 -48.09 -18.91 28.40 0.00 0.00 -62.68 23.30
43.05 -35.46 -13.00 -10.55 48.71 80.19 0.00 0.00 -90.81 0.00 70.66 -1.84 0.00 0.00 27.81 -85.13 0.00 0.00 56.02 -35.74 0.00 0.00 0.00 0.00 0.00 91.12 47.75 0.00 0.00 0.00 -74.08 0.00 79.03 37.51 -67.32 0.00 0.00 -14.83 0.00 -11.45 86.68 -59.78 -19.14 0.00 -98.92 7.78 32.77 19.39 0.00 -26.62 70.10 -20.11 0.00 -46.37 -65.37 66.89 80.29 -79.46 0.00 0.00 47.07 89.49 0.00 0.00 91.20 -17.57 17.29 -93.94 0.00 0.00 0.00 -61.56 81.55 0.00 0.00 -65.61 -76.61 0.00 0.00 0.00 -92.53 0.00 -86.59 0.00 98.12 -22.64 0.00 35.79 0.00 -13.34 -35.97 0.00 -86.78 0.00 67.53 2.33 21.00 37.50 -41.08 0.00
94.38 7.59 38.81 0.00 -14.78 79.44 5.69 -34.50 99.98 0.00 0.00 -10.03 0.00 0.00 -45.02 -71.62 0.00 -90.40 -90.53 -65.56 -14.74 0.00 0.00 91.03 0.00 -31.17 0.00 45.86 0.00 -64.30 19.46 0.00 0.00 0.00 43.97 0.00 0.00 0.00 50.27 -44.76 -69.37 -48.49 0.00 -31.54 0.00 -64.64 0.00 0.00 0.00 53.84 0.00 -73.34 0.00 72.86 -50.04 -41.75 -19.55 88.77 0.00 43.47 -2.91 0.00 31.66 0.00 0.00 0.00 0.00 -91.04 0.00 -2.94 -41.17 0.00 1.16 25.44 -31.56 10.63 97.10 53.70 38.86 0.00 3.13 0.00 -0.45 74.56 0.00 0.00 -40.21 -19.27 62.04 0.00 15.04 48.57 -86.46 -79.30 0.00 83.93 -95.42 -15.42 56.78 0.00
0.00 -45.46 42.83 -25.57 -19.49 23.50 0.00 -91.28 -87.84 32.46 5.79 -29.00 0.00 0.00 0.00 -29.18 -31.57 39.44 81.46 0.00 2.73 0.00 0.00 30.34 20.31 -94.14 -32.91 32.08 0.00 0.00 0.00 2.86 47.82 -5.89 0.00 -82.11 -3.62 7.65 -24.19 0.00 17.51 49.44 0.00 60.39 0.00 11.50 -58.82 40.42 85.93 21.69 -36.09 0.00 0.00 94.66 0.00 33.85 0.00 -66.43 37.65 -57.95 4.40 -56.72 81.49 -14.15 83.23 0.00 0.00 0.00 49.03 -93.85 -73.71 -46.67 0.00 38.23 0.00 0.00 0.00 29.15 -98.86 0.00 0.00 -67.67 0.00 84.26 34.74 0.00 0.00 77.19 0.00 -39.94 0.00 -10.55 0.00 63.83 -79.56 0.00 -99.06 0.00 -95.00 60.86
0.00 0.00 -75.92 0.00 26.69 -38.03 -44.06 0.00 -2.25 0.00 -4.46 -69.21 0.00 0.00 0.00 0.00 0.00 0.00 39.80 0.00 99.94 0.00 -25.93 58.50 -14.22 0.00 0.00 0.00 0.00 0.00 -5.50 44.73 0.00 29.15 0.00 0.00 20.79 98.06 0.00 -32.63 -50.06 0.00 -63.59 0.00 0.00 36.92 -65.81 0.00 -91.65 0.00 0.00 51.31 0.00 0.00 0.00 0.00 31.46 -2.20 15.14 89.11 0.00 -1.25 57.35 0.00 0.00 87.17 22.83 21.25 0.00 -50.87 0.00 0.00 78.77 0.00 -81.01 44.67 0.00 0.00 -90.45 0.00 0.00 96.00 81.82 0.00 20.83 91.70 0.00 0.00 0.00 4.80 -84.67 0.00 0.00 36.43 -66.06 73.33 71.69 38.53 -76.74 -91.91
-24.56 -5.34 0.00 0.00 0.00 -46.35 -36.05 -36.68 51.46 0.00 0.00 0.00 79.09 -47.58 0.00 0.00 -49.80 73.65 -60.42 0.00 0.00 -89.77 -5.11 0.00 25.92 0.00 0.00 0.00 0.00 0.00 0.00 89.00 0.00 51.09 0.00 7.80 -64.25 84.29 -10.39 56.58 0.00 75.99 94.41 0.00 -90.89 49.62 0.00 0.00 -71.65 82.45 0.00 0.00 21.30 0.00 0.00 -95.92 0.00 -57.09 0.00 66.61 -20.48 74.79 0.00 -79.75 43.47 -61.90 71.71 59.77 -9.47 -40.89 33.41 0.00 0.00 0.00 67.32 -30.66 -34.50 0.00 30.45 -4.46 0.00 -83.42 0.00 -61.76 31.29 -61.93 0.00 0.00 27.85 -12.13 -85.95 59.46 0.00 0.00 -3.02 -99.13 -74.99 0.00 16.63 0.00
59.39 -70.91 0.00 59.55 25.99 0.00 45.82 34.33 83.45 -10.71 72.43 92.37 -13.74 0.16 0.00 -11.32 -43.13 4.69 58.03 0.00 0.00 22.37 -64.87 0.00 -9.23 0.00 0.00 76.16 -26.63 -77.94 -85.78 -61.58 47.14 -34.51 0.00 -64.92 0.00 0.00 -18.68 -33.64 -39.90 0.00 0.00 97.96 -37.05 26.40 57.50 0.00 -73.86 -27.78 29.03 0.00 -90.41 0.00 0.00 98.72 1.45 -60.84 0.00 22.18 0.00 -98.39 27.84 79.05 43.51 23.07 38.62 0.00 0.00 78.64 0.00 0.00 0.00 -86.16 14.77 -10.79 0.00 -26.89 0.00 66.20 0.00 27.63 0.00 -42.55 -31.11 99.92 38.77 0.00 35.26 -39.99 0.00 73.93 -64.59 0.00 -76.38 0.00 0.00 0.00 68.63 0.00
-38.44 -4.16 0.00 0.00 -2.35 8.36 0.00 31.76 0.00 0.00 99.11 47.52 -46.07 0.00 -62.08 0.00 -24.65 -67.03 81.43 -64.37 0.00 0.00 71.59 0.00 0.00 97.27 -50.53 23.56 -13.53 59.79 0.00 0.00 0.00 -10.25 -48.70 -82.77 95.86 -48.79 93.21 68.32 48.44 -95.66 0.00 0.00 -96.28 72.06 0.00 72.97 0.00 -34.72 -32.11 -29.38 73.64 99.65 6.93 0.00 21.15 -46.43 0.00 82.06 -66.29 0.00 23.75 0.00 0.00 0.00 0.00 -99.32 0.00 -30.66 32.54 97.95 0.00 56.02 -43.91 -15.59 0.00 0.00 53.01 0.00 0.00 83.05 0.00 72.92 -92.56 0.00 78.90 0.00 -75.88 0.00 -99.36 0.00 47.21 72.56 -95.02 88.15 0.00 0.00 81.82 0.00
-84.84 0.00 -46.58 0.00 -50.30 0.00 0.00 0.00 22.99 -35.73 -13.45 -70.09 -77.38 77.33 -50.83 0.00 -43.67 0.00 38.28 -50.15 62.88 0.00 0.00 -29.19 0.00 -15.00 56.10 64.11 -93.39 0.00 0.00 9.10 84.37 0.00 79.53 0.00 16.54 63.26 0.00 0.00 -96.36 0.00 54.40 0.00 0.00 47.68 -86.59 0.00 0.00 96.59 35.82 95.23 0.00 -88.26 0.00 -73.56 -17.86 0.00 34.73 0.00 -9.29 0.00 0.00 0.00 68.69 0.00 0.00 -98.16 0.00 13.34 83.23 0.00 -11.78 0.00 0.00 -93.13 58.71 0.00 75.28 69.76 -70.48 0.00 -39.73 25.85 93.63 0.00 0.00 0.00 0.00 0.00 -33.12 -27.84 -84.81 -53.60 -74.10 78.46 0.00 -12.74 0.00 80.30
63.34 0.00 0.00 0.67 0.00 76.89 0.00 36.36 0.00 0.00 -4.11 -74.17 0.00 62.80 0.00 0.00 78.03 97.78 0.00 -9.28 0.00 0.00 83.93 -63.18 0.00 0.00 -95.95 0.00 -95.65 25.05 -89.08 63.06 0.00 0.32 -82.12 -70.22 0.00 60.60 0.00 0.00 0.00 0.00 80.95 -39.38 -35.32 -46.90 0.00 0.00 0.00 0.00 0.00 0.00 -24.19 0.00 0.00 0.00 48.30 -21.00 -8.53 -64.45 0.00 -3.49 -45.20 36.22 0.00 10.60 -71.64 -30.69 36.43 91.17 -15.45 34.20 0.00 0.00 0.00 -18.12 5.68 71.03 0.00 0.00 23.14 0.00 10.03 0.00 33.28 0.00 34.06 10.29 -29.20 89.16 0.00 0.00 77.29 -68.61 0.00 70.10 0.00 0.00 0.00 -62.10
33.29 -39.60 0.00 13.71 -18.42 0.00 76.61 0.00 0.00 0.00 0.00 -57.61 17.13 -26.89 -2.81 -9.45 83.71 62.77 59.86 0.00 57.35 53.93 0.00 -18.39 -8.46 0.00 -26.99 0.00 0.00 87.29 -0.23 96.15 34.52 0.00 -29.75 0.00 67.41 -17.98 0.00 41.06 0.00 0.00 0.00 56.56 -40.70 -90.35 0.00 0.00 0.00 0.00 63.86 -2.80 42.94 -75.75 -51.89 0.00 -38.28 -99.14 0.00 -9.50 0.00 0.00 78.85 11.18 0.00 -75.10 0.00 0.00 6.60 0.00 -5.11 87.67 3.67 0.00 0.00 -47.77 78.80 85.28 0.00 80.98 -48.20 0.00 -90.23 0.00 17.96 -14.85 44.29 0.00 0.00 0.00 0.00 88.21 -47.45 0.00 -36.49 66.47 0.00 0.00 -53.68 0.00
22.81 76.13 -89.83 -80.00 0.00 19.06 -28.36 5.33 0.00 0.00 -82.01 9.71 95.83 96.84 0.00 -79.12 0.00 -42.07 0.00 40.65 52.98 0.00 -54.41 -55.69 -57.59 -38.41 -33.21 0.00 0.00 -39.40 13.39 -23.44 0.00 0.00 78.56 98.54 -41.94 -96.04 -11.70 21.57 0.00 70.44 34.62 0.00 0.00 -55.62 0.00 0.00 0.00 46.56 82.00 1.59 2.82 -9.16 -93.09 0.00 20.81 0.00 0.00 0.00 -99.46 0.00 0.00 0.00 0.00 -60.05 54.86 0.00 0.00 -78.57 0.00 0.00 35.09 -4.50 0.00 -88.39 0.00 -82.11 77.02 0.00 0.00 0.00 -45.97 -20.52 -56.20 0.00 0.00 14.63 92.88 20.37 30.39 -71.39 78.43 0.00 71.56 16.91 37.20 79.20 0.00 -11.27
81.58 25.75 0.00 7.94 0.00 20.38 -34.22 98.78 64.50 0.00 -76.21 99.33 0.00 0.00 -58.35 -84.15 0.00 -42.04 0.00 0.00 0.00 0.00 76.75 48.56 0.00 -30.43 0.00 0.00 94.64 25.57 0.00 0.00 60.81 0.00 0.00 11.32 -93.42 12.64 41.40 0.00 26.95 0.00 0.00 0.00 -19.77 70.02 42.58 0.00 0.00 -48.21 24.13 -20.23 -69.02 -87.14 -1.44 93.95 58.01 0.00 -81.07 0.00 -3.07 56.78 -79.37 0.00 0.00 0.00 0.00 20.72 56.10 -37.71 73.79 -85.95 -60.97 0.00 0.00 22.34 20.84 -29.13 -14.88 18.85 0.00 82.19 -8.30 0.00 0.00 -68.51 0.00 23.59 -44.15 11.72 0.00 30.81 98.43 63.51 -45.07 15.40 0.00 -68.30 5.00 -48.84
0.00 -74.36 0.00 0.00 -37.00 7.30 59.78 -43.01 27.94 0.00 0.00 0.00 17.70 -86.92 0.00 90.23 -8.52 0.00 -35.65 0.00 -33.54 -86.18 0.00 -77.61 0.00 74.54 -1.06 41.24 0.00 93.93 0.00 -72.16 72.73 17.51 0.00 -16.31 0.00 21.66 -14.48 -17.89 22.37 0.00 77.67 0.00 -65.29 54.07 19.87 23.09 0.00 -83.09 0.00 -79.92 -69.62 76.69 0.00 -22.93 0.00 58.32 -5.61 27.36 85.75 85.87 91.71 0.00 -10.59 0.00 0.00 0.00 -63.11 0.00 0.00 -85.91 0.00 -36.06 0.00 0.00 0.00 73.04 0.00 55.34 0.00 0.00 -42.13 0.00 -99.13 0.00 65.27 -87.42 -15.44 0.00 -13.08 0.00 -1.89 0.00 -96.13 0.00 -90.71 12.98 0.00 -24.20
-99.44 -67.16 98.89 0.00 0.00 -82.52 0.00 0.00 -47.08 0.00 0.00 -70.74 0.00 -68.63 67.20 -75.21 62.97 0.00 0.00 0.00 0.00 0.00 -5.44 -52.26 0.00 0.00 86.05 0.00 -13.74 37.16 -77.07 0.00 0.00 0.00 0.00 37.57 0.00 -98.91 0.00 -66.82 30.11 0.00 -3.83 0.00 0.00 0.00 -28.74 32.58 8.76 55.83 -80.50 0.00 -55.93 96.91 -34.00 57.05 -27.30 3.77 -72.91 8.79 58.46 -19.98 38.06 0.00 0.00 89.84 -15.58 -99.95 90.01 0.00 78.98 -52.21 76.05 -34.76 0.00 -77.85 0.00 -63.81 -59.99 -39.54 0.00 -30.63 0.00 70.12 56.63 0.00 40.63 39.90 -34.62 0.00 0.00 0.00 33.66 59.40 46.66 67.78 -37.40 3.70 -59.53 0.00
0.00 -96.42 30.80 0.00 0.00 0.00 49.27 62.04 -51.98 24.53 0.00 0.00 0.00 89.08 32.44 61.79 79.09 48.63 0.00 -53.22 55.13 0.00 0.00 0.00 0.00 0.00 0.00 -48.93 -31.06 -71.48 0.00 -8.92 29.40 -2.11 -1.60 23.23 -24.27 -61.71 -74.18 -53.41 -65.10 72.48 0.00 0.00 -85.64 0.00 34.71 13.39 -7.95 0.00 38.29 0.00 -18.61 0.00 -21.48 37.54 0.00 66.62 -96.96 0.00 26.61 -0.95 64.83 42.90 -52.33 -51.19 35.24 0.00 -1.26 17.75 63.76 -72.98 -15.65 -1.14 25.42 -92.42 -88.21 -99.08 -66.60 -41.62 -26.97 -94.13 0.00 9.96 -92.27 19.26 0.00 0.00 -98.00 83.24 0.00 -62.15 0.00 0.00 -19.48 20.77 -95.54 20.77 0.00 -15.42
0.00 3.52 22.80 -72.52 0.00 0.00 88.40 0.00 71.61 99.93 0.00 0.00 24.35 0.00 0.00 26.57 63.68 0.00 88.58 -89.09 0.00 -0.26 51.21 0.00 0.00 -81.51 0.00 11.53 52.13 -48.11 -92.88 0.00 0.00 -74.85 0.00 -5.02 0.00 17.08 -29.91 0.00 -48.56 56.29 -46.68 0.00 -10.70 0.00 0.00 0.00 -63.20 74.09 0.00 -6.24 0.00 94.78 0.00 -41.33 -65.52 0.00 0.00 17.57 23.36 0.00 -77.12 -10.83 23.28 0.00 84.44 0.00 -84.27 0.00 0.00 0.00 24.16 73.01 -36.14 -76.10 61.42 0.00 -17.65 72.64 13.54 71.46 -83.04 0.00 75.90 -33.57 34.04 -54.01 17.87 -9.68 0.00 36.52 -92.84 0.00 64.33 10.61 0.00 0.93 0.00 59.10
0.00 -93.52 35.41 13.87 67.05 0.00 0.00 95.50 0.00 -59.75 27.53 -82.87 -6.81 -11.11 0.00 0.00 -72.65 57.05 50.00 0.00 0.00 88.77 -23.39 0.00 22.64 0.00 0.00 39.52 0.00 -51.94 39.60 0.00 52.62 0.00 14.49 0.00 10.85 0.00 -64.19 -67.65 -61.63 0.00 72.34 -23.27 -97.30 20.15 0.00 0.00 -85.14 0.00 0.00 0.00 99.01 63.84 0.00 50.27 0.00 0.00 50.09 68.09 0.00 82.98 0.00 90.34 0.00 -4.39 -62.69 -16.48 84.50 0.00 -35.34 0.00 0.00 0.00 -22.22 0.00 34.50 -9.36 54.39 -5.66 -32.64 -97.56 0.00 -28.86 -80.03 0.00 16.93 0.00 0.00 81.99 0.00 0.00 -44.21 0.00 86.49 -79.64 -34.67 0.42 -39.73 0.00
85.48 15.28 0.00 -3.52 0.00 0.00 86.52 2.76 -53.44 54.60 -14.27 0.00 0.00 0.00 0.00 -63.11 -12.59 0.00 0.00 60.25 57.63 0.00 0.00 0.00 0.00 -28.10 -37.88 -64.60 -56.40 52.76 -73.01 75.15 -79.89 -70.57 -53.71 0.00 0.00 0.00 -22.71 83.57 -71.73 0.00 0.00 0.00 70.29 -92.75 0.00 -14.16 0.00 -64.39 7.68 83.32 0.00 -41.71 0.00 -77.05 -20.20 0.00 -17.99 0.00 0.00 0.00 25.71 63.57 0.00 -63.40 0.00 -51.36 0.00 -99.54 0.00 0.00 61.22 -91.11 0.00 0.00 95.30 -29.67 8.22 0.00 -32.10 13.93 -39.03 0.00 -5.11 -10.92 18.29 24.32 0.00 0.00 72.58 -67.22 45.09 -61.95 0.00 -96.93 52.34 23.90 -24.11 0.00
0.00 -39.99 0.00 0.00 0.00 44.42 71.40 20.18 -75.79 0.00 0.00 -46.60 0.00 0.00 0.00 -54.12 0.00 87.79 0.00 27.22 0.00 31.74 0.00 0.00 -74.55 -11.57 0.00 77.84 -79.26 58.76 0.00 0.00 0.00 -13.95 25.85 9.90 84.23 -79.27 -63.82 39.72 0.00 45.05 -91.25 72.50 0.00 -9.87 -15.99 -87.23 -20.33 -54.89 25.88 39.69 0.00 89.54 34.48 0.00 0.00 0.00 0.00 0.00 -40.14 0.00 -49.05 87.88 42.95 -61.27 0.00 0.00 52.30 0.00 11.89 1.39 -22.06 26.93 0.00 0.00 59.34 0.00 -26.10 -49.82 -14.82 0.00 -79.00 -65.60 5.91 -42.82 0.00 0.00 -88.68 -11.84 3.14 0.00 0.00 0.00 -78.97 -84.51 87.16 0.00 0.00 0.00
-28.99 0.00 -4.83 -67.74 96.89 -27.94 0.00 -41.00 31.36 69.13 9.96 0.00 0.00 0.00 56.45 49.28 0.00 85.90 0.00 45.95 -38.83 0.00 -12.71 0.00 0.00 0.00 -38.91 0.00 -74.70 -16.17 35.00 -24.51 0.00 69.02 0.00 0.00 93.21 47.10 0.00 12.13 0.00 -12.40 58.43 -62.50 0.00 0.00 90.74 -83.34 0.00 0.00 0.00 -9.80 0.00 -84.91 0.00 -12.33 0.00 0.00 85.37 -15.43 0.00 0.00 -15.44 -5.37 0.00 43.57 0.00 -46.88 0.00 -36.25 -9.27 -53.23 0.00 -86.97 -23.37 92.73 0.00 11.41 0.00 63.92 -46.19 73.92 -15.05 -73.99 -50.60 -8.83 0.00 0.00 0.00 0.00 0.00 -80.78 96.51 0.00 -59.49 44.03 92.14 -21.99 34.76 -91.21
68.21 87.07 -3.54 0.00 0.00 90.79 0.00 0.00 8.84 0.00 -81.78 0.00 -14.59 -10.39 -28.65 49.17 80.35 55.33 0.00 0.00 0.00 99.41 -43.03 48.05 48.02 -41.91 -60.93 21.93 0.00 43.04 2.29 -91.46 -28.58 58.72 -57.75 11.93 0.00 2.74 -65.62 0.00 0.00 89.94 -25.29 0.00 -19.62 0.00 95.35 -38.23 -85.96 0.00 0.00 0.00 86.13 -92.19 -67.73 8.75 -2.58 40.83 0.00 0.00 -4.88 0.00 0.00 -22.24 0.00 0.00 -3.85 31.73 71.94 0.00 -18.59 -20.26 -32.77 20.48 0.00 -61.13 -52.52 -40.03 -52.59 18.90 -81.31 26.87 -69.18 0.00 21.43 61.25 -42.04 -66.66 0.00 0.00 -21.17 -46.70 32.32 -7.12 0.00 0.00 -23.36 0.00 0.00 40.13
25.15 85.39 0.00 0.00 -25.24 3.18 17.71 89.73 99.33 0.00 -50.57 61.67 0.00 0.00 17.94 0.00 0.00 29.17 0.00 -71.11 0.00 0.00 -24.38 -94.76 -23.63 0.00 0.00 35.60 -10.13 95.27 0.00 0.00 54.29 0.00 0.00 0.00 -83.27 0.00 0.00 0.00 -36.71 12.92 -84.81 21.25 0.00 46.27 -5.98 -88.24 -21.42 0.00 0.00 86.90 0.00 -11.60 -44.08 49.25 10.99 0.00 30.68 -10.37 -71.31 20.40 -11.04 -21.88 -17.94 0.00 -55.90 -55.51 48.17 0.00 19.73 -13.06 0.00 -38.26 -44.68 76.81 0.00 0.00 0.00 0.00 -42.99 0.00 0.00 0.00 0.00 -53.19 93.55 57.51 0.00 96.94 -54.06 0.00 -21.24 43.20 39.96 27.73 -41.01 0.00 64.07 0.00
-46.67 0.00 0.00 14.91 50.52 0.00 0.00 64.32 -54.42 -59.85 -69.79 65.98 0.00 66.32 45.54 -14.75 -89.59 0.00 -72.77 0.00 -66.59 30.14 14.17 0.00 0.00 0.00 0.00 -4.85 0.00 -77.34 28.19 0.00 89.37 -30.53 58.94 84.09 -33.59 0.00 -95.13 0.00 0.05 0.00 0.00 0.00 0.00 -53.19 82.04 0.00 -72.23 0.00 5.80 46.10 0.00 -18.90 -42.09 0.00 33.83 -17.38 0.00 0.00 0.00 3.49 73.98 0.00 50.04 0.00 0.00 6.68 77.50 32.78 0.00 0.00 -70.87 0.00 0.00 87.91 0.00 60.01 -37.46 55.26 11.38 94.90 0.00 0.00 0.00 -84.88 -60.44 -78.53 0.00 0.00 -15.40 -64.30 -57.24 88.22 -59.43 42.81 -27.77 -77.39 70.58 -84.76
-94.09 0.00 -11.12 0.00 -26.85 39.74 -91.30 0.00 -86.15 50.92 58.74 20.53 0.00 65.62 0.00 0.00 0.00 0.00 0.00 0.00 -8.49 49.66 53.53 0.00 -11.28 -50.60 45.99 -62.70 -18.50 0.00 0.00 61.11 14.08 0.00 40.18 -17.09 49.78 0.00 0.00 0.00 82.94 8.33 90.36 62.95 80.57 0.00 -49.83 33.52 95.81 -6.71 -40.40 6.16 -29.76 -31.70 20.01 -78.85 -35.76 0.00 0.00 0.00 0.00 -22.26 86.78 0.00 92.96 0.00 -72.61 77.51 18.88 0.00 0.00 0.00 0.00 14.00 0.00 0.00 60.70 0.00 56.19 0.00 -67.29 59.01 0.00 0.00 0.00 0.00 0.00 -29.74 72.89 -20.87 -42.76 93.04 87.46 -52.41 55.98 -94.78 34.97 0.00 26.71 0.00
-61.77 0.00 0.00 -71.74 0.00 0.00 86.31 44.40 0.00 0.00 0.00 -1.50 -8.18 1.61 56.86 0.00 0.00 93.27 0.00 0.00 79.36 0.00 0.00 0.00 80.84 86.23 -93.26 0.00 58.34 5.10 57.96 56.24 0.00 -1.51 90.67 15.25 -94.05 0.00 -99.25 0.00 0.00 94.38 0.00 -36.80 0.00 0.00 0.00 93.79 -80.97 48.00 0.00 0.00 49.77 0.00 -75.74 -17.03 13.68 -0.30 0.00 0.00 0.00 0.00 0.00 0.00 48.44 -0.02 -18.70 0.00 0.00 0.00 -53.07 -71.00 0.00 0.00 0.00 0.00 82.92 -96.22 -77.73 62.27 0.00 0.00 84.63 0.00 -54.30 0.00 -93.79 80.17 88.01 64.17 0.00 36.41 -13.50 0.00 0.00 0.00 0.00 0.00 92.04 0.00
-11.14 -7.55 0.00 92.80 -16.77 55.65 0.00 86.58 0.00 2.26 0.00 40.86 0.00 73.55 63.73 0.00 -76.18 0.00 -12.78 0.64 0.00 72.26 0.00 -75.59 81.94 0.00 -43.61 0.00 -46.59 64.85 -2.62 12.89 0.00 27.11 0.00 19.21 58.59 70.54 0.00 0.00 -0.62 0.00 46.60 0.00 0.00 34.70 0.00 -27.01 0.00 0.00 0.00 0.00 0.00 0.00 0.00 -29.70 0.00 63.95 61.85 99.96 56.74 0.00 0.00 0.00 0.00 -17.72 0.00 92.82 0.00 0.00 80.52 0.00 0.00 0.00 -78.26 33.67 91.28 0.00 -77.32 0.00 57.49 0.00 15.70 0.00 23.32 0.00 66.95 0.00 0.00 0.00 40.11 5.25 -76.67 -69.27 0.00 0.00 7.31 20.71 80.83 0.00
-28.38 0.00 -22.87 76.63 0.00 0.00 0.00 -57.85 0.00 76.51 60.43 -85.94 0.00 -13.30 0.00 0.00 -69.28 78.01 -14.25 0.00 -69.33 71.95 0.00 0.00 68.03 -39.31 89.67 89.77 94.36 80.94 0.00 -87.56 89.05 33.85 0.00 35.76 55.99 -26.05 0.00 -21.78 -83.48 0.00 41.89 -77.27 0.00 74.45 0.00 0.00 59.93 0.00 -5.65 -48.43 36.55 0.00 0.00 0.00 73.72 -34.72 -3.03 87.78 89.19 27.69 0.00 -97.02 0.00 -25.07 95.57 0.00 0.00 -87.87 -57.05 -43.74 0.00 0.00 0.00 0.00 -61.00 0.00 -30.08 -49.39 0.00 0.00 -42.85 0.00 -17.63 0.00 -23.13 91.00 -44.67 -29.94 2.15 70.76 -13.41 0.00 -18.75 0.00 93.49 -1.76 -58.83 25.05
0.00 0.00 87.02 0.00 77.72 -1.24 -47.71 -25.32 23.74 0.00 -58.53 0.00 -60.43 0.00 0.00 0.00 0.00 63.93 53.61 -64.87 0.00 -86.74 0.00 96.56 28.60 0.00 -47.74 -33.53 -83.58 9.41 86.05 0.00 -6.71 0.40 0.00 -58.62 0.00 63.35 0.00 0.00 -60.24 0.00 -50.66 0.00 -50.07 0.00 0.00 21.01 -57.17 85.38 0.00 62.18 -94.92 72.39 0.00 39.89 3.84 0.00 -38.12 -48.23 0.00 -35.22 40.56 -8.66 -71.30 -5.84 0.00 0.00 0.00 0.00 26.47 0.00 0.00 0.00 -58.04 0.00 27.92 -44.93 -5.78 0.00 0.00 94.40 -28.51 -59.16 80.44 -98.02 41.24 -40.98 65.33 81.00 8.37 -47.53 0.00 0.00 0.00 39.21 88.41 0.00 0.00 -62.16
1.38 0.00 93.49 -52.56 -58.74 34.53 9.32 -6.97 0.00 0.00 99.31 0.00 0.00 0.00 0.00 -12.91 -78.43 -34.79 -81.55 48.05 44.38 0.00 0.00 0.00 46.38 0.00 0.00 -59.68 0.00 0.00 -24.20 77.98 49.02 0.00 16.64 0.00 0.00 58.41 51.00 -4.91 -45.36 0.00 0.00 53.53 13.29 0.00 0.00 -99.79 0.00 0.00 -94.01 -47.50 0.00 0.00 0.00 -74.18 -18.95 53.88 -43.49 0.00 0.00 28.49 -67.65 -71.76 -24.99 62.59 -35.25 0.00 0.00 99.31 84.17 29.96 -82.24 69.42 -25.67 64.14 -53.06 87.34 0.00 0.00 42.11 0.00 0.00 0.00 0.00 95.96 3.98 0.00 37.72 84.16 0.00 0.00 0.00 99.07 0.00 -70.44 37.68 12.35 0.00 0.00
-70.23 80.89 0.00 -97.95 0.00 -7.20 -38.07 55.94 49.31 90.42 -74.51 -85.25 0.00 2.63 88.08 0.00 -20.50 0.00 0.00 1.94 -90.56 -90.55 0.00 19.70 -83.94 20.99 -16.17 -37.00 0.00 0.00 8.33 0.00 -36.86 0.00 0.00 0.00 -3.84 -50.49 0.00 0.00 0.00 0.00 -99.15 0.00 17.52 -51.43 -69.58 -44.80 98.13 0.00 -2.60 0.00 0.00 -63.92 -99.82 0.00 0.00 -72.59 0.00 0.00 0.00 -1.99 93.33 76.72 25.63 0.00 -81.19 -71.32 -71.75 -55.91 8.18 30.19 0.00 -9.25 54.85 0.00 0.00 -50.12 6.81 0.00 13.04 0.00 0.00 70.92 -92.98 0.00 -41.43 -65.95 3.18 8.08 -27.88 0.00 -42.09 0.00 0.00 93.86 39.75 0.00 50.32 0.00
0.00 91.99 -25.65 86.40 -70.63 1.76 21.61 -77.31 15.69 0.00 0.00 -15.56 0.00 -21.29 44.37 0.00 49.90 0.00 60.01 0.00 -47.46 -19.91 -49.25 -92.62 0.00 0.00 0.00 67.18 0.00 94.78 57.64 75.31 -98.21 -83.80 0.00 -53.44 42.18 24.29 18.68 -62.71 0.00 0.00 18.14 0.00 -4.37 87.61 0.00 0.00 0.00 47.33 0.00 69.99 0.00 -88.80 0.00 0.00 -86.10 0.00 -28.26 70.02 -26.20 0.00 87.43 0.00 0.00 0.00 0.00 -45.55 52.51 0.00 0.00 69.00 0.00 0.00 0.00 0.00 -95.65 0.00 49.73 -78.46 21.65 0.00 -62.32 -33.87 0.00 26.03 -67.55 -76.24 0.00 0.00 0.00 1.33 -28.55 -60.03 47.90 0.00 -49.16 -98.54 3.78 -11.87
56.81 99.42 12.95 4.14 69.40 24.15 0.00 18.04 -21.66 0.00 -5.83 91.85 2.98 48.62 81.56 -28.03 0.00 0.00 0.00 0.00 90.18 0.00 68.49 -6.49 0.00 11.82 0.00 -93.83 96.86 0.00 -24.94 0.00 -24.17 0.00 -42.18 76.39 47.29 -2.21 0.00 61.49 -64.67 36.46 -34.73 60.67 -6.73 0.00 0.00 0.00 1.89 -26.39 -65.39 8.49 97.77 52.65 0.00 86.83 0.00 -8.07 0.00 81.70 0.00 -10.20 0.00 -22.25 -99.54 0.00 61.78 -32.07 68.95 -7.51 0.00 -83.05 0.00 0.00 0.00 0.00 -87.68 26.55 0.00 0.00 -7.99 0.00 0.00 0.00 0.00 -11.84 84.38 5.61 0.00 -27.35 19.37 0.00 -32.91 0.00 7.98 -44.17 69.57 5.85 0.00 0.00
49.10 0.00 0.00 0.00 0.00 8.66 79.47 83.71 -82.86 -85.57 73.56 0.00 -58.82 0.00 0.00 43.57 0.00 92.47 30.98 0.00 0.00 0.00 -78.69 0.00 -69.87 0.00 0.00 0.00 0.00 29.96 0.00 26.45 0.00 0.00 99.08 0.00 -40.34 80.62 -51.39 86.21 9.83 0.00 0.00 36.77 -92.22 0.00 -84.57 -90.59 27.16 0.00 0.00 0.00 0.00 19.74 54.60 0.00 0.00 82.99 26.51 0.00 -39.56 0.00 69.29 -64.83 -60.10 0.00 0.00 90.20 -47.69 0.00 -8.46 0.00 -99.05 -6.51 -64.90 -69.38 0.00 0.00 0.00 0.00 -38.32 0.00 0.00 0.00 -6.37 -39.25 -71.16 0.00 0.00 0.00 0.00 -79.93 0.00 0.00 0.00 -2.96 -11.50 -62.11 45.65 0.00
11.92 47.73 0.00 0.00 0.00 0.00 0.00 -17.59 19.70 0.00 0.00 -99.64 29.03 -53.15 20.10 -16.38 -32.96 -53.39 0.00 0.00 44.06 -26.47 0.00 0.00 18.99 0.00 -78.83 0.00 0.93 0.00 0.00 71.30 0.00 0.00 0.00 12.71 1.89 2.00 85.03 69.72 0.00 63.68 -21.35 0.00 0.00 0.00 0.00 0.00 -69.53 92.52 -1.28 64.72 0.00 18.23 0.00 0.00 0.00 36.62 0.00 10.36 -69.86 21.55 -70.03 87.05 21.91 59.00 0.00 0.00 0.00 -28.89 0.00 -20.78 -57.39 0.00 0.00 38.15 0.00 63.04 -76.13 -51.11 -17.98 -54.96 49.82 0.00 0.00 -46.69 0.00 94.97 -11.09 55.31 79.99 -41.37 56.19 -41.37 0.00 0.00 -10.90 48.71 94.56 -8.98
4.14 68.38 -98.63 0.00 0.00 34.28 -10.08 0.00 -68.66 58.53 -88.17 -72.46 -70.37 -8.95 0.00 -29.85 -95.01 -45.92 31.23 -46.12 36.10 76.28 0.00 -96.31 -73.39 0.00 0.00 -91.56 0.00 29.82 -80.87 88.43 88.45 75.32 0.00 -52.95 14.75 61.23 -21.19 0.00 -94.24 0.00 -34.64 -52.81 -55.66 -63.16 0.00 37.11 12.89 95.38 0.00 0.00 86.15 0.00 0.00 40.43 -75.00 14.40 -52.22 0.00 0.00 0.00 -70.01 -94.32 0.00 0.00 79.01 0.00 0.00 21.08 0.00 78.99 92.49 61.99 -94.40 -99.08 0.00 -8.20 -75.27 89.35 -19.76 -62.75 -26.40 -67.81 98.49 89.63 0.00 0.00 0.00 0.00 -24.84 -36.16 0.00 0.00 -63.19 0.00 0.00 19.50 0.69 -88.88
-67.62 -3.94 97.28 0.00 72.81 58.27 11.67 -42.21 0.00 -74.53 54.57 -63.21 0.00 46.55 33.55 -33.51 8.53 0.00 0.00 39.15 -32.59 -99.68 -98.92 0.00 -6.03 17.77 -61.66 -95.23 0.00 49.96 -63.18 0.00 0.00 0.00 0.00 94.40 0.00 -74.89 37.87 0.00 -68.80 0.00 44.61 0.00 -61.45 -57.67 0.00 0.00 0.00 -85.81 0.00 34.61 0.00 -23.19 0.00 0.00 0.00 -75.80 30.09 -74.32 0.00 0.00 0.00 0.00 -18.01 55.56 80.25 56.00 2.10 13.80 0.00 0.00 -77.52 -89.37 -9.85 0.00 27.10 0.00 0.00 -51.84 0.00 0.00 0.00 0.00 28.45 -78.94 0.00 65.94 -96.01 -36.95 15.89 0.00 -59.19 0.00 0.00 -42.56 0.00 78.22 78.68 25.86
0.00 0.00 60.03 -45.56 68.19 0.00 0.00 0.00 0.00 0.00 74.23 -73.75 0.00 -17.80 0.00 98.43 56.34 45.09 0.00 0.00 17.63 0.00 11.89 25.34 -26.38 -86.01 -23.66 33.31 0.00 0.00 0.00 -75.38 -96.31 0.00 -2.39 0.00 0.00 0.00 0.00 0.00 9.99 69.35 55.89 0.00 0.00 -24.08 0.00 0.00 73.34 0.00 -81.07 0.00 0.00 0.00 -70.98 -48.65 0.00 -23.63 0.00 -92.77 -32.76 0.00 -97.78 0.00 -95.54 0.00 21.68 0.00 -92.39 78.69 0.00 47.93 0.00 0.00 27.02 -85.68 0.00 4.27 -27.89 69.16 -83.85 -65.35 -20.02 0.00 -69.86 48.20 0.00 -86.72 -8.03 51.89 0.00 48.10 -98.04 0.00 0.00 0.00 21.24 3.98 15.09 0.00
-5.43 22.91 44.11 45.93 -63.51 0.00 88.55 -49.63 -24.08 93.02 0.00 72.05 20.75 0.00 71.70 0.00 19.97 -52.24 -76.78 -75.77 19.87 0.00 0.00 92.38 0.00 0.00 -22.40 54.52 0.00 0.00 0.00 -27.65 44.95 0.00 0.00 0.00 39.92 22.84 0.00 0.00 -25.87 0.00 -8.19 -29.06 0.00 0.00 13.30 0.00 -49.75 -87.88 -71.62 82.03 0.00 72.25 0.00 72.50 65.16 -54.06 61.04 -84.48 21.86 54.05 0.00 87.57 -57.40 62.96 44.75 -9.63 0.00 -76.62 0.00 0.00 0.00 -93.82 -52.56 -84.24 -16.22 0.00 0.00 -60.83 0.00 25.32 -71.27 79.09 -14.63 40.07 8.10 0.00 0.00 93.52 -46.64 0.00 58.35 -94.37 -18.26 0.00 40.38 0.00 -84.92 0.00
0.00 -8.56 0.00 5.53 0.00 0.00 -38.98 -10.31 58.27 0.00 82.89 0.00 -19.06 45.83 -37.31 -18.90 0.00 0.00 -9.43 53.06 4.49 -3.24 0.00 0.00 0.00 0.00 0.00 -62.29 57.46 -82.26 -23.12 0.00 0.00 0.00 19.98 0.00 0.00 -16.32 0.00 0.00 -6.83 -94.66 -76.26 -98.73 0.00 0.00 98.86 0.00 -22.90 0.00 0.00 0.00 59.62 -58.30 0.00 0.00 0.00 0.00 0.00 96.06 37.20 0.00 -43.22 0.00 24.70 -20.06 55.02 0.00 -48.41 0.00 -61.80 37.90 0.00 32.54 0.00 -78.77 0.00 -99.42 -49.16 11.81 90.86 0.00 55.33 -54.23 0.00 0.00 0.00 -71.44 49.99 0.72 0.00 42.65 -30.03 84.41 0.00 -64.19 0.00 12.52 -91.86 0.00
0.00 0.00 0.00 -62.92 0.00 0.00 48.59 0.00 22.46 -66.09 0.00 -72.51 0.00 55.72 -91.69 21.48 17.62 -11.75 -23.51 0.00 0.00 0.00 0.00 69.22 0.00 26.45 0.00 -85.62 38.96 84.90 0.00 0.00 -47.82 0.00 89.80 0.00 0.00 0.00 33.91 -19.76 0.00 82.34 79.68 0.00 0.00 0.00 0.00 0.00 46.01 69.53 0.00 0.00 0.00 0.00 0.00 0.00 17.60 25.86 0.00 -23.30 0.00 2.00 0.00 61.67 -73.57 0.00 47.36 0.00 -64.04 75.02 -30.19 0.00 0.00 0.00 0.00 0.00 0.00 7.08 0.00 -97.50 0.00 0.00 -37.27 15.39 0.00 0.00 23.98 -82.45 -96.36 -99.53 86.77 67.30 -47.94 62.93 52.19 41.45 89.94 -13.91 -41.11 -90.53
2.97 -95.11 0.00 79.00 -79.43 30.75 -7.09 59.78 0.00 29.63 19.34 7.13 0.00 -97.21 31.56 0.00 -85.86 0.00 9.87 0.00 0.00 71.27 0.00 14.08 0.00 0.00 0.00 0.00 0.00 -37.54 0.00 -4.76 31.64 -33.90 32.92 55.61 -29.39 -77.81 18.54 -40.00 0.00 -99.16 0.00 0.00 45.68 0.00 83.31 0.00 -40.26 55.15 0.00 23.48 0.00 1.84 71.35 0.00 81.26 -30.20 0.00 1.46 0.00 41.04 -63.37 -79.21 -14.63 0.00 -60.58 89.56 -0.48 0.00 86.50 0.00 60.82 -49.20 -51.05 0.00 -6.73 82.44 52.27 -73.82 38.05 -39.92 0.00 -14.42 0.00 -6.21 20.08 23.64 -23.33 0.00 3.38 0.00 83.38 -30.98 -73.14 0.00 22.42 -59.64 -91.89 -70.58
79.04 86.36 0.00 0.00 -33.95 -62.97 -28.27 0.00 42.68 -73.41 0.00 -91.55 29.17 87.41 -40.75 -84.67 -19.33 -21.10 0.00 -95.20 44.07 -83.06 -35.12 -33.15 47.94 0.00 84.96 0.00 90.49 -75.40 -11.66 0.00 -88.94 0.00 -6.38 52.41 0.00 33.49 71.19 97.73 62.91 87.43 84.09 0.00 0.00 -33.83 0.00 -75.54 -6.98 -91.16 -48.95 0.00 1.47 38.02 -24.34 97.93 0.00 0.00 90.56 56.34 0.00 -23.18 95.36 37.61 0.00 0.00 30.97 0.00 0.00 -39.77 -95.55 -21.10 -54.82 94.95 40.71 70.73 -56.79 -28.47 60.34 0.00 76.70 -20.07 0.00 58.07 76.82 -32.65 79.36 0.00 -57.02 -8.19 0.00 0.00 -27.63 -48.18 0.00 0.00 0.00 0.00 80.07 73.84
-72.96 -44.27 -91.04 0.00 -82.41 -50.73 0.00 -14.21 -49.85 0.00 86.88 -83.25 0.00 0.00 10.38 0.00 -71.47 32.87 0.00 92.78 -39.32 10.78 63.50 3.90 0.00 82.32 23.84 0.00 0.00 0.00 0.00 17.80 -37.76 0.00 19.11 -5.39 66.80 -1.54 37.59 -41.39 0.00 70.83 -73.38 -61.33 0.00 81.87 -9.13 31.61 90.83 8.47 80.88 0.00 13.82 0.00 95.83 -95.05 30.58 6.21 -66.51 0.65 -1.02 31.38 -88.58 -0.32 -64.73 93.74 0.00 -39.28 53.08 0.00 -6.82 79.83 0.00 -52.32 -2.81 -21.72 -77.52 0.00 55.80 -13.69 0.00 0.00 0.00 0.00 0.00 -13.69 -68.33 -31.83 0.00 0.00 77.18 63.29 0.00 -3.79 22.85 0.00 0.00 0.00 81.37 -89.98
18.68 0.00 0.00 86.33 77.81 0.00 -75.12 -42.98 -21.55 61.07 88.40 -10.12 -2.05 -76.33 20.82 58.68 0.00 0.00 0.00 0.00 -86.05 -48.79 0.00 0.00 75.71 -1.16 0.00 48.40 -8.80 21.32 0.00 41.40 77.51 -92.38 0.00 -89.73 -17.11 -77.99 0.00 0.00 73.56 0.00 0.00 0.00 -83.70 0.00 44.86 92.14 0.00 0.00 0.00 0.00 0.00 -73.68 0.00 -36.47 -84.34 -58.66 25.62 -27.32 19.79 23.89 0.00 -1.72 -53.13 -78.16 59.16 0.00 0.00 -95.10 0.00 -82.28 0.00 73.11 -6.68 93.43 -28.05 0.00 -58.29 -15.38 -69.53 -79.69 -0.66 0.00 0.00 0.00 -24.69 -69.42 0.00 0.00 -80.57 -2.68 -58.65 -64.27 0.00 0.00 0.00 0.00 0.00 0.00
-20.62 -66.52 0.00 -37.95 42.92 -50.86 40.60 5.74 59.03 -39.61 0.00 -70.37 0.00 -42.70 44.47 -48.53 0.00 0.00 -46.33 49.37 -30.81 -36.02 -57.32 -0.18 35.93 21.60 -78.35 -96.39 0.00 0.00 0.00 79.12 58.20 16.13 0.00 -90.30 0.00 0.00 77.63 0.00 0.00 0.00 -86.56 -48.95 0.00 0.00 -86.65 0.00 -7.18 21.74 12.61 -27.06 0.00 70.88 0.00 0.00 -46.79 78.69 67.11 50.81 0.00 0.00 -91.69 0.00 -38.39 -4.73 0.00 -3.01 15.28 -55.36 0.00 0.00 -96.62 0.00 79.27 24.53 3.20 0.00 52.40 -16.66 62.06 56.01 0.00 -37.55 0.00 20.25 -27.87 9.36 -2.13 22.78 60.41 48.43 0.00 0.00 0.00 0.00 0.00 0.00 0.00 0.00
-47.19 19.35 -38.96 0.00 25.75 27.43 0.00 0.00 14.25 0.00 0.00 41.64 -5.47 -34.95 87.16 0.00 56.15 97.53 -15.86 8.63 -20.63 -12.48 -12.11 -96.10 -72.07 -22.50 0.00 24.45 -72.81 0.00 -66.50 86.90 47.45 42.85 -3.74 0.00 -17.48 0.00 2.83 -6.13 -31.84 55.64 -49.57 29.20 0.00 18.60 0.00 77.86 -19.35 -2.56 0.00 9.60 82.91 0.00 0.00 -15.40 0.00 2.95 -82.37 68.74 0.00 0.00 -88.43 0.00 -2.99 0.00 -6.53 36.68 38.12 21.40 -85.83 -37.44 48.59 0.00 -15.12 0.00 -13.34 0.00 33.24 0.00 -35.07 -79.88 0.00 -47.03 0.00 0.00 67.77 51.21 0.00 0.00 21.13 0.00 0.00 0.00 60.61 -98.37 0.00 -12.47 16.41 0.00
-83.31 -94.62 -86.15 26.29 0.00 0.00 -74.51 -1.55 0.00 0.00 -70.77 -56.88 -32.82 -59.19 77.34 0.00 60.65 -85.31 0.00 15.45 19.25 -71.14 0.00 0.00 -84.79 5.05 13.74 1.88 -61.72 0.00 -84.12 0.00 0.00 22.00 28.46 83.65 -26.80 -13.21 81.46 0.00 0.00 12.04 -88.48 -2.13 0.00 0.00 0.00 28.74 -45.89 11.72 0.00 0.00 -44.98 16.81 -89.84 0.00 21.47 0.00 97.15 0.00 14.55 99.49 74.48 12.41 -85.83 27.14 -31.14 0.00 -19.76 0.00 0.00 42.35 73.91 0.00 93.98 0.00 0.00 -55.78 -50.60 -52.94 -96.57 0.00 0.00 0.00 77.86 -69.30 13.84 1.86 0.00 -87.84 -74.12 13.38 10.03 0.00 54.62 -95.30 -41.05 -53.16 0.00 21.51
6.32 0.00 0.00 -94.49 18.65 0.00 -41.93 -95.01 30.34 70.48 0.00 -43.63 -42.53 -60.66 36.61 99.82 -86.76 67.80 0.00 0.00 0.00 0.00 -18.75 0.00 0.00 -37.36 -85.15 0.00 0.00 0.00 -15.32 -22.29 -54.44 98.52 79.57 -5.07 -75.61 30.15 0.00 0.00 0.00 -57.84 -83.79 34.85 1.11 0.00 0.27 0.00 -6.43 -55.37 5.78 -50.58 0.00 2.70 47.99 0.00 79.76 -26.82 0.00 -95.65 -62.78 49.73 40.97 -25.75 -99.83 45.97 0.00 0.00 55.50 0.03 60.82 0.00 -59.83 77.74 0.00 -56.42 -24.11 94.51 38.51 0.29 61.86 0.00 -82.13 0.00 0.00 53.71 33.92 18.98 -46.03 -72.52 0.00 0.00 63.61 96.97 -23.10 -33.69 0.00 0.00 82.16 -6.13
0.00 0.00 76.70 0.00 0.00 86.51 31.09 63.63 0.00 0.00 64.68 -57.46 63.80 10.64 98.04 0.00 -36.18 8.67 -24.59 -21.24 52.25 51.31 0.00 10.47 27.97 0.00 -11.20 -27.67 0.00 0.00 45.84 -57.50 0.00 -93.76 2.03 33.69 -29.07 2.84 67.86 0.00 85.04 -93.65 50.01 0.00 -21.10 -79.75 36.51 0.00 -52.80 83.88 38.40 -10.26 47.68 -13.76 24.99 -88.51 94.91 -99.61 27.47 0.00 47.16 51.70 -62.07 0.00 12.33 -59.51 10.26 -41.84 20.21 0.00 0.00 0.00 53.71 97.40 0.00 0.00 -46.11 0.00 0.00 0.00 -75.37 0.00 0.00 0.24 -41.05 -53.12 6.59 -91.05 0.00 25.78 26.85 82.67 72.98 0.00 10.72 21.06 0.00 -0.07 0.00 -4.40
-92.70 -75.09 44.31 -60.59 -74.70 0.00 -28.23 -76.23 -85.79 9.70 0.00 0.00 36.10 0.00 0.00 0.00 -8.09 -80.04 94.27 -50.68 0.00 -89.13 0.00 0.00 91.66 40.42 -27.28 0.00 29.10 99.37 0.00 0.00 0.00 19.60 0.00 -27.10 -91.69 0.00 -17.42 99.75 90.99 -7.23 47.67 49.25 0.00 92.70 0.00 -19.52 93.76 0.00 0.00 -82.40 -75.22 0.00 -66.83 -19.89 0.00 -3.45 0.00 -43.06 0.00 0.00 0.00 31.53 -93.76 0.00 -69.75 0.00 -39.35 -36.59 -38.28 9.97 0.00 -25.71 0.00 0.00 -46.63 -49.61 84.22 0.00 -80.32 -50.25 0.00 3.81 0.00 -7.42 0.00 -4.72 86.39 0.00 29.53 23.47 0.00 -20.85 14.40 0.00 -27.29 9.05 94.88 3.68
63.86 0.00 0.00 0.00 0.00 0.00 -80.35 74.06 -56.03 16.20 0.00 0.00 -69.01 0.00 -87.30 22.45 0.00 -1.55 0.00 -26.65 0.00 -76.94 0.00 60.17 83.33 -2.65 -49.25 -66.29 -18.44 -29.57 0.00 0.00 0.00 20.67 0.00 -77.43 0.00 0.00 0.00 0.00 0.00 0.00 63.01 0.00 -84.06 -53.83 29.74 39.41 25.32 -55.87 -87.88 0.00 -28.42 0.00 -60.99 53.01 -64.57 -41.34 0.00 27.06 16.61 74.87 0.00 0.00 0.00 0.00 95.26 29.32 34.52 0.00 0.00 -6.29 0.00 -97.34 57.58 -46.13 85.99 -7.86 4.62 -43.10 -89.10 -87.75 77.58 0.00 0.00 -66.52 -87.54 93.52 0.00 0.00 0.00 -20.35 42.20 0.00 32.93 0.00 0.00 -57.83 86.34 0.00
