100 100
0.00 -97.77 9.47 77.88 -27.93 0.00 96.48 -3.12 85.77 -83.24 96.69 -21.13 -85.21 -21.86 -92.81 24.01 -29.14 -63.15 95.85 17.30 0.00 -38.05 0.00 -75.90 0.00 -20.56 -84.51 -8.48 -54.69 94.65 -4.08 0.00 -46.22 -41.72 -16.85 75.98 -34.97 -14.62 -14.56 -19.88 0.00 57.45 19.13 0.00 0.00 0.00 77.00 0.00 43.21 0.00 35.89 -89.11 -40.71 87.89 26.24 0.00 0.00 -33.52 49.10 -65.69 0.00 40.54 44.94 51.61 -97.52 -93.75 -31.74 -44.81 34.98 13.57 0.00 0.00 -12.96 -69.10 67.35 45.32 0.00 14.05 0.00 43.32 -52.45 -63.37 -34.03 64.88 -68.71 0.00 0.00 -77.70 79.09 74.50 95.40 0.00 89.98 -29.01 83.28 16.21 0.00 0.00 37.48 0.00
32.37 0.00 0.00 87.73 0.00 15.22 14.52 39.34 17.71 57.98 -55.20 -89.90 -7.05 95.58 -2.86 0.00 0.00 61.06 62.92 -20.34 0.00 12.31 0.00 43.44 0.00 64.42 48.95 -53.39 0.00 29.30 80.24 6.12 8.38 0.00 91.94 1.51 -1.65 -37.07 -15.22 -48.24 -62.39 -45.64 -60.51 52.83 -93.92 0.00 -83.97 7.74 -98.74 -39.17 55.05 -5.79 -43.60 -10.61 0.00 -7.52 -43.48 0.00 0.00 69.05 0.00 -95.22 -62.84 33.47 90.94 -16.22 -0.03 0.00 -91.63 -72.90 -91.66 -62.48 28.62 0.00 6.69 0.00 37.66 -49.40 95.66 0.00 0.00 -87.53 4.96 0.00 -27.65 -97.50 0.00 48.25 -11.62 47.46 49.51 86.42 0.00 2.50 -19.07 -19.98 91.90 73.41 73.75 98.15
-84.61 -89.09 0.00 68.82 -56.46 0.00 0.00 31.90 -31.22 0.00 -10.88 59.00 -22.88 63.85 0.00 24.82 0.00 -78.99 38.71 0.00 75.43 -46.12 0.00 51.18 17.59 26.23 0.00 90.90 3.05 0.00 -48.18 38.35 -47.45 -24.56 0.00 0.00 -21.95 0.00 70.69 92.68 7.15 81.30 0.00 0.00 66.42 5.30 -66.10 -85.47 11.32 0.00 -22.56 83.64 -82.69 -96.24 0.00 79.85 31.64 -95.18 41.87 52.66 43.53 17.29 -56.26 0.00 0.00 -5.29 0.00 0.00 0.00 -27.91 69.97 -14.40 75.14 -41.01 -38.85 -72.32 71.65 0.00 39.20 -64.42 64.32 -53.65 0.00 0.00 -83.13 67.94 88.86 -49.23 -80.32 37.38 65.42 -59.48 54.69 69.19 0.00 0.00 -79.64 -13.67 74.01 62.24
-23.81 0.00 17.53 16.73 0.00 19.93 -50.56 88.82 0.00 27.10 72.25 0.00 63.95 0.00 0.00 -76.70 -66.61 -71.16 94.95 -90.20 -35.58 0.00 59.26 -6.64 -18.71 64.40 -17.79 69.28 0.00 84.08 -43.21 34.69 0.00 -75.40 0.00 -88.52 0.00 3.87 -17.83 35.02 15.08 -18.39 -88.80 0.00 0.00 0.00 -30.18 98.35 68.34 19.26 -75.64 0.00 0.00 32.64 28.72 88.32 55.94 62.11 0.00 0.00 0.00 0.00 0.00 -45.64 50.88 -90.89 55.99 0.00 47.34 0.00 0.00 0.00 2.47 -25.52 11.74 -78.12 -56.25 33.02 -21.32 78.45 94.83 27.37 19.52 -23.00 -0.41 -65.40 58.61 48.00 41.63 0.00 56.95 16.33 -1.91 81.32 -13.83 -73.20 0.00 -93.17 0.00 -57.89
0.00 0.00 -73.88 -1.60 -69.81 0.00 -64.77 -45.62 77.54 74.92 28.86 26.48 96.80 72.62 0.00 0.00 -3.30 12.68 51.06 -8.47 0.00 0.00 -59.96 0.00 -29.43 68.53 76.84 42.38 27.13 24.83 -16.00 21.29 0.00 0.00 -21.64 -80.70 0.00 0.00 0.00 39.81 64.54 -53.90 0.00 83.85 0.00 0.00 -56.15 -27.78 0.00 -17.76 0.00 -25.96 0.00 44.67 0.00 0.00 0.00 0.00 36.62 -11.22 0.00 19.58 0.00 2.68 0.00 -47.54 16.37 -24.71 49.17 -33.74 -36.45 -59.31 43.51 71.34 -53.58 20.35 0.00 13.71 -89.25 -54.83 0.00 -65.08 69.25 60.75 -45.78 46.26 0.00 25.28 37.53 30.10 69.13 -90.25 -50.46 -19.63 91.63 86.16 69.16 11.20 26.05 -78.39
-35.23 -98.67 -92.02 0.00 0.00 31.03 -35.11 -51.33 -25.46 -63.78 32.30 94.89 87.14 0.00 0.00 43.06 -22.74 0.00 0.00 -40.74 12.30 -62.00 50.69 -41.44 0.00 -99.52 -11.78 -74.14 0.00 0.00 0.00 69.61 0.00 0.00 35.18 0.00 -24.59 -12.81 26.80 0.00 0.00 -1.23 -43.66 -24.80 -75.19 15.16 39.97 -36.64 23.15 0.00 -29.00 0.00 0.00 28.25 -90.98 0.00 82.75 0.00 -98.33 41.33 0.00 -85.17 -73.99 21.59 -7.91 -14.72 0.00 -28.91 0.00 30.10 -64.04 66.86 67.79 61.39 92.73 0.00 37.40 -3.44 5.34 -38.21 -39.44 0.00 -58.69 0.00 18.13 35.76 3.34 -29.51 12.94 66.70 0.00 0.00 0.00 93.64 0.00 0.00 0.00 0.00 -78.86 0.00
-5.06 -60.13 -96.12 0.00 0.00 33.82 -81.60 -81.29 0.00 59.83 39.99 0.00 48.01 -17.69 0.00 -51.72 15.31 0.00 55.49 -84.86 -16.90 16.87 -54.93 -79.51 -49.36 87.62 19.49 11.20 0.00 -71.08 -62.39 -15.83 32.26 8.10 97.11 -1.05 38.95 -44.55 -68.91 -83.98 0.00 -40.67 -97.89 -65.58 15.25 0.00 61.95 -88.39 -36.75 -18.54 0.00 -2.90 78.57 0.00 0.00 -63.06 0.00 0.00 0.00 0.00 12.24 -38.34 0.00 91.03 94.52 19.36 -58.34 0.00 82.13 -61.16 90.07 -51.74 13.66 -25.77 0.00 -82.28 -41.04 8.54 53.89 -64.89 -98.81 0.00 84.98 -48.87 0.00 -39.48 0.00 0.00 0.00 0.00 -75.70 -14.45 0.00 -87.03 0.00 -76.55 34.37 13.44 4.91 -68.53
0.00 -8.00 41.86 80.92 90.87 70.09 75.44 47.43 -88.26 94.77 -76.53 -98.20 0.00 -19.77 37.13 13.25 -2.04 96.09 -41.01 -48.16 -68.80 -39.81 -25.98 19.54 0.00 57.92 -1.68 -57.70 70.90 0.00 21.77 76.67 21.54 -36.11 -54.66 -86.47 0.00 -57.05 -73.74 0.00 -58.40 -86.97 -61.10 0.00 89.03 0.00 -75.23 0.00 -66.34 -87.51 -36.22 0.00 13.90 86.83 -85.77 -50.94 0.00 0.00 -79.89 -26.77 0.90 0.00 -11.48 0.00 70.63 74.92 -91.94 28.54 10.45 -49.64 36.64 0.00 -67.79 -35.77 -41.83 33.31 9.58 8.91 76.26 35.84 87.72 0.00 89.29 74.74 0.00 -86.06 -48.74 0.00 -54.40 -36.36 15.05 96.71 -49.54 29.28 0.00 -54.24 0.00 7.79 -60.29 83.87
96.31 -89.67 96.00 -95.64 76.09 6.44 0.00 0.00 -8.07 49.93 75.86 56.17 0.00 -54.69 9.17 -34.26 91.43 -14.58 0.00 -61.22 79.15 0.00 0.00 0.00 11.92 0.00 -49.28 0.00 93.09 0.00 63.18 0.00 -3.68 -43.27 -21.78 0.00 0.00 30.24 44.40 0.00 -55.29 -86.80 -47.82 0.00 -15.58 0.00 97.08 0.00 -51.51 31.97 0.00 -69.73 -9.94 45.26 36.71 -80.80 -4.82 49.77 75.37 40.49 -41.07 -21.69 31.92 81.57 17.09 0.00 0.00 48.27 0.00 -6.52 0.00 67.81 41.35 -6.14 1.33 -64.72 0.00 0.00 -90.71 0.00 0.00 -68.44 0.00 0.00 -83.11 -46.00 -18.02 6.28 75.63 16.26 91.98 44.80 46.53 -17.96 -9.95 0.00 20.44 1.24 85.24 0.00
-29.80 0.00 13.81 0.00 0.00 0.00 0.00 0.00 62.93 66.35 92.12 32.05 0.00 47.91 9.20 -19.69 0.00 -21.41 14.21 0.00 -41.13 -90.35 -84.47 31.36 0.00 -81.06 -15.69 48.25 10.15 0.00 66.29 0.00 0.00 -8.26 -14.22 19.75 -16.29 0.00 0.00 -32.22 0.00 -33.73 65.75 0.00 0.00 57.84 0.00 0.00 -76.09 4.19 80.28 -5.89 -44.80 43.20 -39.55 0.00 -52.69 0.00 -24.75 0.00 -54.44 0.00 93.72 0.00 92.77 61.36 45.13 0.00 0.00 -48.37 -91.78 0.00 60.67 83.00 0.00 -72.84 -17.82 68.45 0.00 0.00 37.32 0.00 0.00 -14.33 -39.82 -39.70 0.00 -94.59 43.90 28.08 8.89 46.85 23.12 32.80 0.00 0.00 -11.75 3.39 -35.89 0.00
0.00 80.66 -53.41 61.78 -72.03 0.00 59.05 -55.46 -41.11 89.02 -94.10 0.00 -95.98 -59.35 0.00 -48.67 -98.11 -39.15 -21.51 -15.93 -33.50 -46.99 69.74 63.90 0.00 50.52 -87.65 45.00 -21.40 21.24 0.00 29.05 -98.29 -8.76 -45.50 0.00 42.32 0.00 55.35 -64.84 -73.89 0.00 17.12 -36.87 0.00 85.16 61.67 59.23 -88.63 -95.23 0.00 0.00 0.00 63.25 -10.77 -43.90 65.14 50.08 71.80 0.00 -50.80 -46.21 -37.98 -43.86 -82.32 -87.47 5.70 99.89 0.00 28.34 -73.07 28.93 0.00 67.27 0.00 55.38 83.44 9.58 0.00 10.73 0.00 0.00 0.00 -81.41 35.69 -72.16 18.93 58.05 -73.29 0.00 -21.85 69.42 0.00 -31.31 -21.39 0.00 -41.35 24.79 -56.26 -54.07
33.80 0.00 30.16 0.00 0.00 36.93 0.00 0.00 0.00 95.82 0.00 0.00 0.00 0.00 0.00 -76.50 54.61 0.00 -91.66 0.00 29.21 54.49 73.90 93.35 20.63 0.00 0.00 0.00 41.16 0.00 48.73 41.27 -49.27 -3.34 97.07 -76.38 0.00 0.00 61.71 15.99 -81.13 88.43 0.00 0.00 0.00 -68.66 88.29 0.00 -42.89 47.16 0.00 -15.86 -80.89 -71.89 0.00 67.29 0.00 0.00 52.91 95.48 0.00 4.21 85.93 -81.03 -3.97 94.27 0.00 85.39 -12.28 -94.64 0.00 -84.06 -91.66 0.00 0.00 46.52 -98.13 49.61 -65.55 -1.47 46.67 -4.72 -39.77 -0.14 14.15 -14.14 68.42 39.65 42.98 52.78 -76.22 99.30 80.89 -71.73 89.41 0.00 0.00 76.36 32.49 75.33
-67.46 -71.49 -93.21 -44.87 16.23 0.00 -87.84 0.00 -28.93 24.58 58.68 -27.06 11.39 -69.66 0.00 -91.33 0.00 -4.73 25.62 -31.09 -67.67 -60.23 54.77 0.00 -62.05 79.42 0.00 0.00 0.00 34.95 0.00 90.74 -59.60 71.45 71.62 -31.32 60.85 85.19 -61.63 0.00 0.00 36.17 -82.28 -33.12 42.97 -27.15 83.11 55.13 0.00 81.14 0.00 44.89 0.00 0.00 0.00 0.00 0.00 0.00 0.00 51.01 -8.72 -6.51 -81.45 -0.04 -74.04 0.00 44.18 -93.93 -41.71 -78.85 98.05 -3.75 0.00 0.00 0.00 -62.23 70.21 24.19 15.38 41.65 -4.20 0.00 84.06 2.50 18.19 0.00 -40.37 -24.13 35.91 0.00 0.00 26.51 -81.17 -54.03 46.83 0.00 -88.84 0.00 -72.90 28.92
99.39 18.38 -77.60 -82.07 -44.46 0.00 -14.43 99.32 -38.39 43.87 -79.54 0.00 -40.34 -22.68 0.00 -4.56 -70.14 -61.29 0.00 -89.18 0.00 71.51 34.51 0.00 0.00 -67.92 11.21 0.00 0.00 -47.30 0.00 -8.28 87.09 0.00 0.00 -74.19 0.00 0.00 -81.78 -56.88 8.99 -97.75 -8.50 0.00 36.09 0.00 31.18 -9.12 -8.32 0.00 0.00 90.79 46.02 84.43 0.00 -23.64 0.00 45.34 -53.96 -42.57 -97.00 42.91 71.96 -1.55 0.00 0.00 0.00 72.77 -89.34 46.48 0.00 81.48 0.00 0.00 82.38 78.56 -7.31 -27.72 0.00 -29.73 0.00 16.98 -1.90 0.00 0.00 25.71 0.00 0.00 0.00 97.31 -92.92 0.00 27.96 -11.20 80.39 -3.66 0.00 -83.12 9.27 0.00
-12.87 -99.89 -6.31 -99.31 45.45 76.94 -4.67 85.66 19.84 -32.72 0.00 21.31 -7.40 0.00 -22.06 0.00 0.00 0.00 -32.22 0.00 0.00 -25.92 -39.69 0.00 -16.45 -96.03 32.60 53.82 58.16 0.00 -32.10 16.73 0.00 0.00 55.46 12.19 0.00 -18.10 -18.53 0.00 -7.43 78.24 -1.65 -60.96 2.57 -1.54 0.00 32.74 40.47 0.00 -18.89 46.88 -64.21 -33.23 -33.28 3.07 0.00 -74.72 0.00 59.32 0.00 -81.79 0.00 -6.93 0.00 -29.40 15.74 76.62 11.78 -14.46 67.64 -30.07 53.44 21.58 0.00 0.00 -37.40 2.83 -96.53 0.00 0.00 44.07 95.41 -81.09 -57.59 -28.35 58.70 78.09 -58.41 -0.84 -40.81 0.00 88.48 0.00 34.96 0.00 0.00 63.17 -44.81 -24.77
0.00 0.00 0.00 88.46 -48.29 0.00 -6.55 18.73 59.53 0.00 -53.61 0.00 32.55 0.00 0.00 -28.70 31.93 0.18 78.45 22.57 0.00 -78.25 0.00 -58.96 -74.61 0.00 -37.57 85.11 -42.00 -18.65 -72.49 29.66 0.00 -59.96 0.00 -57.20 71.25 0.00 0.00 0.00 0.00 39.20 39.21 59.72 11.36 0.00 2.37 -47.89 -76.20 28.03 3.83 0.00 0.00 0.00 17.25 -16.04 -36.65 63.64 -83.50 71.86 32.77 16.69 50.30 0.00 0.00 -44.67 0.00 0.00 0.00 75.65 91.34 0.00 -19.28 0.00 -61.92 0.00 0.00 0.00 76.44 38.73 56.64 -58.84 0.00 0.00 5.59 0.00 96.68 21.17 -23.17 73.08 -39.63 -26.24 0.00 0.00 21.65 62.75 0.00 25.87 0.00 45.45
27.98 -70.31 -0.10 -88.06 30.25 0.74 -71.56 0.00 2.11 -66.50 0.00 0.00 82.34 -47.60 -11.17 57.99 0.00 0.00 0.00 0.00 0.00 0.00 -19.05 -93.25 -66.73 -5.41 0.00 0.00 0.00 0.00 45.48 89.91 0.00 72.96 -48.94 -76.22 -5.87 65.11 -65.94 54.50 0.00 -61.14 0.00 0.00 55.71 0.00 54.45 -98.07 1.15 0.00 -17.57 0.00 -31.16 -98.96 31.58 0.00 99.09 38.99 60.02 38.40 72.49 42.36 -71.99 0.00 -38.69 37.55 8.96 5.28 0.00 -91.98 -96.46 -49.25 97.93 76.51 0.00 39.03 -41.09 0.00 -29.37 0.00 41.34 -7.03 -37.67 80.20 -51.32 -83.22 -80.67 0.00 87.04 0.00 36.42 -11.83 -74.71 0.00 -32.01 -12.74 0.00 64.28 -72.00 -37.14
73.98 0.00 0.00 -92.44 -9.13 0.00 0.00 -27.51 82.32 99.83 77.77 90.34 -59.42 -34.27 -74.54 -45.71 -95.25 0.00 21.58 24.92 0.00 46.09 -85.45 -75.55 0.00 63.49 0.00 0.00 0.44 -58.77 0.00 82.82 0.00 -12.53 77.65 -29.01 49.97 0.00 -54.37 95.46 51.46 10.85 -41.69 25.43 55.62 86.40 97.92 0.00 0.00 0.00 37.94 0.00 86.22 75.69 0.00 65.48 -36.00 -58.59 -71.85 0.00 18.29 -16.63 49.73 0.00 0.00 -19.59 0.00 -33.34 64.28 4.87 0.00 -69.86 1.92 46.10 -49.84 89.40 60.96 58.36 76.57 0.00 0.00 0.00 -56.21 91.02 0.00 28.02 54.64 0.00 -13.46 -9.35 0.00 10.26 0.00 -27.07 -11.43 -14.60 -3.65 0.00 1.46 -11.92
60.36 80.08 0.00 16.23 -21.36 -36.56 3.17 59.06 67.31 4.65 -36.08 0.00 -65.35 -93.43 -52.78 0.00 -15.19 -66.83 -91.83 -19.62 -90.27 -48.03 8.60 74.97 0.00 -56.19 0.00 95.14 -34.39 91.28 5.27 91.39 13.88 -98.38 -7.16 0.00 -98.04 61.98 -27.09 0.00 0.00 55.40 -22.18 0.00 73.56 -41.44 0.00 0.00 0.00 0.00 0.00 0.00 -63.13 40.86 63.22 38.00 75.51 0.00 0.00 0.00 69.79 0.00 85.23 -2.47 -59.84 -69.40 0.00 0.00 -84.89 -50.11 -17.43 23.71 -37.94 63.60 56.06 27.68 0.00 54.87 -38.68 0.00 56.27 0.00 -31.25 0.15 -50.89 7.92 0.00 -0.67 59.23 -36.69 77.16 0.00 70.00 59.09 -48.77 48.06 0.00 0.00 0.00 59.51
0.00 89.24 60.78 0.00 66.50 0.00 74.46 -4.49 0.00 0.00 -93.35 0.00 -57.74 0.00 0.00 0.00 0.00 0.00 0.00 0.00 10.62 -6.25 62.05 -28.47 55.82 25.64 -72.42 0.00 0.00 0.00 20.70 17.71 26.12 -23.04 -76.34 -73.74 0.00 0.00 63.28 31.58 0.00 25.60 0.00 0.00 0.00 0.00 0.00 59.72 -67.90 2.75 0.00 66.92 91.19 53.98 14.97 0.00 87.90 0.00 80.42 12.95 54.39 0.00 92.08 -91.55 0.00 0.00 98.25 -65.66 56.28 0.00 -8.01 0.00 96.39 -72.19 -14.99 22.02 -44.61 -57.09 -23.07 0.00 81.51 0.00 0.00 19.88 0.60 -55.02 0.00 20.36 0.00 -67.83 70.58 0.00 17.28 0.00 -35.73 10.53 -15.81 -7.34 -35.50 0.00
0.00 -63.63 0.00 17.76 -17.87 49.32 0.00 0.00 9.35 -25.80 0.00 0.00 94.99 7.59 0.00 8.54 51.26 -63.21 0.00 0.00 4.92 79.07 21.80 0.00 -35.86 -28.33 0.00 64.72 0.00 41.08 -9.62 21.80 0.00 -58.33 35.36 -20.64 0.00 0.00 11.05 5.93 -66.15 0.00 -87.47 -46.34 18.04 42.40 55.38 0.00 91.62 -39.84 -62.50 78.15 69.51 11.70 0.00 0.00 73.13 14.31 -79.76 61.59 0.00 51.10 0.00 0.00 62.37 77.87 10.10 0.00 -36.28 -50.47 12.02 -95.21 0.00 77.12 -28.98 0.00 -16.33 12.48 87.60 0.00 -68.08 -44.39 -78.56 -55.55 9.28 0.00 0.00 76.69 86.86 -35.35 68.31 -15.78 2.15 0.00 83.66 0.00 0.00 -9.07 -48.95 56.78
-94.77 0.00 -28.71 55.57 56.33 -29.13 33.43 3.64 34.59 82.96 -84.35 39.38 60.08 -13.32 0.00 0.00 -39.75 9.76 -25.73 -7.83 -97.43 0.00 32.92 36.63 0.00 11.85 9.60 60.69 -86.30 0.00 15.11 0.00 -17.89 53.06 0.00 -1.24 73.04 -95.89 -7.26 78.28 0.00 0.00 0.00 12.61 -51.69 0.00 0.00 0.00 71.81 0.00 83.48 0.00 81.74 0.00 -24.56 0.00 18.06 -98.10 -8.90 -5.36 99.19 0.00 0.00 0.00 -85.02 54.89 46.15 0.00 26.46 0.00 -15.73 48.72 -40.63 -41.90 -39.43 68.97 -44.01 0.00 11.48 21.29 38.10 0.00 0.00 -35.46 -79.96 11.13 -31.35 12.79 26.61 81.26 0.00 0.00 0.00 98.31 -1.58 -98.06 -82.76 73.86 20.00 -80.86
0.00 0.00 2.16 -48.15 0.00 0.00 0.00 -44.47 54.35 -93.27 -98.33 0.00 -19.20 28.21 50.40 77.38 86.31 -51.83 0.00 83.56 -57.71 59.65 0.00 4.84 -82.41 -75.82 62.09 0.00 0.00 0.00 0.00 28.73 30.04 0.00 12.08 0.00 0.00 -44.67 48.51 10.38 53.75 50.45 0.00 0.00 27.63 0.00 64.82 7.65 83.98 0.00 0.00 4.18 59.50 -60.49 -41.47 0.00 0.00 -96.56 0.00 -21.61 0.00 76.54 68.86 -71.22 91.13 55.17 -23.05 0.00 74.68 -65.34 0.00 -63.40 0.00 0.00 16.72 0.00 -47.74 0.00 -2.01 -21.20 -81.81 -34.76 90.89 0.00 -26.48 -49.05 1.26 -35.52 -98.61 -33.91 0.00 -33.50 46.25 0.00 -49.93 -92.12 42.96 0.00 26.79 -33.59
0.00 0.00 83.61 0.00 -94.83 -19.84 52.46 -28.83 -28.72 7.62 0.00 48.12 -16.84 79.50 0.00 0.00 -78.08 99.88 0.00 0.00 0.00 -68.25 57.13 15.88 -12.85 -77.64 6.76 97.88 -26.69 0.00 0.00 -54.77 -37.65 11.91 0.00 0.00 11.32 0.00 66.06 0.00 -4.64 98.60 73.95 -61.69 0.00 62.59 0.00 -22.44 0.00 -78.09 0.00 0.00 -95.03 94.93 0.00 0.00 74.38 -23.86 0.00 -33.80 0.00 19.20 -75.75 86.57 -1.31 -16.61 86.44 0.00 67.65 0.00 0.00 -22.28 39.53 -8.00 0.08 -53.72 -10.12 -89.41 0.00 -8.49 52.23 0.00 0.00 0.00 59.71 0.00 -59.96 55.50 -7.73 -24.16 66.65 30.59 0.00 -61.57 0.00 -55.80 89.71 -56.60 -60.87 -98.72
19.54 0.00 0.00 42.54 0.00 0.00 0.00 0.00 57.70 81.00 29.11 -6.41 0.00 1.59 52.75 0.00 -38.76 79.31 -7.73 90.45 0.00 16.59 75.77 -19.68 0.00 64.39 0.00 4.48 0.00 0.00 -30.24 0.00 61.30 0.00 44.52 -74.75 0.00 -46.43 -79.64 0.00 91.90 -78.64 -4.00 -26.70 -51.73 0.00 39.40 12.43 -50.44 -3.86 -7.82 -92.75 0.00 14.34 -41.51 38.05 0.00 0.00 0.00 -46.86 0.00 -51.56 0.00 0.00 -63.51 -67.56 77.93 0.00 -73.06 86.25 53.69 7.26 50.63 -41.84 77.02 11.93 -60.11 -97.74 -97.30 -2.54 -68.64 -75.94 0.00 0.00 93.46 4.67 -27.67 70.06 -45.70 59.10 0.00 0.00 0.00 3.40 83.69 -96.45 -82.27 -57.83 0.00 41.61
8.08 0.00 27.83 78.10 77.74 0.00 0.00 5.75 0.00 -94.97 63.98 -3.36 12.30 51.81 92.01 -10.69 0.00 0.94 0.00 0.00 -68.11 0.00 0.00 28.79 3.64 0.00 0.00 66.56 97.36 64.91 60.01 0.00 2.02 -62.76 30.06 93.54 96.34 -66.55 77.22 0.00 -62.90 -11.60 -43.40 78.71 0.00 -66.32 0.00 84.43 56.80 0.00 0.00 -88.59 27.38 61.84 0.00 -87.41 -75.99 11.34 64.41 -46.78 -62.15 0.00 2.55 22.33 0.00 0.00 66.64 -93.81 0.00 -11.12 0.00 0.00 64.00 71.10 -51.11 0.00 0.00 3.22 -54.46 -83.85 33.96 0.00 0.00 -20.91 0.00 -50.39 11.18 16.19 75.22 67.78 -5.11 -91.11 89.41 0.00 -11.11 0.00 -42.48 16.78 0.00 -12.07
-29.89 0.00 78.00 99.27 -65.49 -31.58 -62.88 37.07 90.75 -59.04 0.00 0.00 80.47 16.84 -57.84 0.00 88.77 65.73 82.60 -65.69 0.00 -80.92 0.00 16.55 0.00 13.40 5.90 -35.07 0.00 -70.42 0.00 -18.89 -30.09 61.68 27.22 -40.69 -49.44 84.74 -86.71 38.50 -45.16 -71.51 74.97 0.00 26.57 0.00 -3.08 -50.71 0.84 24.87 -9.74 0.00 -18.70 -58.30 0.00 0.00 69.63 7.27 -55.37 52.22 0.00 41.58 -36.28 0.00 0.00 0.00 0.00 5.98 0.00 -7.82 69.62 0.00 70.91 0.00 58.97 -12.06 -59.18 20.64 0.00 -84.85 0.13 0.00 0.00 -91.59 -62.91 50.64 0.00 46.91 29.14 0.00 79.13 21.87 -44.30 -23.96 71.17 0.00 0.00 93.75 -99.09 -1.37
-24.96 -20.18 -31.75 0.00 -80.48 24.46 0.00 0.00 -42.32 61.10 0.00 88.18 0.00 0.00 63.66 0.00 -46.72 0.00 57.79 0.00 0.00 34.56 -50.55 -54.28 0.00 -87.42 70.10 -1.92 12.72 0.00 78.51 0.00 0.00 35.17 0.56 0.00 62.62 -35.69 -20.32 21.69 57.22 92.94 30.06 50.97 -68.95 -71.32 0.00 -36.79 0.00 0.00 0.00 10.87 34.15 0.00 -17.27 -64.68 -70.97 -18.96 -76.51 0.00 -70.11 34.32 81.29 0.00 64.45 0.00 -79.03 -35.79 -85.76 91.07 62.30 26.96 -93.23 34.67 0.00 0.00 -72.49 69.39 -63.82 44.40 0.00 28.29 0.00 93.41 37.33 0.00 -41.66 0.00 44.37 68.38 -12.97 -55.22 -20.75 0.00 0.00 -41.62 0.00 27.52 51.78 0.00
-12.59 0.00 -91.45 75.28 17.30 0.00 0.00 80.08 93.77 18.95 -98.96 -4.82 33.19 -70.68 0.00 0.00 -42.53 -2.65 -63.91 -70.65 0.00 62.07 -57.31 -34.47 0.00 0.00 0.00 0.00 6.47 0.00 70.98 -41.07 0.00 0.00 -19.00 -70.69 -59.50 0.00 -13.41 53.55 -14.71 -96.96 0.00 0.00 -88.08 0.00 -49.99 54.82 36.54 -41.44 0.00 0.00 30.09 0.00 0.00 -46.17 -24.16 0.00 61.06 -90.01 0.00 0.00 -23.12 0.00 -43.76 43.18 6.20 0.00 0.00 50.92 -22.26 0.00 0.00 0.00 79.51 80.27 -60.20 -77.81 -54.20 0.00 0.00 83.48 0.00 0.00 93.17 41.94 0.00 0.00 0.00 0.00 0.00 1.69 -40.32 0.00 -80.35 88.28 -86.77 0.00 0.00 42.15
91.32 -74.85 92.16 0.00 0.00 0.00 46.13 61.70 -12.08 13.43 -47.27 63.76 -25.52 -37.28 -59.37 30.72 -56.89 84.05 -18.36 0.00 20.85 0.00 0.00 0.00 0.00 63.55 0.00 -0.89 97.86 85.74 82.12 81.34 -83.90 0.00 0.00 0.00 61.27 -16.98 -24.22 80.92 0.00 8.50 26.22 0.00 60.27 0.00 0.00 37.02 0.00 0.00 88.59 89.63 -16.86 87.49 -22.46 -66.23 0.00 0.00 -59.79 -58.71 45.47 40.15 0.00 19.13 13.39 83.26 40.38 -67.77 41.31 3.92 0.00 31.35 39.16 26.86 50.67 0.00 0.00 57.70 80.17 11.93 0.00 -22.08 0.00 0.00 -6.84 0.00 30.05 -76.38 -80.63 -9.69 0.00 60.64 -92.05 -20.07 -19.01 95.44 94.68 0.00 0.00 14.76
-27.14 0.00 -64.04 -2.57 -87.00 92.31 -89.18 -66.54 32.68 -56.95 0.00 0.00 0.00 0.00 -88.03 -26.19 0.00 74.40 88.34 -99.34 62.28 83.25 -81.96 0.00 -25.80 -1.63 11.20 -95.75 22.00 0.00 30.57 31.77 -17.37 75.74 0.00 0.00 -51.09 63.62 0.00 -91.63 0.00 -56.42 15.59 -18.77 16.76 -86.99 31.44 46.27 0.00 0.00 0.00 0.00 -76.17 -97.90 -21.06 4.10 -85.93 89.96 15.70 -97.59 -72.17 -22.03 85.66 -54.13 52.18 -15.98 57.07 93.64 -56.78 24.84 62.61 25.86 37.78 0.00 -88.49 26.68 46.16 -7.69 -20.53 -35.41 -53.73 29.70 0.00 96.04 92.54 53.53 98.14 8.68 -5.17 -87.79 35.85 0.00 -89.47 -48.17 63.68 0.00 0.00 -11.50 -25.31 -90.46
-59.33 0.00 0.00 0.00 0.00 0.00 0.00 95.92 66.61 0.00 -28.49 -60.86 28.65 0.00 0.00 -65.88 -97.80 -33.57 -17.16 66.09 -87.42 0.00 0.00 0.00 0.00 0.00 -87.65 -54.44 -22.83 0.00 -4.17 75.26 0.00 10.41 -11.64 65.99 8.55 -65.75 -39.18 57.97 70.10 -28.65 -53.00 0.00 70.98 59.85 21.69 80.52 -62.27 17.60 84.33 0.00 46.45 93.95 0.00 12.97 -82.23 96.15 0.00 0.00 0.00 -83.40 0.00 0.62 62.24 -33.61 50.18 -55.00 80.78 0.00 0.00 -53.99 -79.75 -8.82 71.58 0.00 -76.56 0.00 -63.07 -56.97 -15.74 -67.90 -49.67 92.82 -20.90 -78.70 0.00 89.88 -62.01 0.00 -98.19 0.00 0.00 -35.19 0.00 0.00 92.81 0.00 -76.66 -88.75
86.75 36.32 -70.97 -79.90 90.13 66.86 0.00 82.34 0.00 0.00 0.00 -43.48 0.00 17.03 -35.46 0.00 0.00 -62.71 0.00 0.00 -99.76 -15.21 65.68 71.83 45.44 0.00 -97.39 -85.15 -70.30 -28.08 2.40 0.00 -40.28 51.03 23.70 0.00 -50.41 89.02 0.00 62.73 14.40 -80.98 86.07 62.87 -94.23 59.59 91.90 -74.13 49.72 0.00 0.00 95.96 -54.59 -93.77 50.19 0.00 47.16 -19.27 0.00 50.44 0.00 -68.06 0.00 -53.60 59.47 77.38 -13.78 0.00 74.32 -55.72 0.00 58.15 0.00 -23.29 4.01 0.00 0.00 46.38 -62.38 90.81 0.00 72.60 0.00 -99.66 5.21 0.00 91.63 86.41 0.00 -31.93 -65.40 0.00 83.21 -2.83 -39.53 32.92 30.33 43.09 0.00 76.36
-19.49 -9.76 -5.71 -69.06 59.39 77.90 0.00 90.41 73.97 -35.88 -98.07 -44.54 0.00 -40.53 15.85 96.68 -94.16 53.47 87.48 0.00 0.00 78.44 0.00 91.02 -7.32 -92.74 -85.37 97.96 0.00 -58.14 0.00 97.84 32.33 39.54 67.96 0.00 -37.35 0.00 0.00 19.83 44.31 0.00 43.17 -89.94 -24.20 0.00 -88.69 0.00 -93.35 0.00 0.00 -46.31 -61.07 -82.17 17.81 0.00 -21.93 0.00 0.00 -26.71 0.00 0.00 -85.52 93.92 -30.04 -79.68 84.60 -5.36 0.00 -64.03 -87.19 -75.47 -19.56 0.00 0.00 0.00 0.00 -72.56 -77.52 22.31 0.00 -74.73 92.03 0.00 -38.16 0.00 -69.57 0.00 -45.33 81.68 -88.06 -64.96 -71.06 -12.26 0.00 -16.43 0.00 -27.19 41.44 0.00
0.00 22.50 -9.36 0.00 -3.55 -62.23 0.00 0.00 -98.87 0.00 0.00 10.94 -68.32 8.30 68.47 -46.52 0.00 -97.07 -95.57 -33.70 -72.54 22.09 0.00 0.00 -6.26 0.00 -12.84 -55.61 0.00 56.23 0.00 0.00 -20.82 43.44 -76.14 71.06 25.11 0.00 -64.19 -93.90 91.27 23.55 26.88 -35.93 -35.02 -13.42 0.00 91.92 0.00 0.00 98.65 24.35 0.00 0.00 93.05 0.00 0.00 9.58 93.24 38.55 -21.96 0.00 -53.28 0.00 41.48 19.69 50.23 -93.85 0.00 -58.23 -56.04 -6.69 0.00 23.37 0.00 0.00 0.00 -62.61 -90.31 -33.20 -38.74 0.00 80.75 -70.88 0.00 0.00 -2.93 -75.95 0.00 -79.62 0.00 0.00 -42.18 50.93 21.66 60.02 -25.29 50.78 58.66 99.06
0.00 0.00 43.82 -31.77 92.30 -17.64 83.48 -23.78 -38.96 0.00 40.37 -73.56 4.40 82.14 7.61 97.71 5.50 82.22 -55.40 -90.49 -56.53 -74.65 -61.37 77.75 -13.39 -3.78 -27.23 -25.25 -44.92 -67.22 49.46 -94.15 0.00 -71.36 85.73 0.00 86.88 34.08 78.02 6.44 17.56 -8.56 67.48 -42.08 55.09 -28.12 -22.73 -37.31 6.79 0.00 -80.03 0.00 -55.10 51.40 0.00 -70.52 0.00 25.58 -86.05 0.00 5.32 40.53 0.56 -61.26 -86.70 75.31 -6.18 0.00 -16.71 0.00 24.77 0.00 0.00 -0.33 0.00 0.00 0.00 11.94 10.49 -13.46 -53.99 25.71 -69.82 -99.23 -45.65 97.67 -4.09 0.00 -90.57 0.00 6.75 73.18 0.00 0.00 -27.88 0.00 -49.26 93.15 54.24 0.00
-97.87 -40.16 -20.19 -83.92 0.00 65.16 -79.66 0.00 53.86 -96.10 -29.15 29.16 34.93 54.14 -8.87 -28.19 3.28 -98.39 95.56 49.30 64.53 -74.26 87.28 0.00 0.00 -81.13 -76.60 -16.82 -71.70 67.36 -43.65 37.64 0.00 -81.91 -13.29 -8.13 -42.56 0.00 46.55 -91.12 10.73 0.00 48.91 -70.78 -35.42 0.00 0.00 90.02 37.28 -69.05 0.00 0.00 0.00 62.16 28.63 22.08 -66.04 -68.10 60.91 -70.49 -81.60 0.00 25.43 -44.75 -94.32 81.52 0.00 0.00 0.00 15.86 -11.14 0.00 -90.19 0.00 20.42 82.43 47.45 38.52 -30.87 -23.48 0.00 0.00 0.00 -66.84 -47.12 0.00 -14.59 43.89 0.00 -61.01 51.84 0.00 -54.32 -33.78 -10.88 13.84 -71.63 -82.26 -64.09 -37.67
-50.36 0.00 96.82 29.05 -31.95 59.46 84.31 10.94 0.00 40.97 37.37 99.80 0.00 87.99 -42.21 0.00 82.22 72.65 -66.49 -11.45 -50.84 -33.33 78.64 34.57 -52.24 -82.37 23.62 30.65 -16.15 -87.27 0.00 -55.52 49.43 -32.32 0.00 0.00 -19.60 -88.25 0.00 54.53 14.42 40.80 -40.22 11.08 0.00 0.00 62.31 0.00 70.72 0.00 -47.96 -0.32 -92.28 -22.76 57.47 -72.86 -50.12 -71.82 15.70 -0.96 0.00 -5.15 -5.67 -29.18 79.82 0.00 0.00 49.17 -68.36 10.47 -66.99 -55.63 92.16 82.44 0.00 49.26 0.00 9.76 0.00 -68.61 40.99 0.00 -75.82 -90.60 -99.23 72.47 0.00 71.71 -91.31 -75.49 0.00 8.59 -83.59 38.96 0.00 3.26 -56.44 0.00 88.84 0.00
31.44 0.00 0.00 96.47 25.08 -36.51 -9.21 -66.90 -56.69 -22.83 -35.26 90.99 10.18 46.32 -79.66 0.00 0.00 0.00 29.83 0.00 0.00 32.78 0.00 30.11 98.43 -26.23 91.50 0.00 -92.18 0.00 -25.46 63.96 0.00 79.54 20.44 -74.33 0.00 0.00 25.33 74.07 0.00 64.63 -71.41 -82.38 53.46 0.00 0.00 0.00 0.00 60.03 -48.71 15.75 -76.48 0.00 42.08 48.85 0.00 4.04 0.00 -80.76 -49.20 32.23 66.64 97.12 52.57 33.67 0.00 29.90 -17.33 32.09 0.00 0.00 -96.34 0.00 -25.84 77.13 0.00 15.41 -61.88 93.87 -26.95 -36.21 19.19 -52.89 0.00 -71.58 47.78 1.94 -80.92 7.81 0.00 53.23 34.83 0.00 0.00 68.54 32.52 20.89 0.00 -27.43
88.97 71.69 -95.21 55.60 0.00 -94.00 57.36 0.00 26.47 73.11 0.00 0.00 -22.76 -4.23 0.00 -86.03 51.40 -27.11 66.59 89.52 -33.25 -60.36 -9.48 0.00 0.00 -76.86 -13.25 18.94 70.93 0.00 88.70 75.23 0.00 15.94 79.13 10.06 0.00 -15.53 0.00 11.64 -31.85 94.25 0.00 0.00 0.00 0.00 0.00 0.61 0.00 0.00 0.00 -22.96 99.04 -6.59 0.00 -16.96 93.60 0.00 -42.91 0.00 -6.64 -29.17 52.86 7.33 -77.77 -37.05 -26.08 -51.05 0.00 0.00 66.91 13.56 0.00 39.47 0.00 90.05 -62.49 -4.39 60.97 0.00 0.00 -36.59 8.05 0.00 -23.10 -57.46 -44.69 0.00 61.37 91.39 23.46 92.82 -8.01 -99.51 0.00 91.85 0.00 85.41 20.74 -77.35
-20.30 -85.91 -6.52 -67.45 21.43 52.92 -4.50 -67.45 0.00 -60.92 -37.60 83.32 0.00 -84.25 -47.56 -79.18 48.58 0.00 -49.38 0.00 21.45 0.00 -43.38 27.52 -98.81 11.93 26.10 0.00 92.58 0.00 0.00 -64.62 18.91 -15.43 0.00 -26.92 47.97 7.18 0.00 0.00 -68.98 0.00 70.62 86.88 -54.88 1.30 -43.37 -96.25 -8.57 52.13 0.00 0.00 0.00 -63.70 30.51 -48.27 -43.18 46.26 41.38 -22.36 32.04 92.00 0.00 -63.71 0.00 0.00 0.00 88.66 56.73 -62.52 0.58 20.03 -69.94 0.00 0.00 73.17 -61.07 14.63 -53.76 -75.90 0.00 0.00 -40.99 -22.73 -68.08 -54.12 59.60 0.00 0.00 0.00 0.00 33.23 0.00 0.00 0.00 0.00 39.72 63.35 -38.14 -8.16
-63.15 0.00 92.37 0.00 80.78 0.00 -6.33 75.83 22.15 0.00 0.00 -91.49 0.00 7.87 14.15 -17.98 0.00 -3.48 8.08 19.50 -65.69 -71.90 0.00 49.56 -92.53 0.00 4.24 1.39 -9.07 0.00 28.35 97.61 68.20 97.48 -19.31 0.00 65.00 30.70 -79.60 0.00 65.55 0.00 92.56 0.00 0.00 12.24 -97.61 0.00 0.00 -77.88 30.22 0.00 33.27 0.00 97.96 0.00 -47.63 0.00 78.99 43.03 0.00 0.00 0.00 -96.28 -39.00 0.00 0.00 0.00 -23.25 11.80 -82.29 0.00 11.06 39.90 -95.53 55.75 -18.66 43.08 -53.33 -90.32 40.68 0.00 0.00 0.00 -47.93 0.00 -92.84 -78.63 -45.73 0.00 75.07 -58.23 -80.19 -95.17 91.23 0.00 0.00 -40.59 -35.84 21.44
-70.12 0.00 -0.68 -88.99 -91.14 -57.66 -85.27 7.08 56.31 63.74 24.79 4.57 0.00 0.00 40.84 66.47 -39.69 -77.82 9.54 0.00 44.19 -30.93 0.00 0.00 -49.78 0.00 -66.54 13.44 -28.41 -12.27 0.00 0.00 -11.49 0.00 0.00 50.57 44.75 30.55 79.00 0.00 -95.85 0.00 94.71 0.00 0.44 -65.97 0.00 -5.97 0.00 11.45 0.00 -19.89 73.58 63.40 87.19 29.88 27.13 49.18 -65.55 -32.03 0.00 0.00 15.64 31.97 27.36 -74.82 13.37 96.43 0.00 0.00 0.00 12.61 84.04 9.87 -78.60 8.98 0.00 -64.42 71.97 -46.28 -96.67 50.97 -4.91 98.04 -11.39 29.12 29.27 -62.74 0.00 0.00 -90.78 40.06 0.00 0.00 -99.35 -66.39 -30.07 65.00 0.00 0.00
-80.01 41.59 -29.83 35.64 0.00 10.77 0.00 97.53 98.03 -38.66 93.95 47.84 -54.63 0.00 0.00 41.02 69.24 54.35 76.60 78.41 -54.72 79.93 0.00 66.58 40.37 -84.83 -44.82 0.00 6.69 0.00 0.00 81.65 29.66 15.92 21.70 0.00 30.31 86.74 0.00 91.64 32.51 -93.27 70.43 -97.33 79.58 0.00 18.40 0.00 -62.60 -85.20 79.74 -31.44 62.64 -37.68 -90.43 69.08 0.00 -46.13 0.00 -76.62 47.48 -0.85 0.00 -59.49 14.06 -23.28 -44.32 -93.56 0.00 0.00 0.00 83.42 -25.46 36.10 36.54 0.00 0.00 96.24 3.62 23.27 -74.93 -26.67 67.21 95.51 13.22 46.78 0.00 0.00 13.90 0.00 50.62 98.79 30.85 -80.83 0.00 98.63 93.17 -34.04 67.70 -52.97
-10.66 0.00 52.39 83.40 67.06 -33.56 -39.89 -40.05 10.09 -56.48 34.49 -16.60 0.00 80.06 0.00 0.00 30.72 -75.78 40.54 0.00 55.80 0.00 -2.45 7.74 88.51 -89.24 -8.27 39.61 98.60 -9.49 0.00 -29.55 0.00 -82.24 0.00 26.35 0.82 20.93 0.00 0.00 -5.96 47.86 0.00 -52.53 -53.58 31.25 -85.47 50.07 91.36 -25.52 -2.63 -27.91 -53.83 80.77 -47.86 -85.91 -95.02 92.68 69.89 39.74 0.00 0.00 37.63 95.60 50.51 -33.44 35.21 49.10 0.00 94.28 -94.35 -95.94 0.00 20.62 0.00 0.00 6.48 0.00 62.21 -85.34 -8.46 -90.33 -38.92 -40.01 -75.80 0.00 -51.64 -48.66 35.89 45.73 0.00 60.64 -80.74 0.00 26.49 -87.22 -66.64 68.68 -57.34 0.00
-59.55 0.00 0.00 8.41 -82.51 -63.95 -3.88 -15.95 0.00 71.26 -17.58 -21.67 -85.89 23.70 98.95 0.00 0.00 0.00 57.80 0.00 0.00 -14.10 0.00 -49.19 -50.67 -4.43 0.00 11.90 0.00 0.00 9.32 56.99 60.26 0.00 0.00 97.88 0.00 30.08 5.98 0.00 0.00 58.51 86.56 -30.33 -91.51 -80.09 -61.66 -11.63 0.00 -39.64 0.00 83.96 43.07 -3.59 0.00 17.29 -72.88 4.87 -63.09 42.66 0.00 18.99 60.61 41.60 0.00 -23.22 -16.29 92.42 0.00 63.33 -83.51 41.52 9.85 -89.32 38.98 7.72 0.00 0.00 40.76 -17.84 3.44 64.52 0.00 51.83 49.14 84.43 -72.63 -25.29 -18.00 0.00 0.00 0.00 0.00 0.00 0.00 -51.47 0.00 -82.22 78.41 65.82
-55.10 -16.72 -97.27 0.00 87.56 -60.53 -99.46 66.36 0.00 53.46 -15.74 95.98 16.78 0.75 37.49 0.00 0.00 -73.37 11.43 13.67 71.56 -10.61 95.83 0.00 -25.01 -46.09 0.00 84.86 -38.66 -24.46 -50.57 36.05 57.54 0.00 0.00 -2.03 0.00 53.83 0.00 73.16 0.99 0.00 -64.07 -43.57 40.93 -39.31 33.11 0.00 78.69 0.00 -35.74 0.00 -13.44 -37.06 -39.77 -96.66 0.00 -99.11 -65.07 -32.82 49.53 0.00 0.00 48.60 0.00 -61.27 0.00 -61.09 81.64 50.94 0.00 0.00 30.03 66.49 0.00 -87.73 0.00 -94.43 -46.87 0.00 0.00 85.53 0.00 0.00 0.00 0.00 63.11 51.10 76.57 36.26 0.00 0.00 -10.71 -50.30 -70.11 0.00 -32.57 0.00 10.40 0.00
-99.80 -53.89 74.66 -13.23 46.26 -27.91 0.00 27.32 84.36 7.02 94.50 33.88 -7.17 -66.78 0.00 -90.01 -25.54 -78.64 77.24 -21.85 -66.37 82.81 31.28 -43.63 0.00 0.00 0.00 0.00 83.12 0.00 0.00 19.58 -29.86 56.59 -53.92 0.00 0.00 0.00 0.00 0.00 0.00 19.84 86.48 13.51 -32.56 -76.11 96.83 0.00 -20.70 0.00 0.00 0.00 0.00 10.66 80.29 51.40 -62.03 64.64 -4.38 0.00 -30.33 35.72 88.45 2.89 82.92 0.11 61.47 0.00 0.00 60.15 78.27 95.10 80.16 46.75 -11.33 0.00 63.28 0.00 -33.67 58.81 19.86 12.41 0.00 0.00 -21.35 43.54 -36.88 83.30 0.00 -95.37 0.00 0.00 -2.85 -37.40 15.29 0.00 -22.57 0.00 -86.01 0.00
90.47 0.00 -20.73 0.00 9.61 -39.87 -47.81 35.27 0.00 -99.77 -27.69 -27.42 0.00 61.70 0.00 -67.54 -11.95 94.00 -50.18 -65.20 19.88 0.00 -86.91 38.34 15.89 70.16 -12.05 0.00 0.00 94.54 0.00 50.91 51.07 -84.96 0.00 55.54 -14.58 -22.36 0.00 8.04 -99.95 -8.37 35.71 0.00 16.53 -61.56 -66.95 0.00 0.00 68.72 -89.09 -29.51 -21.77 0.00 -16.50 -30.61 10.69 71.55 0.59 0.00 60.52 0.00 -56.45 0.00 -79.54 0.00 -89.19 81.89 0.00 36.36 0.00 -81.82 0.00 -30.17 68.10 -93.71 -41.90 0.00 83.14 0.00 61.83 43.52 -39.23 0.00 0.00 7.07 80.78 0.00 89.61 -57.22 -2.70 -34.74 0.00 -24.17 3.22 -23.83 0.00 46.32 0.00 81.46
0.00 96.88 0.00 0.00 0.00 -84.30 29.35 0.00 68.43 0.00 16.29 27.07 0.00 0.00 -88.03 73.97 37.89 -68.93 0.00 0.00 0.00 10.32 93.28 0.00 0.00 0.00 38.11 15.62 99.57 96.22 35.97 98.60 76.94 96.74 5.67 0.00 57.72 -76.45 85.66 -7.78 -11.19 -1.31 0.00 -67.35 64.98 -55.00 0.00 -85.90 99.07 -2.09 80.66 0.00 67.49 0.00 -48.60 7.73 -83.34 -37.43 -17.18 -15.06 -89.91 0.00 13.30 -76.95 25.72 0.00 12.86 -80.74 0.00 -38.32 11.45 0.00 -66.60 -4.38 0.00 0.00 -45.68 -71.68 19.17 0.00 -60.03 57.76 0.00 -92.03 0.00 0.00 38.66 0.00 90.41 -89.84 -79.14 -58.29 -90.78 0.00 55.98 0.00 -77.64 -86.09 -55.41 67.30
-32.22 7.16 0.00 -12.68 52.73 17.26 -99.39 0.00 -87.02 0.00 -19.82 13.47 -67.76 0.00 79.07 -37.87 2.85 -25.32 16.45 68.39 0.00 -68.94 93.64 26.14 -60.97 32.29 16.54 0.00 0.00 -13.60 90.37 0.00 58.25 32.83 83.55 -82.19 83.95 -71.87 -77.68 -48.27 0.00 72.51 9.64 -58.34 26.97 10.26 0.00 -45.36 -92.86 -76.28 24.09 0.00 0.00 0.00 86.21 23.06 -73.07 -1.91 -60.49 -67.48 0.00 29.15 -66.86 0.00 58.66 0.00 -94.61 -97.37 12.40 -8.21 0.00 0.00 -69.80 0.00 -29.36 -38.17 0.00 0.00 -86.25 25.67 0.00 -54.23 -20.91 47.99 34.71 -11.20 0.00 -42.38 76.37 -84.24 0.00 -94.92 -69.00 -77.10 -33.98 92.30 -53.69 0.00 89.08 -43.56
44.41 -71.42 0.00 0.00 -11.04 -26.45 0.00 -1.07 -52.38 0.00 0.00 -21.06 38.78 0.00 60.02 -92.06 -93.82 -32.13 -30.23 0.00 -42.86 -69.26 52.75 0.00 36.24 78.73 -12.54 -74.97 -26.45 1.03 -21.99 -21.36 32.04 0.00 38.12 44.66 0.00 61.54 84.44 33.73 -82.03 66.05 99.53 6.94 -60.41 0.00 0.00 0.00 35.66 91.77 55.75 0.00 11.64 88.99 0.00 -99.11 0.00 17.83 -43.15 -29.34 74.97 24.80 -39.39 48.41 3.52 0.00 48.07 -89.35 -85.72 0.00 0.00 -50.90 -11.34 -7.08 -81.66 -73.23 -25.22 -82.92 -51.59 -54.29 -64.94 0.00 0.00 -85.55 -17.56 79.21 -8.74 -81.90 -91.83 -15.79 29.74 0.00 0.00 97.16 0.00 -14.90 -15.23 -8.78 0.00 0.00
0.00 92.97 -40.26 -83.99 -46.43 -54.65 0.00 56.75 -61.15 -6.79 0.00 0.00 71.03 0.00 0.00 25.16 81.87 0.00 1.15 43.50 0.00 -54.15 -86.87 60.58 31.47 0.00 0.00 -41.16 0.00 0.00 -67.16 0.00 0.00 45.93 0.00 78.50 -87.96 -25.61 96.60 -42.58 58.60 63.54 0.00 0.00 0.00 0.00 -45.42 -19.10 -51.69 0.00 83.01 -26.14 0.00 45.26 99.02 64.64 -72.19 0.00 92.97 -96.52 21.03 -98.81 28.64 2.89 39.55 9.34 0.00 85.95 0.00 0.00 52.68 7.13 0.00 17.42 -51.27 39.97 0.55 0.00 -35.57 0.00 89.23 0.00 0.00 -87.86 -38.98 0.00 -53.36 -92.06 -38.24 38.43 -11.16 10.07 21.43 0.00 99.91 0.00 -7.47 57.66 64.54 20.35
50.62 0.00 -94.77 -58.63 0.00 89.03 71.08 81.47 28.57 0.00 0.00 0.00 -19.58 -95.38 18.46 87.55 59.25 -95.61 64.72 -40.21 -31.18 0.00 0.00 0.00 53.94 -28.07 67.05 -62.21 0.00 0.00 0.00 -20.13 0.00 0.00 -71.20 76.22 0.00 -94.09 0.00 76.09 0.00 34.86 -94.19 -31.39 -7.49 70.35 -73.84 0.00 -19.67 75.58 -32.47 0.00 0.00 0.00 -30.65 0.00 46.66 0.00 0.00 0.00 -13.79 -64.87 -35.72 -9.17 90.80 -10.97 -49.93 95.19 0.00 -46.26 47.07 1.21 -55.11 -43.80 -31.75 0.00 0.00 19.89 73.28 -2.95 -3.90 0.00 79.19 0.00 0.00 0.00 -26.87 -31.84 85.00 0.00 78.96 97.88 92.55 -94.89 0.00 -21.79 0.00 68.13 9.86 0.00
84.77 51.99 -66.73 -42.90 -46.53 24.10 0.00 -52.11 0.00 42.50 -88.63 -19.72 0.00 0.00 0.00 0.00 0.00 -66.56 0.00 95.65 81.49 -21.67 0.00 -48.16 -50.27 98.22 -74.89 0.00 84.00 31.53 0.00 -95.71 -5.67 0.00 99.69 0.00 -73.51 -26.72 97.57 -80.97 0.00 0.00 0.00 15.61 0.00 12.98 0.00 -75.64 -74.54 0.00 0.00 34.95 76.35 -4.06 92.06 -32.98 -42.76 -22.85 -90.49 -31.39 57.44 -19.83 1.46 38.92 58.50 0.00 53.30 0.00 0.00 -74.14 93.93 0.00 -84.39 0.00 -90.15 62.66 0.00 0.00 0.00 -42.89 4.18 0.00 99.55 -16.40 0.00 0.00 0.00 -85.33 0.00 -65.69 2.63 30.28 84.50 27.00 92.95 19.45 40.55 0.00 -11.12 11.50
0.00 -92.43 0.00 46.12 -74.15 -45.71 0.00 -48.07 0.00 83.29 0.00 34.46 53.39 0.00 22.21 0.00 0.00 30.17 0.00 43.89 0.00 48.07 61.30 59.50 0.00 95.13 0.00 0.00 23.95 -46.19 -0.70 23.49 37.41 13.97 95.02 -59.97 -18.55 0.00 79.51 67.03 11.60 0.00 0.00 -1.05 44.79 -62.32 -52.35 52.36 83.80 -26.49 -56.15 -27.07 0.00 -43.21 78.32 0.00 0.00 -36.48 -83.80 45.69 0.00 -55.39 -98.53 6.98 -58.69 96.60 -69.08 -4.88 33.11 91.62 -67.48 -15.72 86.63 -27.44 65.74 -96.66 0.00 0.00 0.00 -23.21 -22.67 2.29 0.00 -78.43 15.02 0.00 87.16 -88.87 0.00 0.00 36.02 0.00 0.00 -2.13 0.00 -7.80 0.00 -53.84 54.66 -29.49
0.00 0.00 9.68 -91.93 -46.60 54.30 0.00 0.00 -90.46 0.00 60.38 0.00 95.61 -56.65 0.00 0.00 -71.50 27.94 76.46 -79.89 60.46 0.00 -39.27 0.00 0.00 -56.05 -29.78 -36.33 -52.71 84.23 41.01 86.79 0.00 0.00 -57.00 -6.77 73.94 -45.86 -33.55 -28.20 46.34 12.61 -36.33 -45.95 -40.50 8.95 0.00 0.00 7.45 -49.00 55.70 5.03 -16.19 0.00 99.05 33.53 -88.26 -87.30 0.00 90.85 -90.59 -26.56 -28.00 -20.37 37.11 0.00 19.29 -36.15 15.32 0.00 43.29 6.86 -54.25 54.43 98.21 12.21 -36.56 81.75 0.00 -37.98 64.32 -27.00 58.73 -26.74 -82.35 0.00 -90.28 -33.84 22.68 -6.46 0.00 -34.79 -6.59 42.49 -22.09 0.00 -15.75 0.00 51.90 0.00
88.56 56.26 -31.26 25.67 12.75 0.00 32.59 -21.81 -6.76 -23.35 23.95 -52.33 12.06 0.00 0.00 -26.64 48.32 0.00 -6.20 0.00 0.00 0.00 0.00 0.00 35.38 0.00 0.00 12.63 0.00 66.80 -5.89 0.00 -76.91 -78.35 41.04 0.00 0.00 -10.75 44.33 -28.22 91.67 -62.27 -85.73 6.79 59.20 -96.63 -4.66 0.00 52.66 -27.89 -41.79 -34.60 -58.09 36.41 95.86 55.77 0.00 0.00 -2.44 -56.48 -32.17 70.92 0.00 91.84 98.84 43.50 41.67 -97.16 -25.19 64.76 -75.51 -84.15 -46.00 0.00 -93.97 24.84 -17.12 -56.24 76.32 89.67 0.00 -59.84 0.00 79.70 0.00 -15.00 92.82 -10.99 80.43 -4.57 68.13 0.00 54.04 -8.72 23.90 -48.41 72.01 91.73 -77.50 0.00
-98.96 90.56 -96.80 42.71 0.00 0.00 93.40 -21.98 7.46 0.00 -82.11 31.08 98.67 0.00 -76.08 -44.09 -18.46 4.89 -67.77 -28.80 0.00 0.00 82.27 -50.87 93.42 -87.72 38.14 73.84 7.71 0.00 6.27 27.87 -63.81 -32.63 -83.34 -91.81 -40.91 -60.84 -90.77 -13.15 -20.43 0.00 89.15 -19.75 57.59 0.00 -3.40 0.00 35.35 25.87 32.48 0.00 96.48 81.79 -85.99 38.57 0.00 -48.78 22.43 58.04 37.56 0.00 0.00 53.05 0.00 70.33 12.90 26.88 -21.97 0.00 0.00 0.00 -43.63 0.00 -8.05 0.00 14.23 23.74 8.61 59.63 0.00 0.00 -79.97 84.98 0.00 0.00 -93.93 6.89 0.00 0.00 0.00 0.00 1.75 95.22 -75.66 0.00 -40.66 0.00 29.03 96.90
0.00 0.00 -77.59 -38.50 -69.43 -58.60 0.00 12.72 69.14 0.00 29.83 -27.65 27.18 -32.62 -74.61 -2.50 80.29 89.48 -87.27 -63.35 18.63 64.17 60.40 -72.77 0.00 23.80 80.43 -50.59 67.08 24.52 0.00 51.17 99.50 48.86 -52.29 28.52 0.00 45.75 0.00 7.33 0.00 0.00 -72.78 -86.48 0.00 48.74 77.16 0.00 82.67 -21.44 0.00 -50.50 0.00 47.05 45.95 12.11 -18.25 0.00 63.44 0.00 0.00 38.79 -5.52 0.00 -99.92 0.00 -42.58 -4.14 0.00 0.00 0.00 97.69 0.00 0.00 21.86 -43.14 -84.68 0.00 0.00 -91.52 -76.07 39.84 59.65 -76.58 25.91 0.00 0.00 -55.44 89.16 8.86 51.89 -46.42 22.39 0.62 -69.27 42.26 -83.61 17.45 0.00 -10.70
0.00 62.34 -33.24 -91.75 25.77 -94.46 39.94 63.06 0.00 -37.04 0.00 -64.21 60.75 84.83 -7.35 0.00 -86.73 -69.49 53.79 53.11 0.00 90.16 0.00 -85.58 0.00 0.00 -20.99 -28.08 -59.22 0.00 -74.92 -76.20 -5.64 0.00 47.47 61.64 0.00 25.10 -10.28 0.00 78.03 -20.25 -83.78 77.57 46.51 -75.53 40.54 52.05 -98.39 3.59 0.00 0.00 -47.78 -62.59 1.54 -25.75 67.27 14.81 4.76 58.27 5.13 32.12 0.00 72.69 -78.66 0.00 -95.97 0.00 -86.54 -53.58 -34.96 0.00 45.03 0.00 93.89 0.00 -73.33 0.00 -29.88 20.81 -58.10 87.08 37.03 -43.33 0.00 33.58 0.00 98.71 -65.59 22.84 -99.68 75.22 0.00 75.06 -25.06 -23.25 0.00 0.00 -13.49 -57.80
0.00 -71.23 91.27 -62.33 71.11 23.38 -52.44 92.45 64.62 -1.77 -61.13 0.00 -70.35 -56.74 -30.04 -6.46 50.59 0.00 90.78 72.65 37.67 0.00 0.00 0.00 0.00 65.01 -70.68 -28.76 0.00 0.00 63.72 -36.27 -68.72 0.00 64.04 0.00 -61.06 -56.46 -23.82 52.91 30.05 18.38 -81.12 21.31 93.27 89.99 -18.11 -59.18 82.43 -53.50 39.06 -41.50 13.37 0.00 82.32 28.47 -93.10 32.90 19.24 -83.25 -29.44 0.00 0.00 -15.76 -53.93 79.02 -52.05 47.02 -89.71 -50.81 -76.84 -46.16 25.37 -86.73 83.89 -19.04 -67.85 42.41 -25.78 -77.87 -38.50 0.00 0.00 52.25 -58.23 8.01 -8.70 0.00 0.27 0.00 0.00 -41.42 10.82 0.00 -71.27 2.69 0.00 0.00 -56.28 85.18
19.44 51.49 0.00 0.00 -30.58 -97.28 0.00 30.50 54.58 49.74 78.01 0.00 -59.02 0.00 -89.90 -30.95 0.00 -96.45 -76.62 0.00 0.00 -9.86 -15.49 -44.47 -67.46 95.94 0.00 0.00 14.88 0.00 31.26 48.19 56.65 0.00 0.00 -23.53 -23.31 0.00 -43.09 35.05 0.00 87.52 22.86 -62.27 -68.77 8.03 57.17 0.00 -80.08 -85.35 59.89 0.00 0.00 87.64 0.00 0.00 69.24 0.00 46.83 0.00 0.00 0.00 65.64 0.00 -52.58 0.00 0.00 56.94 0.00 -28.11 -49.03 80.32 0.00 62.03 72.70 -26.95 0.00 -68.22 -94.17 87.93 63.04 91.23 81.78 -60.50 -32.08 -24.10 -88.25 0.00 -44.57 98.76 -50.52 23.87 43.99 -56.15 0.00 43.79 58.65 -59.05 0.00 31.42
65.09 87.78 34.26 0.00 -87.50 81.92 -93.86 0.68 62.23 0.00 -94.62 0.00 -26.63 -27.51 0.00 0.00 -62.84 16.42 -39.59 0.00 -62.60 0.00 7.64 0.00 -20.60 -23.10 75.56 0.00 55.30 -11.35 -69.02 91.26 0.00 75.34 92.06 35.24 -80.82 35.85 0.00 -6.12 0.00 0.00 -2.66 4.47 -3.83 -14.88 -61.27 45.88 0.00 0.00 0.00 -32.97 0.00 0.00 -17.92 -53.44 0.00 0.00 0.00 -33.53 0.00 -12.54 57.14 0.00 0.00 38.96 24.62 -26.45 0.00 -63.43 62.02 81.20 15.97 -23.88 56.75 -28.74 -98.03 0.00 -75.06 0.00 -37.49 0.00 -85.49 0.00 -83.01 0.00 0.00 0.00 0.00 -65.04 -29.09 90.05 0.00 28.84 68.25 0.00 -5.48 0.00 -37.78 -46.64
70.46 0.00 -91.91 57.61 -47.47 0.00 0.00 0.00 -45.35 0.00 -75.93 0.00 40.00 -88.21 63.03 1.82 22.55 0.00 -63.20 0.00 0.00 0.00 0.00 1.05 0.00 3.74 52.78 77.17 -2.30 0.00 -75.97 -83.65 22.64 23.76 0.00 0.00 0.00 -69.14 76.84 58.72 1.77 66.89 24.76 -29.98 -1.39 -75.82 60.59 -30.94 0.00 -67.72 0.00 18.19 21.59 -13.07 42.26 0.00 0.00 -1.21 0.00 35.93 42.49 -62.18 -41.52 79.30 38.87 99.43 0.00 69.28 0.00 0.00 53.24 0.00 -2.88 -69.49 69.59 -43.04 54.27 -62.34 -28.99 50.19 76.64 0.00 -62.11 12.16 -53.35 36.50 0.00 36.34 0.00 -55.55 0.00 -57.24 0.00 68.62 62.64 -98.45 -7.24 0.00 42.11 0.35
-34.11 0.00 21.80 38.17 61.58 1.09 14.24 0.00 98.22 0.00 7.57 4.68 0.00 0.00 -4.67 38.09 11.48 0.00 89.51 29.56 49.14 -39.49 0.00 -20.25 25.77 35.61 -70.89 0.00 -90.37 0.00 9.31 65.45 0.00 -45.92 52.07 71.28 -46.08 53.62 0.00 1.24 96.03 -8.83 -95.67 17.83 -33.46 0.00 -96.88 0.00 -43.88 -82.02 0.00 0.00 0.00 -98.67 63.70 22.67 0.00 0.00 0.00 0.00 33.87 1.78 -65.86 23.37 0.00 -68.67 83.28 -78.92 48.29 46.25 93.90 77.40 55.88 3.20 0.00 80.06 -52.84 -7.53 88.54 1.09 -16.70 0.00 26.98 0.00 34.32 0.00 -88.33 31.31 0.00 -47.86 -21.78 34.43 0.00 0.00 45.48 0.00 0.00 -3.80 35.76 46.38
-43.93 0.00 -30.37 -14.64 -9.79 -69.80 0.00 53.90 10.69 -11.50 2.19 -43.06 -17.61 16.79 -49.98 -77.20 34.05 34.40 0.00 15.27 22.58 -27.31 -64.23 0.00 -50.45 -93.00 0.00 -52.55 0.00 -81.93 0.00 -40.85 62.88 52.50 0.00 0.00 0.00 0.00 -58.17 -3.72 0.00 25.47 88.21 52.36 -67.70 -26.44 -57.44 -37.50 0.00 -35.34 90.47 88.21 -95.95 -15.39 0.00 -29.40 0.00 20.85 71.84 0.00 -6.60 -7.90 0.00 0.00 6.23 -54.13 -48.11 78.92 0.00 -18.35 38.65 0.00 85.93 0.00 0.00 29.10 56.72 -17.72 -8.03 46.43 0.00 24.11 88.25 -28.11 49.52 0.00 77.81 4.19 -39.72 -79.63 -96.11 24.94 -51.96 92.11 29.00 32.65 -0.09 -12.95 4.48 0.00
0.00 93.31 79.15 0.00 0.00 -89.29 -60.83 -31.76 0.00 -73.17 58.03 -93.11 -87.25 -12.88 0.00 63.61 32.24 -83.71 0.00 0.00 47.24 -43.66 0.00 -58.25 -80.88 0.00 -56.94 -80.45 60.52 3.34 -22.87 -98.38 0.00 -71.72 25.17 0.00 93.73 94.49 -42.19 30.84 18.74 62.30 24.14 35.09 -89.79 -99.49 -96.67 -62.96 58.55 0.00 -89.78 -12.99 -17.13 -88.97 -80.76 0.00 36.38 95.49 0.00 12.80 78.13 0.00 -48.19 55.86 97.68 0.00 0.00 0.00 -87.67 -3.59 -25.19 0.00 -48.84 61.90 -62.82 0.00 0.00 -17.91 56.38 0.00 0.00 -5.00 -87.08 -24.89 0.00 -5.50 37.06 0.00 -89.81 0.00 0.00 4.71 0.00 0.00 0.00 74.78 -49.27 78.96 70.53 -1.84
-34.04 0.00 -46.60 0.00 9.20 -14.79 89.78 41.89 -64.79 -94.90 0.00 0.00 0.00 93.70 91.07 -60.02 -93.98 24.68 14.79 -5.61 -13.43 51.98 0.00 76.48 -19.85 -15.82 89.40 55.26 78.68 0.00 0.00 0.00 63.66 -97.34 0.00 20.59 0.00 38.44 -9.40 0.00 -0.46 0.00 8.96 0.00 88.77 65.51 99.57 0.00 0.00 35.17 -12.08 -73.46 0.00 -22.95 23.13 -68.36 0.00 0.00 -29.26 51.40 -28.37 0.00 13.98 13.29 -76.38 -91.64 99.86 -87.20 84.85 -19.99 0.00 34.19 0.00 0.00 0.00 0.00 74.24 -27.53 12.86 0.00 0.00 37.90 0.00 12.34 -66.56 13.54 -97.06 70.20 -40.30 91.71 35.70 -40.73 26.87 0.00 0.00 0.00 0.00 -39.18 0.00 0.00
0.00 -14.19 -96.09 -78.85 54.67 0.00 0.00 11.86 -90.25 -36.50 -74.17 23.04 24.33 0.00 -65.80 22.90 37.14 -43.75 -59.89 -28.68 -69.52 12.58 -78.61 0.00 -94.42 -75.08 -7.96 56.33 -72.14 0.00 -37.77 0.00 -83.97 0.00 -43.23 97.93 0.00 0.00 0.00 -24.70 -79.16 0.00 -4.05 98.32 -75.25 17.10 90.19 73.82 26.86 0.00 0.00 -46.32 0.00 99.66 -50.11 0.00 78.02 -28.94 0.00 72.79 52.36 0.00 27.31 -87.11 -39.12 95.00 62.69 -17.73 -99.42 0.00 0.00 87.61 74.32 0.00 0.00 56.91 -47.33 0.00 0.00 0.00 0.00 -63.46 -89.86 0.00 46.65 0.00 -28.32 0.00 -14.56 67.49 67.63 20.97 -70.56 0.00 0.00 21.94 11.15 -96.75 -51.21 64.84
-97.10 -1.32 80.06 11.17 8.68 32.41 0.00 -61.53 58.78 0.00 93.29 -66.53 21.46 12.77 -28.74 0.00 46.27 0.00 24.29 0.00 0.00 -34.63 -63.86 60.83 -24.48 82.79 -30.29 98.17 50.27 0.00 -25.45 19.13 79.71 96.49 0.00 -69.72 0.00 -79.83 -17.52 0.00 -67.68 -39.72 -81.64 -50.42 0.00 0.00 71.46 0.00 27.04 -80.81 -52.87 23.03 0.00 0.00 -50.32 0.00 17.81 0.00 -55.52 62.45 89.07 -72.04 0.00 -13.27 0.00 -8.35 0.00 0.00 -35.90 -15.23 0.00 -95.63 -15.90 91.69 -97.47 -28.43 -33.77 58.88 -48.72 0.00 -0.08 -73.64 8.66 0.00 -80.40 -4.11 0.00 0.00 68.94 -62.03 45.47 40.39 65.01 0.00 64.66 87.53 0.00 -11.97 -85.67 0.00
0.00 42.54 69.73 -86.01 68.82 -65.11 37.93 0.00 -39.54 36.20 0.00 -77.31 0.00 2.04 -79.71 0.00 -85.62 0.00 41.78 -8.13 17.82 0.65 80.36 0.00 -45.05 27.01 -10.99 0.00 -25.45 -77.11 -42.06 0.00 12.52 0.00 -94.44 -64.46 14.74 0.00 70.22 -39.73 -60.03 -78.24 -97.20 -53.10 -27.04 71.62 -18.21 -89.12 -30.72 -44.80 0.00 -66.42 71.32 0.00 -24.51 0.00 -14.83 0.00 13.10 -95.44 0.00 -59.81 -49.05 -77.88 32.35 77.97 11.13 -55.89 -61.94 -93.72 93.84 -56.37 -20.97 0.00 0.00 8.57 -48.95 76.51 85.76 10.02 79.31 -30.14 82.98 88.14 0.00 51.66 -68.93 -42.59 -55.94 0.00 1.86 -34.06 0.00 0.00 0.00 0.00 0.00 19.55 87.03 0.00
0.00 -83.76 61.33 -35.58 0.00 -32.81 83.45 0.00 96.78 -17.64 0.00 31.79 -21.91 20.43 75.28 -28.08 -98.74 -45.70 -82.30 -47.69 -31.99 -96.55 99.55 -52.69 0.00 0.00 -26.69 -80.28 -27.35 0.00 -37.83 -49.21 67.28 0.00 6.23 52.65 -66.79 0.00 0.00 -37.01 76.88 -13.34 -75.69 -58.70 53.85 0.00 -55.04 -24.72 0.00 0.00 -63.79 -86.05 0.00 0.00 0.00 0.00 53.37 0.00 56.64 89.23 0.00 -74.72 95.11 -19.27 0.00 0.00 0.00 0.00 0.00 -57.02 -15.38 48.74 -16.36 -15.84 0.00 0.00 -66.74 0.00 0.00 94.17 3.89 5.91 0.00 -6.46 54.68 10.39 -63.02 44.54 0.00 80.81 -0.03 21.41 -32.54 61.49 62.71 -78.69 0.00 -56.35 -62.02 0.00
-5.27 0.00 -42.39 -71.45 -11.43 0.00 0.00 0.00 -53.17 0.00 -46.16 -16.33 27.57 34.03 68.29 0.00 13.51 0.00 -82.33 -47.55 46.77 -50.96 93.55 -10.11 42.58 85.43 0.00 -62.52 0.00 0.00 79.56 29.96 -81.71 0.00 -20.48 -48.63 -14.25 -21.79 0.00 0.00 -85.93 44.27 0.00 21.87 0.00 -10.73 -61.01 79.48 17.82 27.56 0.00 -36.49 0.00 0.00 -91.14 -51.57 -71.72 42.90 -83.28 41.80 97.78 6.38 25.77 0.00 0.00 0.00 -53.19 -0.08 0.00 -47.14 0.00 -73.41 0.00 -14.66 27.56 0.00 -93.85 -84.70 45.85 22.88 -33.33 -31.20 -98.91 17.95 0.00 -49.72 60.17 -55.58 26.48 76.85 99.46 0.00 -8.75 0.00 -22.44 -91.69 39.68 5.85 0.00 88.42
56.40 -15.15 0.00 0.00 -76.61 0.00 -37.23 -52.18 -29.80 62.69 37.90 -3.20 -14.76 -34.55 40.16 0.54 -51.50 -36.97 -95.59 0.00 0.00 17.30 0.00 1.33 0.00 59.57 0.00 -95.22 -38.51 -96.01 31.27 -24.46 -96.56 -77.49 53.11 0.00 -51.04 62.19 -3.84 -62.62 55.80 81.01 -2.02 -81.44 -71.18 68.19 -81.54 0.00 66.72 0.00 2.19 3.70 0.00 0.00 -30.63 -57.66 -58.56 17.87 42.58 0.00 -16.94 -27.62 0.00 0.00 -56.09 -57.38 -22.84 42.61 -16.18 -54.37 -81.85 -12.74 -31.86 -91.54 73.44 0.00 0.00 -32.46 0.00 4.62 -89.19 -76.67 22.83 8.79 -20.90 0.00 51.65 14.18 -2.44 55.58 -46.43 -61.54 -37.85 33.12 17.11 0.00 80.03 0.00 12.91 -99.84
-10.39 0.00 0.00 56.82 -20.00 66.77 36.63 0.00 63.82 0.00 0.00 -87.60 91.99 -11.71 17.75 -99.56 -38.28 -77.51 42.27 9.74 0.00 -54.18 -34.91 -44.27 24.93 -46.05 69.92 -40.31 0.00 -53.27 -39.31 0.00 35.37 8.88 -68.98 -47.53 26.11 43.93 -10.15 -84.29 0.74 69.85 0.00 82.49 -25.43 33.66 -67.91 -33.44 -78.06 87.05 0.00 0.00 4.21 0.00 20.87 -90.46 0.00 -53.52 -69.40 -44.64 48.78 -13.66 0.00 -82.51 0.00 -97.28 -43.75 14.40 -50.55 0.00 54.15 -50.24 58.34 85.17 2.23 -15.56 0.00 29.09 92.08 37.37 -32.97 61.92 19.85 78.82 32.79 89.15 0.00 -54.63 0.00 91.94 76.19 49.58 12.81 0.00 -77.07 0.00 -66.74 43.41 15.51 82.05
-70.26 70.21 84.77 0.00 0.00 23.20 -15.40 -28.57 14.56 0.00 0.00 34.36 -33.03 -0.28 -63.41 88.62 0.00 -33.98 -34.13 25.98 70.26 -35.00 0.00 -54.18 49.07 0.00 -65.01 -27.83 94.44 -73.08 -14.43 81.23 76.94 8.50 0.00 0.00 0.00 -48.31 0.00 0.00 0.00 20.35 -38.79 -66.27 87.30 -68.58 0.00 -44.29 47.71 0.00 16.02 0.00 27.14 -37.74 -49.62 94.11 0.00 0.00 99.19 24.18 82.72 2.41 90.05 0.00 8.70 -27.33 -44.96 91.73 -78.27 27.24 0.00 0.00 -36.10 0.00 -46.62 54.17 86.68 -28.19 31.10 -4.83 0.00 23.50 0.00 0.00 -11.35 56.39 0.00 0.00 94.45 13.16 -74.99 0.00 -49.85 -39.14 41.03 -85.51 0.00 0.00 60.33 91.41
0.00 -54.20 0.00 59.51 0.00 0.00 52.79 0.00 0.00 0.00 -34.28 -38.08 80.05 74.42 71.80 0.00 0.00 -27.71 -96.65 -69.27 99.54 4.46 0.00 21.32 53.70 -8.87 93.13 0.00 0.00 22.00 0.00 -76.50 53.84 -52.14 -82.91 85.49 61.02 -57.90 -27.16 0.00 0.00 0.00 0.00 -40.92 0.00 -79.66 -12.67 0.00 0.00 0.00 -43.39 -51.05 33.13 -46.68 -98.26 98.85 15.24 81.79 0.00 -89.53 24.24 -45.93 -48.97 0.00 54.98 0.00 -46.40 55.49 -23.71 0.00 -55.50 -16.18 6.63 66.51 44.53 -2.33 -48.43 0.00 61.63 -16.85 -50.21 0.00 0.00 0.00 -59.07 55.99 8.87 -38.73 0.00 -19.48 -97.32 10.23 -49.15 -44.00 0.00 11.97 -13.10 -91.55 30.96 34.58
0.00 32.69 85.03 85.61 -12.34 -24.16 0.00 41.09 -98.84 20.34 0.00 0.00 -37.89 0.00 45.00 -13.16 0.00 -93.36 0.00 -57.34 75.62 -94.53 63.02 -74.60 0.00 -53.60 19.00 0.00 34.27 7.68 -63.28 0.00 0.00 74.16 -44.89 -12.43 -69.84 -95.72 -88.33 0.00 -61.39 0.00 35.24 46.26 71.30 57.47 31.86 0.00 -3.83 0.00 0.00 0.00 -66.70 10.16 -2.67 53.65 0.00 0.00 72.27 -57.68 -22.31 -83.89 22.19 -46.69 0.00 0.00 0.00 -78.42 -14.80 0.00 0.00 -21.29 -32.01 -58.60 -49.81 0.00 0.00 -87.13 0.00 0.00 -21.88 -75.66 0.00 5.19 0.00 -97.11 0.00 0.00 0.00 -45.50 9.47 0.00 -85.44 -6.89 0.00 0.00 -18.09 0.00 0.00 60.82
1.62 -60.63 -7.32 0.00 97.79 9.89 0.00 0.00 -59.96 32.32 0.00 0.00 -36.47 0.00 0.00 0.00 0.00 -50.49 74.64 78.43 0.00 0.00 -34.37 -3.18 -68.27 -12.79 -80.78 47.66 0.00 0.00 0.00 92.41 -39.38 97.85 -57.52 0.00 38.74 -40.61 47.67 41.63 13.90 -5.66 0.00 0.00 93.40 -55.79 0.00 0.00 76.25 54.22 45.83 0.00 0.00 -47.17 -15.90 80.82 0.00 62.72 61.35 0.00 13.13 -36.55 -89.15 24.97 -58.13 -23.52 -41.01 10.82 -99.10 -21.79 -41.53 0.00 -69.49 38.83 0.00 -43.69 -27.00 -22.44 15.70 -42.13 -43.61 0.00 -33.20 0.00 52.22 -13.00 48.23 65.67 0.00 0.00 0.00 -58.79 0.00 0.00 31.26 -44.30 62.52 12.08 -81.59 23.86
0.00 -37.59 19.07 0.00 71.92 87.39 0.00 98.16 -14.39 0.00 -53.63 0.00 8.97 0.00 0.00 23.72 24.59 67.44 54.23 0.00 0.62 -39.05 -35.57 -84.61 -86.15 22.31 -28.22 17.87 11.73 58.78 0.00 0.00 0.00 -33.91 -22.61 -62.81 0.00 -65.45 0.00 33.10 0.00 -63.09 46.63 88.72 97.98 -53.75 0.00 45.00 69.90 0.00 -66.37 43.15 -44.50 17.21 -10.68 79.22 0.00 -21.00 -6.04 0.00 70.65 79.63 54.91 -64.92 95.02 -94.04 57.39 0.00 4.00 0.00 61.04 -30.89 -0.01 -72.88 83.71 74.39 -38.32 0.00 54.01 0.00 0.00 -88.70 0.00 -54.49 0.00 79.94 -53.52 28.97 0.00 24.93 -83.63 62.60 5.28 9.08 17.02 94.60 25.50 0.00 -66.78 0.00
-11.45 33.36 -87.16 0.00 -19.34 68.44 0.00 -54.94 0.00 23.83 63.03 49.07 -15.13 -30.66 0.00 -13.74 49.20 -46.96 -39.36 -51.92 -55.74 9.15 -6.40 0.00 -75.81 0.00 55.64 -40.23 86.33 0.00 -90.79 -77.63 -8.40 55.51 76.60 23.40 -19.00 -90.19 -88.06 0.00 0.00 -85.65 0.00 0.00 -40.13 29.81 -80.01 0.00 4.93 0.00 -46.37 83.02 -46.01 38.50 -47.65 77.46 24.91 42.61 -61.90 0.00 72.99 0.00 86.87 47.25 3.79 -88.95 40.09 63.57 97.38 49.31 0.00 -76.86 26.18 0.00 4.81 99.74 0.00 0.00 0.00 0.00 0.00 0.00 -13.22 -76.99 -53.25 35.93 -62.63 6.62 0.00 -34.27 0.00 -5.43 0.00 -88.45 56.57 -22.41 0.00 2.75 32.28 29.94
0.00 -19.79 -42.82 0.00 0.00 0.00 -27.46 55.52 -69.84 0.00 -3.39 39.97 0.00 0.00 33.96 0.00 7.66 -19.94 0.00 -2.48 0.00 42.24 -33.43 57.87 5.62 71.38 57.60 92.40 94.39 -58.45 0.00 28.32 0.00 0.00 0.00 -31.04 48.18 -68.75 -99.26 96.94 87.83 -21.67 36.89 0.00 20.10 -54.53 0.00 0.00 -45.70 0.00 77.28 55.23 0.00 -90.19 -55.36 -48.17 87.00 0.00 0.00 0.00 78.60 96.71 -32.95 13.32 38.94 0.00 33.62 -28.82 -18.23 42.20 -34.02 -25.84 73.79 0.00 44.75 0.00 0.00 -60.31 -20.04 -7.08 -29.06 -19.30 0.00 27.06 -41.24 0.00 59.03 1.15 78.86 -95.51 55.46 0.00 0.00 93.34 96.93 0.00 -97.53 0.00 -62.02 0.00
0.00 -51.24 89.47 -46.22 -54.54 -6.28 -95.69 -78.40 0.00 -72.67 12.70 3.37 -93.27 0.00 -84.11 77.54 80.53 60.64 -45.57 -39.52 -9.24 0.00 25.37 78.39 -82.19 0.00 84.14 0.00 37.41 56.17 -99.81 79.11 11.62 93.54 76.04 0.00 14.10 -31.28 -38.00 0.00 0.00 40.77 59.71 0.00 7.46 0.00 -65.51 64.02 29.06 -0.97 -23.28 -67.57 0.00 5.77 -7.39 0.00 -52.83 23.50 0.00 0.00 0.00 -9.55 1.60 83.98 81.21 0.00 -35.83 0.00 0.00 62.36 -63.78 -51.70 36.97 92.39 -14.29 53.28 41.22 0.00 16.45 0.00 66.52 -44.69 0.00 85.17 -71.49 -66.72 44.87 35.97 0.00 0.00 0.00 0.00 -32.23 0.00 0.00 46.10 0.00 2.24 66.81 -77.19
0.00 0.00 71.88 9.78 52.63 -43.75 -66.73 -56.93 0.00 95.06 0.00 0.00 -45.55 0.00 -38.52 -40.78 -45.99 -2.30 7.53 -71.82 0.00 0.00 -9.92 -69.56 0.00 81.46 -68.71 46.89 47.98 23.81 0.00 0.00 32.05 0.00 0.00 76.49 94.31 14.12 49.67 -37.93 -39.79 0.00 -10.89 -33.92 20.23 -39.02 75.86 10.06 17.23 -53.67 0.00 0.00 0.00 90.34 12.28 0.00 0.78 -48.19 71.50 0.00 92.00 49.51 16.23 -79.83 -23.20 46.67 -98.37 45.30 30.76 86.82 6.32 -37.20 0.00 -99.50 0.00 0.62 0.00 -85.87 0.00 87.38 0.00 0.00 0.00 99.90 11.55 -23.52 0.00 3.19 -68.22 0.00 37.46 -20.96 79.05 -8.11 0.00 62.59 69.39 -95.84 0.57 -78.81
-87.13 -7.43 -92.09 66.31 0.00 0.00 12.74 21.92 12.98 51.58 -32.79 -19.06 38.39 -89.27 0.00 80.96 76.11 48.56 95.09 63.48 48.46 0.00 6.63 -60.04 -48.36 75.62 -85.38 0.00 67.89 0.00 54.67 6.52 0.00 67.68 61.26 0.00 0.00 47.89 -31.75 82.45 97.97 0.00 0.00 60.82 90.36 64.28 10.76 0.00 0.00 12.27 14.46 0.00 -37.66 -83.31 0.00 95.40 -62.07 -35.37 76.35 0.00 -85.97 -86.81 71.43 77.52 0.00 0.00 98.86 0.00 0.00 0.00 0.00 0.00 0.00 15.27 0.00 -45.32 0.00 -12.30 0.00 0.00 0.00 28.09 6.51 0.00 0.00 -44.42 19.96 0.00 -49.77 0.00 0.00 0.00 -39.53 -18.79 0.00 98.13 28.72 -36.34 96.09 -10.47
0.00 -8.78 60.36 -62.51 -59.30 0.00 -25.19 0.00 -0.17 -42.61 7.42 37.77 59.23 -16.24 51.80 0.00 0.00 0.00 72.42 0.00 -7.60 66.52 0.00 71.27 -92.34 -41.60 -41.04 0.00 35.75 64.92 51.76 -44.29 -84.86 -87.78 0.00 74.13 -49.53 0.00 78.15 0.00 0.00 -62.22 -16.23 0.00 4.88 66.22 -18.67 42.37 -93.09 56.15 -57.80 1.51 0.77 0.00 -82.83 -39.27 0.00 84.53 0.00 0.00 -93.83 0.00 0.00 -66.85 -23.08 -90.10 0.00 -58.38 0.00 0.00 -15.42 -31.70 37.80 -42.46 -29.58 26.76 50.46 22.78 0.00 38.98 24.58 73.25 54.33 0.00 99.58 -42.99 -40.80 65.79 38.35 -98.44 72.70 31.70 -19.03 11.41 -67.54 -1.86 72.14 -45.81 0.00 0.00
41.53 -57.51 0.00 31.12 51.43 -15.88 -47.10 -80.28 -78.09 47.65 -9.85 48.67 0.00 0.00 35.31 -87.08 24.85 0.00 0.00 -40.11 -76.63 16.38 0.00 -3.33 17.60 0.00 75.58 0.00 0.00 0.00 0.00 0.00 -37.55 -6.85 0.00 0.00 -85.66 -27.65 -37.95 0.00 -4.68 -79.04 31.72 -69.34 0.00 93.10 0.00 85.91 72.19 -64.41 54.23 23.61 56.92 -92.87 80.55 -83.97 91.99 7.90 -98.10 27.30 58.03 0.00 63.96 -75.61 81.40 0.00 -19.67 21.06 -1.01 0.00 -44.10 0.00 -79.29 -70.66 0.00 0.00 7.45 0.00 0.00 30.27 -8.61 0.00 -60.03 0.00 51.23 -76.90 7.85 44.32 -53.78 -19.97 -82.89 -99.56 0.00 -59.15 74.03 -55.22 -41.40 0.00 90.06 -63.23
66.50 91.96 64.07 24.52 55.91 88.46 43.12 -63.77 9.51 -20.68 0.00 0.00 29.34 67.43 8.66 -26.00 -2.31 0.00 0.00 0.00 -99.95 13.97 -51.09 -39.64 -78.19 0.00 93.23 6.58 39.06 0.00 -89.66 44.24 -82.89 -78.43 89.02 -24.29 0.00 -88.37 -74.22 -20.59 -59.21 0.00 89.85 -96.08 96.71 -84.50 47.04 -29.86 62.22 0.00 0.00 0.00 0.00 -73.65 -63.31 29.64 72.23 10.69 -72.68 72.28 0.00 -75.35 13.44 0.00 0.00 -30.16 0.00 -16.32 43.88 -86.37 -77.27 91.43 57.87 -22.95 -87.01 46.88 89.97 0.00 -75.38 0.00 72.67 0.00 -30.63 0.00 2.63 99.72 0.00 -26.71 -0.67 -47.57 -42.47 -93.33 -85.36 21.10 -56.64 81.50 -6.68 54.05 0.00 -53.98
2.80 -84.09 59.47 72.64 -0.41 0.00 3.34 86.27 59.53 -5.24 81.34 -63.43 44.96 28.22 -36.26 0.00 -93.21 38.09 0.00 33.11 0.00 0.00 0.00 0.00 9.42 75.01 -93.61 0.00 -91.26 0.00 -72.57 1.13 -47.38 -20.71 -77.78 -4.01 0.00 0.00 0.00 -2.01 15.54 -49.97 0.00 0.00 81.22 0.00 -81.67 3.15 0.00 0.00 77.89 90.98 -97.27 -18.78 -85.56 0.00 0.00 99.47 -86.82 -67.01 -26.76 0.00 0.00 0.00 95.36 0.00 0.00 61.21 0.00 36.98 -97.86 0.00 36.50 -29.92 11.56 0.00 11.50 13.68 0.00 57.51 76.15 -85.19 -89.88 0.00 -7.36 -25.76 0.00 0.00 6.11 -72.17 89.79 93.36 -90.96 -91.89 0.00 33.71 86.94 -63.71 0.00 36.45
0.00 5.36 -12.05 73.12 0.00 0.00 55.76 20.94 0.00 -53.64 51.11 0.00 19.35 -79.46 90.46 0.00 -44.16 -9.37 2.01 -95.46 -58.49 0.00 0.00 -40.49 0.00 -82.11 -43.68 6.84 47.74 30.57 0.00 0.00 0.00 -49.84 0.00 75.57 57.56 0.00 -19.28 -78.18 -97.13 -85.58 -91.25 -60.83 88.08 51.32 64.33 61.20 0.00 0.00 0.00 7.07 0.00 0.00 -14.74 -55.24 -4.62 -58.19 -34.70 0.00 0.00 0.00 0.00 -14.17 -2.35 55.93 0.00 -74.96 39.40 -65.35 21.76 57.30 28.18 0.00 -71.40 5.03 -41.26 0.00 -21.24 17.81 -46.50 96.69 39.63 -43.62 -88.90 0.00 85.59 32.76 99.19 36.90 0.00 -2.92 97.59 -18.82 82.34 0.00 -57.66 0.00 0.00 -86.24
0.00 -75.86 44.85 36.81 59.00 0.78 61.85 35.60 72.64 0.00 0.00 0.00 -16.39 -7.11 0.00 0.00 0.81 12.21 -64.87 96.77 -71.83 90.15 -49.74 -75.15 66.98 6.64 -26.84 52.56 -60.61 9.55 26.66 36.47 0.00 0.00 7.13 -92.17 56.01 86.68 0.00 0.00 0.00 0.00 0.00 -41.19 0.00 -82.65 31.53 0.00 95.62 -86.45 0.00 -30.49 57.46 0.00 49.16 -57.86 -58.94 -20.75 0.00 42.95 90.48 0.00 0.00 51.59 0.00 39.71 -44.15 41.73 89.98 0.00 0.00 17.91 8.70 33.82 91.08 -1.54 -89.58 0.62 -74.88 84.10 -55.04 0.00 -29.84 0.00 77.32 0.00 -68.37 28.97 0.00 -68.13 63.16 0.00 24.58 -54.57 -67.34 19.25 -68.21 0.00 -25.20 97.52
48.25 -82.25 0.00 -74.80 -0.16 94.67 0.00 -18.95 -21.23 84.64 0.00 -63.83 -75.32 55.67 -72.76 23.14 66.09 65.07 0.00 85.47 87.39 -89.98 0.00 0.00 -44.37 0.00 64.70 -58.34 84.60 96.58 0.00 -95.19 46.39 -20.79 -25.31 0.00 -34.37 11.00 49.49 0.00 0.35 0.00 0.00 -40.76 67.24 0.00 25.55 96.29 61.91 -93.40 12.27 83.75 0.00 0.00 -20.02 36.95 0.00 76.62 44.43 -2.71 0.00 0.00 0.00 0.00 79.91 9.49 0.00 -17.24 67.30 56.73 38.39 69.20 98.39 0.00 60.19 -97.03 0.00 -59.60 43.78 -17.82 15.09 -90.60 0.00 -69.62 0.00 0.00 1.79 9.76 0.00 26.84 6.23 -27.49 60.33 0.00 5.34 -20.89 -27.41 26.30 96.30 -90.47
0.00 2.91 0.00 40.72 6.83 0.00 0.00 -17.18 0.00 0.00 -49.79 0.00 -73.21 -12.68 -93.07 65.18 0.00 0.00 0.00 -43.49 -57.48 62.57 -3.30 20.13 0.00 6.35 0.00 78.88 -27.57 0.00 52.96 -53.53 74.22 -0.08 73.31 0.00 0.00 -19.56 72.44 33.63 0.00 -77.01 -11.25 -93.78 49.29 -14.95 0.00 -47.04 -47.81 -74.24 97.00 72.22 0.00 13.18 -76.22 0.00 -40.47 0.00 0.00 57.32 -73.84 0.00 0.00 0.00 0.00 53.26 -62.96 88.74 0.00 0.00 -50.05 57.18 32.29 -33.97 0.00 -33.19 0.00 -14.76 12.50 -21.77 0.00 85.17 0.00 23.01 95.88 57.60 -43.36 0.00 -81.14 -53.66 0.07 68.15 31.39 0.00 53.03 -79.66 94.37 50.03 -70.24 7.54
-88.99 -10.70 0.00 0.00 -35.14 -62.82 -20.24 1.90 -74.09 0.00 0.00 66.92 -3.72 58.20 -67.06 63.09 -19.36 82.66 0.00 -58.69 -34.20 0.00 0.00 0.00 5.66 -62.81 -39.40 99.51 -43.95 6.95 -0.43 0.00 -38.59 -24.46 0.00 -10.19 -18.25 7.11 -22.96 11.51 0.00 -85.35 0.00 0.00 0.00 0.00 0.00 0.00 0.00 -11.95 -61.99 16.72 0.00 0.00 0.00 25.23 54.98 -81.39 88.35 59.10 0.00 52.11 83.75 0.00 -70.75 52.40 0.00 0.00 -35.61 -88.10 93.72 67.40 0.00 54.77 -31.89 -72.00 54.28 61.37 72.16 -8.95 0.00 0.00 -40.02 -15.10 0.00 80.86 41.73 92.02 -4.90 -9.55 0.00 0.00 0.00 -93.34 0.00 83.16 0.00 0.00 65.67 23.38
45.59 0.00 57.86 0.00 79.20 0.00 33.94 16.95 68.51 54.89 83.41 0.00 20.91 -80.73 95.31 0.00 0.00 51.83 -76.12 50.08 -42.86 0.00 0.00 -10.91 41.56 -81.50 -38.76 -67.40 0.00 0.00 -21.51 0.00 46.14 -49.33 -42.58 0.00 0.00 0.00 38.15 45.77 0.00 85.08 82.02 28.92 87.96 42.60 0.00 0.00 -25.49 83.02 21.80 -54.35 37.17 -9.70 -99.47 20.58 -51.59 -42.98 15.88 -99.77 18.11 0.00 3.16 0.00 0.00 -42.63 -92.81 -18.08 13.09 -31.57 14.53 -71.22 -48.23 -97.60 23.41 0.00 -72.87 48.17 8.49 0.00 0.00 -90.86 0.00 14.30 33.65 51.75 0.00 -73.99 16.66 0.00 0.00 10.75 8.87 0.00 0.00 -8.97 -61.75 0.00 0.00 46.61
-88.40 -13.33 0.00 -96.38 64.70 0.00 24.11 58.94 -32.15 81.49 66.13 86.99 0.00 0.00 0.00 0.00 31.78 -28.24 38.72 60.56 23.54 0.00 0.00 41.12 -16.04 50.67 0.00 0.00 26.49 -70.35 0.00 97.02 -59.22 -99.50 85.97 0.00 4.00 0.00 0.00 54.37 -3.29 -87.14 -54.60 72.18 59.48 -43.00 -3.95 -99.70 0.00 0.00 0.00 -78.31 0.00 -79.85 0.00 59.25 0.00 0.00 26.76 -61.16 25.37 13.74 0.00 0.00 70.62 0.00 0.00 0.00 0.00 0.00 -65.66 -47.55 68.38 0.00 57.88 -69.23 -47.66 45.75 57.26 19.20 79.97 98.05 19.71 65.94 0.00 2.04 -25.93 0.00 -0.15 52.12 0.00 19.47 -27.98 11.59 76.48 0.00 -94.73 11.89 -64.63 0.00
-74.57 0.00 8.34 62.13 1.48 0.00 -66.29 13.07 0.00 9.31 0.00 5.26 -97.28 -22.32 -36.87 -66.51 30.02 -53.92 90.76 -50.78 0.00 0.00 -73.96 0.00 -74.00 -93.87 0.00 0.00 0.00 -70.82 65.25 -19.80 0.00 0.00 29.04 17.36 -63.12 -98.95 0.00 -33.85 -86.65 0.00 0.00 -56.46 78.05 -14.07 -31.03 -13.62 0.00 -51.94 -92.35 57.30 0.00 98.34 0.00 16.96 0.00 -37.45 -98.94 94.65 62.89 0.00 -65.45 0.00 61.87 -53.83 0.00 0.00 0.00 0.00 0.00 0.00 -37.49 0.00 -51.71 9.43 0.00 0.00 0.00 25.72 0.00 -45.58 38.61 -9.03 0.00 34.63 -32.36 -54.47 0.00 71.51 5.91 0.00 0.00 11.69 -77.94 0.00 49.45 26.94 7.99 0.00
-44.38 -49.48 93.26 -36.73 -54.97 91.60 0.00 0.00 -82.56 7.58 92.66 -87.92 7.68 -35.59 73.95 53.85 0.00 26.93 -40.55 0.48 0.00 -10.15 13.87 -60.91 -81.98 0.00 -14.30 6.73 -36.44 -42.80 -87.37 0.00 -87.55 16.47 99.29 0.00 39.39 0.00 0.00 -38.33 -45.10 -72.89 -45.08 55.39 -27.86 -16.28 72.83 79.73 0.00 -23.63 -77.89 24.61 0.00 78.00 -66.74 15.66 0.00 42.13 -7.29 0.00 0.00 0.00 -83.86 -68.03 -93.42 0.00 0.00 -44.77 -50.00 -7.72 0.00 99.17 50.77 0.00 86.70 -50.99 63.22 3.16 -51.71 39.81 -97.97 3.20 66.92 -43.04 0.00 -4.21 -60.94 77.89 0.00 -31.39 -44.01 0.00 0.00 -8.53 -9.28 -82.20 -30.54 0.00 0.00 0.00
0.00 23.98 33.46 -51.21 -46.10 0.00 86.81 -19.24 -39.52 0.00 0.00 -57.97 67.97 89.97 0.00 -21.59 0.00 18.73 0.00 76.66 27.42 19.15 17.03 75.71 -41.05 19.06 16.11 -36.92 0.00 -86.78 -88.11 39.35 91.12 -19.50 -67.46 -17.42 0.00 -91.58 -49.66 89.25 69.62 0.00 -79.00 -61.97 -76.49 0.00 -92.19 56.00 0.00 0.00 21.20 -12.95 23.97 11.16 0.00 65.46 -57.31 -12.18 -7.13 99.06 -95.16 -31.42 0.00 -42.00 61.11 0.00 -78.11 0.00 0.00 21.08 0.00 74.34 -66.21 -2.37 -97.35 51.50 30.17 22.44 59.93 0.00 80.51 11.68 29.54 0.00 0.00 -61.28 49.71 0.00 90.26 -53.47 42.91 0.00 11.45 33.58 -33.13 0.00 -77.40 0.00 36.25 46.78
