100 100
-56.41 14.77 96.06 -67.98 88.53 0.00 0.00 97.85 -40.10 11.78 0.00 0.00 1.60 46.76 27.29 89.90 0.00 12.08 0.00 22.08 65.98 0.00 -14.77 0.00 -54.35 -13.29 0.00 17.29 42.79 -7.23 -67.91 -35.07 -29.16 0.00 -90.12 81.58 -32.28 67.00 90.58 48.81 -70.29 -65.84 -36.43 -37.03 3.39 -47.90 -39.18 0.00 -99.51 63.88 99.63 0.00 84.47 28.37 0.00 0.00 89.53 -3.46 -49.56 0.00 92.71 -81.03 33.31 16.62 0.00 36.26 -23.91 -53.41 0.00 -94.45 78.24 0.00 0.00 17.44 0.00 -84.57 97.02 85.16 -80.37 87.59 0.00 33.96 -50.66 0.00 -41.05 -65.27 49.53 0.00 62.34 -13.17 -89.66 0.00 -99.96 -12.08 -90.04 84.51 -83.72 -63.31 0.00 0.00
0.00 -18.96 0.00 0.00 3.94 -70.61 0.00 0.02 -62.76 46.02 -26.52 50.54 92.61 -20.96 28.77 47.25 31.68 25.79 69.61 88.53 50.58 40.77 0.00 0.00 0.00 -62.14 -90.47 75.51 87.39 -90.93 -37.67 -65.07 -90.89 87.46 -17.89 93.62 0.00 -59.05 18.80 -25.34 0.00 44.89 85.41 -88.12 -80.67 0.00 68.63 -14.64 -92.93 98.44 -98.40 0.00 35.85 45.69 0.00 33.29 -1.16 15.29 21.81 -50.59 -43.94 96.88 -3.85 -68.44 -78.53 5.23 31.10 0.00 -6.39 14.34 18.56 0.00 75.72 0.00 7.96 96.72 0.00 31.73 -80.18 41.60 0.00 17.13 -31.09 98.14 22.96 0.00 91.48 0.00 -94.80 21.39 93.09 78.26 -32.93 63.58 14.30 -80.43 0.00 22.59 0.00 -99.08
12.84 56.67 -2.93 44.40 -84.66 -97.71 12.70 8.96 53.85 -31.54 0.00 0.00 -15.33 -0.99 -34.83 -46.40 56.04 -56.03 -92.07 -75.06 -57.90 30.89 -83.59 -52.69 -47.72 -53.30 -37.23 56.56 -52.52 77.08 76.13 70.07 0.00 78.00 -11.04 26.74 -24.94 -29.44 42.08 14.57 83.27 -11.76 -31.59 -11.07 72.92 0.00 -95.38 54.11 -36.28 60.66 -64.72 -28.34 0.00 -77.20 0.00 0.00 -22.61 -97.46 -23.58 61.91 0.00 -45.18 23.13 -75.33 -51.41 70.61 0.00 -98.26 -75.29 77.89 79.74 13.68 41.83 -45.20 0.00 -78.56 21.11 -93.43 -58.09 -90.65 -25.02 0.00 30.85 -80.53 16.81 22.16 -16.81 -22.54 0.00 57.44 54.85 0.26 -27.97 94.61 76.68 -66.07 -13.37 37.01 -41.39 35.22
44.83 -2.44 59.94 22.71 0.00 0.00 0.00 -22.70 0.00 10.82 1.74 69.31 69.47 0.00 -77.16 75.88 -88.62 -67.81 0.00 -11.94 0.00 79.44 -11.13 -95.14 1.59 0.00 72.07 19.53 0.00 -3.77 64.12 -80.22 68.27 95.93 -66.34 -60.60 -17.44 70.68 35.22 -82.23 52.71 -67.22 0.00 -85.09 12.62 0.00 47.29 25.73 -85.65 53.80 -4.80 0.00 -62.81 66.88 43.79 6.60 -45.07 23.22 95.47 -3.00 -75.20 -95.27 -83.48 58.24 -93.94 -26.49 63.71 0.00 -98.02 44.38 -96.89 0.00 0.00 -15.46 52.26 38.33 39.53 4.96 -91.69 54.44 -82.43 55.60 17.38 -68.08 9.39 -50.22 6.33 0.00 -23.74 93.57 -87.08 68.40 16.78 -54.41 0.00 2.60 78.79 -12.46 19.12 0.00
74.23 -6.40 -70.17 0.00 37.94 -4.42 -88.58 0.00 41.05 -82.67 0.00 63.68 -20.63 0.00 0.00 56.86 5.85 -12.31 48.50 23.42 -19.51 -34.13 92.56 89.89 52.86 36.09 3.35 46.42 86.22 -28.25 0.40 -68.20 74.35 16.39 19.34 0.00 30.68 -9.38 -49.86 97.72 -71.45 82.94 -90.87 -93.20 -99.74 -89.98 23.38 94.33 15.87 -51.73 80.03 -23.51 28.77 -16.89 -30.96 0.00 55.86 -64.04 0.00 -57.67 -40.80 -80.41 -71.46 30.95 57.20 -39.65 42.51 -26.41 -83.11 10.39 -98.59 -32.96 0.00 0.00 8.10 -32.83 -50.03 17.24 0.00 0.00 -26.03 0.00 -12.56 64.47 97.35 18.97 -19.67 -54.38 -1.01 56.82 -88.41 82.10 -36.93 67.45 0.00 0.00 -81.94 5.40 -73.36 -25.14
33.95 0.00 94.81 -67.95 -68.50 0.00 0.00 74.52 5.64 -51.61 0.00 -15.10 44.26 52.64 -69.80 -88.58 -60.19 0.00 47.44 22.60 27.25 11.90 19.95 -16.58 -70.57 -97.23 82.42 86.26 -85.64 -98.29 0.00 -13.47 -80.99 -80.23 91.93 -17.14 0.00 31.84 63.08 14.87 63.90 94.58 -10.62 6.74 -19.82 0.00 -88.52 -49.00 -67.19 -58.31 -0.37 0.00 9.84 -73.67 -77.77 -62.92 75.45 42.18 0.00 20.51 -95.13 82.16 40.13 -71.67 0.00 -66.28 41.84 14.86 -47.27 0.00 0.00 98.83 0.00 44.00 72.80 30.66 7.07 0.00 -12.33 31.76 0.00 38.86 -85.75 -61.50 0.00 -43.76 -37.05 -10.50 0.00 26.26 4.64 -73.67 0.00 -63.91 30.97 -51.44 0.00 -26.82 43.62 -72.06
-69.11 0.00 48.50 -89.91 0.00 -91.78 0.00 -85.97 0.00 -18.98 0.00 87.27 66.11 33.75 86.09 10.10 43.76 53.96 -45.63 -31.37 -14.29 -69.57 -17.12 24.21 -13.33 0.00 0.00 45.83 -49.09 -87.07 -12.33 -22.75 -50.98 -81.36 63.02 0.00 59.41 0.00 99.47 90.97 0.00 -72.50 47.96 -61.74 -64.28 99.21 19.29 -77.01 65.31 -9.76 0.00 -53.72 0.00 -24.60 -66.01 0.00 -99.77 66.98 2.62 23.16 97.42 -77.29 0.00 -52.64 -15.92 0.00 68.54 35.49 -2.99 -43.79 -50.06 0.00 83.25 12.06 0.00 -87.05 42.65 11.52 0.00 0.00 -58.88 70.16 -3.31 0.00 -20.61 -94.13 -4.11 0.00 -64.12 -33.93 0.00 -1.60 0.00 26.12 12.36 -89.00 60.12 49.80 0.00 0.00
77.98 0.00 -0.06 -27.05 75.39 22.65 57.53 -3.32 28.40 30.22 -69.11 -78.19 80.16 -85.87 0.00 0.00 71.08 0.00 -69.69 56.79 -17.41 8.65 64.15 -83.52 0.00 88.04 -92.78 49.58 0.00 0.00 -38.88 0.00 -26.70 -52.03 87.24 -77.14 0.00 -41.03 84.56 72.66 -25.84 0.00 -15.50 -17.18 -50.46 -55.65 -59.66 83.43 0.00 -90.05 70.56 -85.68 -68.24 0.00 87.92 0.00 0.00 -34.34 -97.17 0.00 -44.57 -40.35 22.64 64.08 -76.21 39.12 89.32 -31.77 25.91 -49.57 78.74 73.88 -62.33 0.00 -98.41 -29.94 -40.57 -88.55 0.00 0.00 44.22 81.14 0.00 -5.73 -69.04 -74.51 71.82 -85.61 -27.35 42.37 -34.08 4.42 67.49 31.58 44.46 -77.08 -71.56 4.30 0.00 -75.80
-47.77 0.00 -19.37 0.00 -86.48 57.67 -93.47 1.16 36.40 -82.39 76.04 37.99 -12.33 -64.53 0.00 0.00 0.00 86.66 -68.12 0.00 -83.40 -19.08 -37.15 -20.70 -47.26 0.00 -22.76 51.96 -67.69 80.37 0.00 -6.42 -62.99 49.15 -24.76 0.00 -40.07 0.00 77.59 0.00 -83.25 21.34 -32.97 0.00 -2.62 34.86 -75.31 3.91 0.00 -26.77 61.10 58.73 -50.74 36.29 -53.60 0.00 -15.27 22.94 -21.72 38.55 -96.14 78.34 0.00 0.00 -82.16 -6.19 0.00 -7.22 0.00 -93.00 63.33 -26.86 37.79 -99.67 -77.71 -86.97 -2.53 99.88 -70.22 -81.19 -33.10 64.37 90.88 -8.40 5.48 0.00 -35.90 -10.10 -35.80 50.58 -73.82 0.00 10.60 -64.70 0.00 49.13 -73.91 -88.95 90.20 -95.58
-71.10 21.21 -2.79 -26.89 -15.47 70.35 0.00 -89.10 22.08 -70.16 -38.86 -43.25 0.00 -70.28 28.13 -24.44 33.83 -7.51 3.65 -37.37 0.00 97.97 -95.05 52.53 0.00 0.00 -37.84 55.53 78.72 -90.03 -71.96 65.05 -63.94 -60.91 55.24 -59.52 5.20 -23.56 37.69 -84.48 0.00 0.00 60.97 0.00 45.25 -73.58 20.25 75.09 24.77 77.01 -57.99 -47.11 0.00 -10.23 0.00 75.85 0.00 45.38 -69.38 0.00 -24.32 80.55 -64.42 -71.79 -20.09 0.00 -71.69 -55.87 -10.12 -6.44 -90.83 0.00 25.94 69.87 64.41 0.00 -96.37 12.27 -59.16 78.53 27.79 -60.99 60.98 91.42 96.48 36.07 16.18 0.00 73.48 -84.72 -93.73 0.00 -36.76 -71.67 88.86 -6.13 4.02 69.40 66.66 69.44
-13.48 -67.83 0.00 -86.44 76.40 25.74 -77.27 39.55 -4.40 87.14 43.18 0.00 -92.14 0.00 -34.82 0.00 58.91 72.87 41.40 19.89 64.28 37.87 0.00 -6.84 17.67 11.34 8.44 61.15 -88.21 73.99 50.01 0.00 42.87 -22.00 56.61 9.52 -52.57 -56.88 41.69 -39.01 -80.48 4.63 20.93 96.28 -99.78 8.06 39.45 -54.70 -89.56 35.56 0.00 -44.63 51.84 -44.56 -43.15 0.00 0.00 -10.29 48.60 -88.28 -61.75 -5.75 0.00 72.88 0.00 -12.75 0.00 0.00 0.00 -31.77 22.88 0.00 0.00 -69.89 83.44 -20.52 0.00 0.00 76.84 -69.14 0.00 22.61 55.74 29.06 79.34 -39.64 -50.02 75.61 -2.20 95.25 52.26 80.31 -57.11 -12.19 -64.33 94.73 80.47 29.73 21.64 0.00
66.27 0.00 0.00 41.46 97.11 -39.49 14.33 -15.65 65.95 -62.80 51.68 49.38 53.89 28.51 -82.56 13.70 -15.76 83.71 -6.97 81.82 0.00 -29.11 5.84 -20.39 3.34 -4.70 -2.88 46.23 0.00 -79.68 32.79 40.96 0.00 -99.22 -0.28 -0.20 67.05 -58.83 -3.10 -35.23 55.50 81.26 -32.08 0.00 -70.10 32.93 0.00 -82.70 83.80 -1.36 0.00 -28.05 34.70 -79.91 -44.34 -35.06 -98.10 0.00 63.76 70.78 18.72 0.00 0.00 0.00 -32.90 3.29 -84.17 0.00 -86.68 23.61 85.83 0.00 0.00 54.28 24.39 -14.46 -8.71 28.64 26.72 88.19 -69.39 19.42 -93.36 0.00 -1.46 49.33 0.00 0.00 39.57 0.00 53.05 70.33 -24.58 -37.80 5.02 -4.49 17.86 -92.84 0.00 34.62
18.83 77.95 -46.67 85.93 0.00 -18.77 0.00 0.00 0.00 -30.84 0.00 99.25 -57.96 -7.81 90.74 66.43 0.00 77.73 0.00 -17.98 0.00 32.27 4.44 -29.80 0.00 -99.91 -76.14 0.00 -23.15 35.84 -89.61 0.00 -46.38 -11.12 0.00 -82.08 0.00 0.00 66.25 88.29 0.00 22.94 -38.25 6.15 0.00 67.32 96.37 -75.03 45.26 -13.10 -51.90 -36.31 56.06 -52.66 5.73 -51.76 -24.72 0.00 9.36 -36.82 57.30 -21.17 0.00 67.62 -35.29 16.13 0.00 0.00 0.00 -71.32 0.00 78.77 -48.04 -23.72 -67.62 78.05 -5.80 0.00 98.64 66.34 -45.65 -2.41 9.69 -78.34 31.17 71.87 -95.88 -81.94 -80.04 -32.19 -88.67 -32.70 -89.26 -3.22 42.59 0.00 57.31 59.96 0.00 37.09
-26.66 0.00 64.79 -98.21 89.48 -69.33 80.56 -58.57 0.00 6.96 -49.85 -80.52 -98.85 -14.01 0.00 85.82 -44.50 0.00 83.58 32.71 -22.84 14.74 4.57 0.00 -18.72 70.02 24.53 0.00 0.00 86.30 81.35 91.83 -65.76 -21.88 71.62 -71.25 0.00 -24.71 45.92 2.10 -59.93 47.71 0.00 -8.43 -29.26 65.48 0.00 33.00 77.70 -84.38 89.69 -83.94 38.82 -87.30 -28.44 22.39 45.41 0.00 85.94 -25.66 0.00 -50.03 4.42 -55.65 -88.30 27.93 0.00 -37.10 -59.26 62.17 78.23 -87.65 90.93 -46.49 58.27 -6.98 30.79 43.19 -78.21 0.00 -61.26 0.00 8.66 92.00 -46.36 61.49 81.69 -30.30 0.30 -68.41 78.48 -40.11 -85.79 64.41 34.23 -35.82 6.03 -84.22 13.10 -66.05
0.00 15.89 53.84 0.00 0.00 0.00 96.13 31.33 -96.61 -75.75 84.84 98.88 0.00 54.48 52.84 42.06 76.27 0.00 91.58 -12.08 0.00 0.00 0.00 68.26 0.00 -17.58 -50.60 87.15 52.13 0.00 0.00 86.91 -81.26 67.81 0.00 -53.21 -67.05 69.42 -81.77 34.34 0.00 -24.56 -28.78 -52.57 9.40 0.00 -75.68 0.00 -98.74 42.73 55.65 -95.34 66.98 77.69 0.00 -96.47 0.00 0.00 58.66 30.52 82.80 34.92 0.00 59.30 0.00 -29.29 0.00 0.00 3.17 -58.28 57.32 0.00 27.53 -68.95 81.43 46.27 98.86 -71.79 79.22 68.27 -16.35 0.00 50.76 -19.09 0.00 92.09 98.20 90.31 -83.60 0.00 -63.34 70.24 72.05 -21.47 74.42 49.73 19.27 33.07 17.46 2.06
0.00 5.19 -23.25 0.00 0.00 -90.03 -54.43 55.68 -95.51 73.10 -76.07 85.92 19.36 -77.22 -48.66 35.78 -71.75 72.20 -13.47 9.17 0.00 64.28 0.00 21.93 0.00 36.68 80.68 95.81 0.00 44.13 52.72 -25.67 18.54 39.66 0.00 93.61 -11.18 -42.89 32.87 94.01 0.00 0.00 71.07 80.06 0.00 -60.43 63.96 0.00 -78.25 -87.34 87.89 0.00 -55.12 69.23 -52.12 -3.78 5.00 -23.87 -31.59 -71.26 -77.50 -67.31 87.88 96.40 -49.43 83.68 40.52 -96.71 -41.99 -3.74 80.16 0.00 -11.18 85.08 0.00 -25.53 -41.11 79.09 -17.26 -23.85 0.00 -44.14 -53.31 -2.09 -31.47 0.00 0.00 -65.42 42.79 0.00 -62.25 19.67 -23.79 79.97 0.00 95.80 0.00 44.62 -54.09 0.00
-81.70 0.00 -85.49 -66.22 -48.10 -34.91 -82.54 92.42 5.59 0.00 12.68 -11.33 -14.26 -61.30 0.00 -26.25 0.00 97.42 34.80 -9.96 -19.85 0.00 -89.05 83.11 0.00 26.85 8.86 -48.37 98.64 -11.15 26.60 18.30 0.00 0.00 65.06 43.77 51.30 46.88 89.68 -93.20 61.40 -76.55 0.00 -41.30 -36.31 0.00 -21.88 -48.89 69.28 90.80 77.00 -7.78 -70.51 -12.05 -10.37 64.30 77.99 0.00 -93.02 -87.55 61.09 71.04 58.52 0.00 -50.07 0.00 69.67 -52.64 -86.27 0.00 25.17 -87.59 57.50 13.68 96.50 84.38 20.48 57.89 -92.18 -83.61 -41.22 -14.05 0.00 0.00 0.00 4.71 -71.95 13.95 -18.30 0.00 0.00 57.48 80.66 69.65 -15.69 44.95 0.00 84.84 -8.70 94.61
83.14 -37.67 53.12 0.00 -29.73 0.00 -30.79 0.00 -99.53 -16.00 -68.42 -49.91 -21.30 0.00 0.00 82.47 -53.42 -36.93 40.16 -58.32 -29.11 56.55 0.46 0.00 0.00 94.05 -38.75 65.73 8.00 80.17 0.00 23.20 -11.35 87.02 -55.28 -29.20 71.86 73.23 -34.60 92.20 0.00 -27.24 -44.28 0.00 -37.54 41.97 -43.81 46.46 -89.24 0.00 0.00 6.28 -37.64 0.00 93.23 90.07 25.43 70.59 -68.26 0.00 -66.48 0.00 27.13 0.00 32.21 -35.22 -74.41 -2.07 72.78 -94.25 0.00 -41.67 -1.37 -70.03 3.05 -93.37 -98.18 -23.73 0.00 0.00 0.00 0.00 -27.97 -68.78 49.04 27.75 -6.32 28.21 0.00 -78.86 -22.66 76.18 64.63 39.70 0.00 -93.39 0.00 0.00 54.69 0.00
-34.88 77.20 0.00 86.44 35.86 4.33 0.00 55.85 0.00 -99.37 0.00 67.13 0.00 -9.02 -89.39 -89.92 49.31 9.24 -59.95 -10.43 0.00 0.00 53.08 -20.91 65.84 -74.90 0.00 10.31 52.08 90.06 -96.01 0.00 0.00 -19.71 -51.60 18.54 -6.33 0.00 -86.98 -41.76 0.28 -95.09 60.57 -22.52 -71.45 -3.58 -80.99 0.00 84.40 34.26 0.00 -76.66 -24.63 82.08 -66.58 0.00 -38.11 28.52 10.68 0.00 51.46 -18.41 89.77 54.50 43.90 37.29 6.58 0.00 33.95 78.49 -75.93 0.00 -80.45 -2.98 17.74 0.00 -67.43 55.26 -81.98 0.00 -25.30 53.04 32.71 3.25 0.00 -13.34 51.72 24.86 -79.08 75.06 -62.57 -97.01 -54.32 0.00 0.00 -0.68 68.73 56.36 -49.23 -49.69
0.00 83.34 -57.52 94.22 20.62 49.06 65.37 -0.90 73.13 84.93 -66.68 -9.14 -45.30 88.59 0.00 46.09 29.40 41.62 -21.21 0.00 -67.35 -71.73 -32.29 57.51 -13.60 -57.24 94.94 26.61 0.00 25.65 31.47 -4.67 0.00 -17.99 -80.56 45.64 2.55 -38.08 77.06 -76.84 -89.03 42.43 0.00 59.47 -78.70 0.00 0.00 27.35 -70.01 12.17 -80.75 -81.43 -4.54 48.66 0.00 0.00 97.40 74.26 -81.49 -37.12 -58.04 0.00 -86.78 0.00 86.49 0.00 21.94 -91.85 13.09 -52.42 76.83 -54.38 66.80 96.28 91.27 0.00 -30.66 -41.81 0.00 -94.48 29.71 6.38 47.95 26.38 0.00 27.68 12.50 56.38 -22.95 31.76 -87.85 72.52 17.62 0.00 0.00 0.00 -53.24 46.77 36.13 46.85
-74.07 0.00 86.56 0.00 33.33 47.87 94.71 -16.37 -67.34 71.54 29.25 -63.34 -94.99 57.72 6.01 -36.80 63.25 -27.08 69.58 48.40 -63.49 -2.74 -39.10 -69.91 0.00 74.31 -70.14 -20.55 46.82 0.00 47.48 26.21 0.00 30.79 20.81 10.26 56.73 7.36 -56.41 41.80 39.27 27.22 0.00 -88.34 48.01 0.00 -6.33 -51.67 53.02 -48.61 91.55 -46.57 0.00 -85.37 0.00 1.67 -77.00 63.03 38.18 0.00 57.47 -38.87 -94.53 0.00 0.00 68.99 -9.01 -15.07 53.01 -24.33 -51.66 -16.20 -66.32 95.82 0.00 -22.27 78.25 -60.60 -43.27 54.73 -96.18 -31.60 2.73 -2.51 16.73 0.00 -7.04 0.00 48.88 0.00 0.00 8.27 83.60 -99.29 -90.07 -93.41 0.00 -99.05 85.33 -98.73
-0.71 90.80 0.00 70.26 90.29 12.93 60.47 3.16 98.49 0.00 -18.53 74.06 94.30 59.20 52.30 -29.10 -46.86 7.02 -25.28 21.54 -53.04 -90.59 -24.53 77.13 58.30 -79.06 0.00 60.72 0.00 96.22 -31.92 -95.49 -65.63 -46.60 -57.01 33.67 -18.59 -49.55 61.16 -68.46 -89.08 0.00 -35.69 -69.98 -7.61 -61.64 -38.48 -11.20 -72.13 32.42 41.94 72.10 -55.66 0.68 -43.74 -46.24 -86.65 0.00 -66.62 -50.74 -65.71 0.00 -68.70 -17.32 2.37 -26.97 0.00 17.06 55.78 16.02 -12.07 -25.61 0.00 66.48 -50.92 5.93 77.40 50.60 73.17 6.99 -73.83 -28.11 95.79 -45.96 -95.69 37.72 -73.87 -14.14 0.00 -61.61 19.61 0.00 39.62 -48.26 90.20 -73.92 0.00 23.24 -78.50 8.77
0.00 -74.39 31.74 0.00 -36.97 -81.41 -15.04 0.00 50.96 30.19 -48.57 -99.97 -63.89 0.00 -33.97 50.63 -53.52 73.03 76.80 18.38 -93.99 0.00 -31.96 59.90 43.74 0.00 31.39 -54.25 -80.67 -49.01 0.00 -77.42 8.29 -58.82 -51.34 -68.48 -0.11 94.64 -5.66 -68.38 0.00 -5.13 0.00 50.14 0.00 16.59 -54.18 -19.68 0.00 0.00 -94.78 -16.94 16.44 8.47 -29.10 62.92 18.70 -15.10 18.50 24.71 52.95 -21.61 5.65 21.54 24.15 24.99 0.00 72.53 46.73 -29.52 -49.09 0.00 -67.41 2.00 88.02 -35.56 -66.45 -43.16 59.31 83.69 0.00 0.00 0.00 -89.37 -94.87 -35.99 -84.14 25.40 -82.35 61.54 96.30 0.00 -82.23 17.44 -18.80 0.00 36.28 -20.65 -28.65 0.00
-85.34 85.01 92.89 38.81 47.20 -97.39 22.74 0.00 -82.33 -9.27 92.55 0.00 19.67 -21.26 -43.02 90.43 35.59 -46.51 74.12 0.00 46.22 -4.17 -61.88 99.29 -78.77 -7.02 98.03 -82.48 10.75 15.46 35.93 -52.98 94.82 -92.73 -38.31 -82.98 -99.85 -62.30 0.00 64.22 -60.03 0.00 97.66 81.89 30.71 90.20 38.76 -53.35 -15.62 29.19 82.24 37.87 3.30 65.67 -66.30 78.63 -97.85 -7.86 -28.40 -62.61 0.00 0.00 0.00 46.87 82.35 90.06 0.00 -17.20 0.00 0.00 -33.42 -77.93 -9.93 0.00 65.48 -60.91 27.44 -59.62 -96.70 0.00 -95.39 -61.97 -77.61 35.32 -34.57 61.16 -80.82 49.81 27.55 0.00 -61.38 24.89 -31.95 -58.51 0.00 95.80 -53.33 -56.35 -12.07 55.48
0.00 -18.96 -65.21 75.03 -28.91 17.59 -58.40 -6.83 -55.13 -92.93 69.47 -90.49 -52.54 72.78 -85.88 0.00 0.00 22.70 -67.63 0.00 86.66 88.14 93.53 -94.17 75.15 21.07 -18.34 0.03 89.12 23.16 33.03 -27.01 0.00 66.81 -79.05 -34.33 -14.95 -7.04 -59.30 93.35 -52.25 19.51 23.72 29.83 26.59 0.00 -6.81 0.00 39.34 0.00 -88.75 3.17 90.68 0.00 71.16 35.54 -85.47 59.29 0.00 0.00 66.28 -42.43 71.65 24.55 0.00 39.23 8.88 0.00 50.88 -37.62 -58.09 -38.93 -33.61 0.00 0.07 26.75 88.65 93.03 67.45 82.00 -22.01 -13.05 5.71 -92.19 0.00 -49.26 -63.90 0.00 84.37 -0.80 0.00 76.48 0.00 75.04 -29.64 12.02 0.00 -73.23 -33.15 15.50
-15.66 -61.51 -22.75 -76.44 47.38 -71.88 23.16 0.00 -73.51 0.00 -10.80 -73.25 26.56 -46.85 -84.60 56.80 -79.41 97.40 -65.22 44.75 40.31 -20.20 -67.30 -86.38 -35.84 31.90 0.00 90.10 0.00 -23.60 -60.54 39.32 3.17 0.00 6.32 0.00 -7.98 0.00 -75.29 82.02 69.28 -14.51 29.39 97.40 -91.36 55.88 0.00 0.00 23.80 -64.61 19.65 -85.85 -12.00 -23.56 -65.26 -14.61 48.43 0.00 -83.30 -37.09 -71.78 -50.60 13.74 0.00 -7.61 0.00 -81.50 3.83 -94.01 -42.03 0.00 -19.64 0.00 46.38 -98.51 72.38 71.09 0.00 83.51 41.65 -43.43 50.11 76.26 2.42 43.19 37.26 0.00 37.82 0.00 0.00 -37.17 51.42 -74.19 39.27 -76.64 48.42 -12.31 -59.94 0.00 0.00
-51.47 53.13 26.67 99.48 -17.28 45.18 3.30 -11.29 0.00 -59.65 -79.14 -64.92 0.00 0.00 -58.16 93.25 0.00 0.00 -93.83 -37.45 72.10 0.00 -0.05 -87.35 48.35 -97.63 55.85 22.82 77.40 -81.33 -25.77 -59.59 95.16 -2.41 -73.97 20.05 74.87 -25.44 -26.83 1.53 -25.97 0.00 0.00 55.89 -16.09 -85.46 -18.19 0.00 0.00 24.26 -64.60 54.10 -96.70 -34.15 0.00 97.48 0.00 -34.14 -62.05 -2.57 -21.49 0.00 -76.50 0.00 -0.20 0.00 -65.65 46.32 14.40 -9.76 -79.46 0.00 54.81 -14.61 55.35 80.85 0.00 -94.57 30.21 -7.39 15.82 -31.06 -96.15 8.91 52.86 0.00 -81.61 90.72 14.32 0.00 -9.00 82.03 17.63 94.07 0.00 0.00 79.50 0.00 -79.31 -30.78
14.13 -0.80 -7.28 -48.87 70.77 -23.75 65.53 -39.00 34.00 20.34 83.60 -10.66 1.18 -73.77 -43.25 0.00 93.79 42.05 0.00 25.70 0.00 97.64 0.00 -11.83 -21.45 0.00 -46.77 -21.12 -69.93 81.45 -1.89 47.70 75.51 -22.39 68.39 -55.28 -71.06 0.00 0.00 4.80 74.65 0.00 -19.92 -24.44 0.00 -49.11 0.00 -54.40 0.00 73.77 -77.90 65.94 94.57 48.65 4.32 0.00 -79.21 -94.60 -1.89 -99.95 31.10 32.95 -11.78 -53.15 -76.61 -95.70 0.00 14.13 0.00 0.00 -95.17 39.63 -38.17 0.00 80.34 0.00 -82.77 -32.58 -37.74 -16.62 0.00 -90.58 -63.10 63.46 -15.02 25.01 0.00 -90.94 -4.05 84.32 -87.80 27.72 32.96 16.53 0.00 0.00 85.73 38.36 0.00 -48.16
85.78 6.66 -78.01 11.20 90.72 0.00 -54.62 0.00 52.71 4.85 -49.79 0.00 -7.67 -96.12 -32.25 46.77 -28.70 30.01 -69.85 -19.27 -95.88 -69.19 -97.09 0.00 66.34 -22.92 36.08 50.65 -10.71 1.00 20.81 0.00 -56.98 -13.28 -40.83 32.07 0.00 9.70 -96.97 54.06 -41.90 93.76 0.00 0.00 99.45 -89.19 35.81 0.00 -13.14 40.35 39.69 54.62 24.33 -51.81 0.00 21.83 91.69 66.13 0.00 63.16 -77.51 -93.75 66.70 -0.42 79.54 54.55 -73.93 -19.47 0.00 -24.64 0.00 -30.91 67.26 71.74 0.00 -98.85 -23.05 74.77 0.00 55.21 0.00 35.06 -94.28 91.86 83.08 78.74 15.93 60.63 55.63 -29.46 -15.05 0.00 -96.18 -70.43 0.00 0.00 -23.37 0.00 -92.85 0.00
0.00 -70.06 36.34 -86.60 96.64 -64.09 92.94 0.00 51.19 0.00 -38.02 0.00 0.00 -26.53 0.00 -36.25 31.07 -22.07 -64.52 0.00 69.43 92.09 -52.55 61.84 27.14 -9.61 53.70 47.42 0.00 0.00 -30.88 0.00 0.00 -30.38 8.05 -75.25 77.37 -69.80 -34.22 -55.86 6.84 -27.07 11.29 -56.83 23.55 7.93 16.29 16.48 -3.68 78.27 -72.85 97.28 46.54 42.29 -67.25 53.17 34.38 17.41 15.00 -1.28 -92.21 0.00 5.90 -53.86 14.13 -87.28 0.00 91.40 0.00 38.88 90.09 0.00 -78.41 -95.35 -28.56 65.64 0.00 0.00 14.79 82.73 -91.20 -61.67 27.86 62.30 0.00 0.00 0.00 92.03 -38.62 77.77 -80.83 -41.35 0.00 61.51 61.47 -8.60 14.67 33.05 -91.19 0.00
-33.12 0.00 -68.24 0.00 -46.19 72.78 -22.10 67.94 85.51 0.00 -30.71 6.81 -87.21 28.10 48.67 21.44 -6.27 0.67 4.17 39.75 0.00 39.00 -30.77 2.04 31.02 0.00 30.62 -20.19 87.41 89.27 -21.48 86.08 -19.33 93.20 0.00 19.12 26.69 -39.93 50.88 0.00 -82.30 -29.95 -34.01 85.65 0.00 -44.45 72.49 0.00 0.00 0.00 0.00 29.66 5.56 0.58 15.54 -73.01 94.32 0.00 -83.80 31.16 71.27 0.00 55.20 -99.61 -26.70 23.43 0.00 68.22 90.32 48.04 0.00 57.48 0.00 -31.16 34.11 -24.65 -0.76 -9.57 0.00 0.00 -97.97 96.52 -58.70 -43.05 -33.44 0.00 0.00 44.50 -57.41 59.33 16.99 0.00 0.00 0.00 0.00 -90.55 0.00 0.00 -35.12 0.00
0.00 -82.44 62.20 0.00 0.00 -8.13 -50.92 0.00 78.40 0.00 -39.76 0.00 -79.66 70.81 -2.16 30.86 0.00 31.44 -33.95 21.17 -20.53 -76.48 0.00 -72.79 -49.22 -1.12 63.66 41.21 38.12 60.17 -80.29 0.00 95.07 0.00 -36.06 64.22 -25.14 -76.74 -18.80 21.53 0.00 -11.86 -1.24 -16.28 -82.79 0.00 85.06 -37.88 -22.55 0.00 -94.61 -29.87 75.29 0.00 36.25 0.00 -98.44 -21.46 0.00 -5.37 18.24 2.07 59.05 0.00 69.02 -61.85 22.71 0.00 10.22 0.00 76.27 0.00 20.08 0.00 29.93 -91.46 84.02 -5.86 20.61 -55.52 -87.46 -57.87 0.00 69.83 0.00 48.52 63.07 87.05 33.57 -37.61 1.70 76.17 0.00 32.52 -23.01 49.63 0.00 71.29 55.53 -18.54
-10.48 -5.20 0.00 -59.50 -41.47 32.95 -99.59 0.00 -94.05 0.00 0.00 46.43 0.00 0.00 57.71 35.88 92.18 41.72 -32.77 12.78 -76.59 16.98 0.00 92.13 0.00 93.24 -34.51 55.19 80.28 -63.74 -82.43 -18.02 -87.57 87.30 96.18 0.00 99.27 58.58 88.91 -19.28 0.00 0.00 0.00 -51.91 20.92 0.00 58.43 43.83 -46.14 58.85 49.78 0.00 -62.51 16.55 0.00 22.86 0.00 0.00 -70.34 -4.53 -72.71 79.66 56.09 0.00 44.28 71.78 0.00 49.33 0.00 -53.03 26.96 66.81 -16.76 81.74 0.00 -14.01 32.88 0.00 69.03 0.00 -17.84 32.14 0.00 64.81 8.28 -49.94 -49.90 0.00 -70.81 -91.52 93.93 20.26 -95.47 80.91 0.00 94.97 58.29 3.76 -75.38 0.00
-9.03 68.27 0.00 -95.73 0.00 -52.95 12.54 0.00 -86.75 96.38 96.72 77.42 -99.61 -20.05 59.15 -13.62 -49.97 65.38 -94.25 -80.63 0.00 30.18 51.24 -30.57 80.28 -82.37 15.13 -88.60 75.10 0.00 19.66 92.31 70.06 -22.05 33.28 -68.11 -93.88 1.54 -26.63 0.00 -46.83 0.00 -48.72 -13.37 -13.24 0.00 -52.01 1.25 -12.85 0.00 0.00 0.00 65.16 0.00 -39.60 73.53 -84.82 -74.23 -83.52 -28.23 0.00 0.00 93.17 67.72 41.20 73.44 85.35 -43.68 84.85 0.00 60.45 -86.81 -85.65 67.71 0.00 28.35 0.00 0.00 47.63 0.00 99.60 0.00 34.47 0.00 0.00 -50.84 10.18 -75.16 37.65 -65.99 0.00 11.60 85.65 35.26 98.75 88.01 95.66 -90.52 0.00 -59.61
-41.36 0.00 -36.83 12.16 -48.20 -69.11 0.00 -9.43 -37.56 -46.56 84.10 -15.51 0.00 -48.91 97.29 -1.15 -81.20 0.00 62.84 -16.32 0.00 -44.40 -2.70 70.06 0.00 -97.02 22.15 7.70 -63.01 0.00 -29.05 0.00 30.55 72.26 6.91 18.55 -94.89 0.00 16.39 58.95 -36.25 -83.24 8.31 52.76 -15.14 98.88 -47.59 38.31 82.98 74.11 -73.40 -82.54 10.16 0.00 -17.39 80.31 93.85 75.43 14.81 63.90 78.41 -25.84 8.80 -84.60 45.12 -60.65 -75.14 -47.98 57.90 0.00 0.00 -70.03 -94.39 54.05 30.94 -77.63 -37.64 20.90 7.24 -38.77 73.31 -17.25 -18.59 47.42 46.56 -1.12 -5.22 -70.83 -20.82 0.00 0.00 -11.38 -95.41 0.00 -68.81 -10.28 0.00 -79.80 5.36 0.00
98.53 -27.19 -49.53 -62.13 -2.33 2.49 -67.03 27.65 8.10 0.00 87.03 -41.42 67.68 -50.62 79.48 -25.09 0.00 47.82 90.00 94.87 -70.77 0.00 74.62 41.43 28.11 0.00 0.00 -30.61 70.60 -55.51 0.00 0.00 0.00 0.00 0.00 0.00 95.23 -87.61 -24.32 -15.06 -67.41 81.04 0.00 20.67 5.41 -31.29 95.75 0.00 -96.93 -91.60 -71.28 0.00 67.93 16.50 -47.05 -36.29 -15.82 2.33 -56.81 96.30 -12.65 -29.61 0.00 91.17 16.58 -55.00 69.80 -18.11 51.60 40.39 26.38 46.82 89.99 -60.73 -31.03 -40.22 -42.49 89.64 65.19 0.00 0.00 26.23 85.39 0.00 0.00 -94.53 34.63 -48.69 -89.40 -11.66 4.26 0.00 -25.68 -90.28 -56.21 54.72 -93.99 0.00 31.14 -74.90
0.00 -65.62 -52.28 7.31 -95.83 66.82 0.00 -41.10 0.00 81.77 -6.80 0.00 -94.28 71.75 69.68 11.90 -68.47 -72.82 1.53 -66.08 90.62 24.12 -23.40 25.25 75.43 -12.79 -49.21 0.00 0.00 16.89 61.53 -39.49 0.00 60.68 53.45 3.73 -8.18 78.55 75.33 76.75 -14.15 79.50 80.77 81.96 98.48 -26.04 -75.12 0.00 0.00 -92.58 -56.37 36.78 0.00 -61.05 8.03 -24.48 10.09 -1.36 99.64 0.00 86.69 0.00 0.00 -38.91 -87.73 11.10 11.88 29.16 -27.38 72.39 27.05 -36.73 13.33 -43.93 0.00 -58.19 -11.35 0.00 0.00 -29.98 64.87 5.35 -49.22 84.04 3.82 24.75 -91.09 11.25 0.00 -94.42 82.91 87.41 13.61 -41.58 -2.51 -87.75 -4.74 21.39 -26.66 44.74
-67.52 85.23 0.00 11.11 0.00 42.32 94.82 -61.85 -94.42 45.35 -5.78 -15.39 0.00 0.00 0.00 -66.01 64.24 -13.32 76.56 -84.99 0.00 -29.29 -19.63 76.97 -20.37 -71.18 82.56 -0.26 -83.77 -3.84 95.37 50.93 45.62 27.83 -27.69 -43.83 0.00 -27.43 42.01 -21.40 83.68 -15.68 10.62 0.00 -78.18 27.11 0.00 -44.03 16.04 -88.29 27.17 17.48 -1.60 3.72 0.00 32.49 69.11 0.00 -78.70 9.46 -14.06 -49.88 29.22 -77.12 3.56 -37.42 0.00 -81.76 -8.30 0.00 0.00 -91.80 46.08 64.01 1.58 -81.36 43.22 0.00 80.18 -60.48 -35.26 0.00 0.00 -9.21 -38.66 91.86 0.00 83.97 -85.42 -96.44 11.14 69.27 39.17 -85.15 1.75 0.00 0.00 45.49 -26.64 -51.59
-31.37 0.00 60.70 77.63 -8.48 -35.75 -59.79 9.76 55.95 0.00 0.00 -14.38 -6.96 57.17 87.20 48.89 0.00 0.00 0.38 67.37 88.41 0.00 -97.67 0.00 -4.64 -13.05 0.00 94.19 -20.67 38.74 -65.05 90.47 8.00 -88.67 0.00 -57.48 -53.04 56.82 15.89 -4.63 -74.56 -23.42 0.00 0.00 10.21 0.00 54.17 78.04 50.42 0.00 -36.07 0.00 71.20 -26.76 94.18 28.36 -39.57 43.07 -34.06 -35.00 68.68 -31.73 60.36 -7.16 -0.34 -60.32 -68.43 34.62 -69.86 0.00 76.79 45.95 9.88 -76.26 39.97 -37.03 56.32 65.41 39.55 -33.48 19.58 54.79 0.00 -45.86 -79.29 25.98 27.38 -47.91 -8.46 0.00 87.81 95.16 57.49 -47.20 -98.96 0.00 -37.04 0.00 -86.84 -6.12
62.63 -47.16 0.00 25.45 -2.76 0.00 20.20 39.44 -19.61 -69.93 -99.62 -79.65 0.00 -6.96 0.00 56.71 0.00 -77.04 -30.21 -76.78 79.75 -38.22 0.00 0.00 0.00 -22.63 -62.34 0.00 0.00 0.00 0.00 87.77 0.00 -58.05 -10.24 -20.70 -70.24 0.00 22.12 -26.01 19.77 0.00 23.16 36.96 70.14 -82.97 -0.42 -77.02 79.70 -65.98 80.39 19.13 0.00 14.41 -52.34 19.52 71.97 77.91 0.00 0.00 13.43 0.00 -67.87 -15.10 36.65 0.00 -88.12 46.68 -48.78 -50.46 0.00 71.65 30.39 76.51 -11.84 60.15 -1.37 62.15 17.12 -78.22 -0.90 -12.74 0.00 -23.97 -64.12 0.00 47.45 -44.28 0.00 -30.10 27.83 0.00 -87.95 -78.49 -87.31 0.00 68.78 -69.32 0.00 90.60
0.00 -17.80 0.00 -37.18 -24.51 -43.94 11.91 -40.63 44.49 98.66 -68.98 -25.13 75.17 19.18 -27.78 -26.21 -18.68 89.35 32.78 -82.37 13.81 0.00 0.00 0.00 -91.20 -46.49 0.00 0.00 0.00 -38.75 0.00 -35.48 0.00 60.63 -73.72 13.79 82.14 -61.03 0.00 -17.44 0.00 -49.97 -70.44 -98.03 0.00 50.06 42.26 -41.97 -38.04 0.00 -98.38 -60.28 -39.39 -67.36 51.81 -64.23 51.82 -75.98 46.77 -29.65 -49.43 -20.45 -12.02 64.38 -11.65 78.70 -74.38 90.09 39.32 -48.10 3.87 58.67 28.08 -76.37 -54.10 57.64 -37.19 95.96 -0.11 20.84 0.00 -42.09 38.73 97.78 18.52 71.37 0.00 0.00 0.00 49.58 91.51 60.40 -89.20 38.27 -32.05 -38.62 -44.98 0.00 0.00 93.14
-37.04 43.38 71.83 -11.41 70.67 48.36 77.70 0.00 11.74 44.23 5.78 0.00 0.00 72.58 90.13 0.62 0.00 -64.61 86.08 -62.28 93.44 0.00 -18.81 76.45 0.00 91.21 -63.09 85.02 77.99 -71.59 0.00 82.62 88.80 -96.11 -49.44 -49.83 -41.09 -19.10 13.13 -60.51 -10.06 -61.08 0.00 -52.64 -61.71 0.00 -46.17 59.10 -80.28 59.61 31.68 -90.16 -2.57 0.00 67.07 -66.88 0.00 35.15 60.50 14.31 11.59 88.92 0.00 0.00 51.22 33.82 66.90 -83.16 16.43 0.00 55.69 -42.06 -95.80 -56.94 54.06 -14.90 56.20 0.00 93.56 75.04 -67.68 -21.88 -49.47 -13.85 -62.78 0.00 -29.75 -17.04 0.00 -93.90 0.00 0.00 -19.91 80.40 -89.63 50.42 52.75 70.87 -35.28 0.00
1.55 96.99 0.00 -46.85 -64.64 63.89 0.00 -30.01 89.00 19.57 0.00 0.00 27.93 0.00 93.20 62.64 -18.02 15.51 56.04 12.74 0.00 0.00 -9.46 -74.44 -71.93 41.08 11.72 2.50 -51.47 -68.12 8.60 65.84 0.00 -87.73 18.97 16.25 65.03 27.04 -81.82 3.78 24.03 0.00 -28.67 0.00 39.14 -12.09 78.53 28.13 -55.32 43.66 58.54 0.00 -55.48 -37.16 -25.96 0.00 -62.24 -87.21 64.58 -36.67 -59.14 0.00 42.86 -87.75 43.36 91.40 -55.87 -10.84 57.23 -6.38 -91.88 0.00 0.00 10.68 -4.15 72.37 28.86 99.63 33.60 0.00 0.00 -99.82 38.76 0.00 -41.29 0.00 -84.09 0.00 4.09 3.40 0.00 59.57 -37.38 85.13 0.00 -77.59 0.00 36.66 -77.11 0.00
-27.59 38.45 0.00 -13.78 0.00 13.27 0.00 18.51 -1.53 -6.17 9.90 42.60 82.99 4.33 -26.58 -71.69 -84.99 69.27 -99.33 43.87 68.89 34.28 81.27 44.85 0.00 92.99 0.00 97.18 -51.06 33.59 93.96 11.56 18.72 -46.43 -14.57 41.61 0.00 25.98 -38.92 0.00 -34.97 0.00 -23.55 79.59 -99.30 70.28 26.70 80.51 0.00 53.26 0.00 0.00 -68.98 0.00 -46.07 0.00 81.57 -16.76 0.00 -76.81 -80.56 -35.68 92.09 53.72 -17.21 0.00 36.93 83.92 17.17 -76.93 17.50 11.12 0.00 34.64 -26.58 -98.11 0.00 -42.73 -47.77 27.87 18.35 17.26 -95.69 35.14 17.96 -88.21 -38.17 -1.53 65.05 0.00 30.07 89.61 0.00 83.82 0.00 -86.70 -87.21 0.00 -96.74 -22.38
-95.13 94.19 97.62 79.02 78.10 0.00 0.00 14.79 -97.92 -4.40 -74.10 73.93 -93.78 -72.20 -31.60 -41.54 0.00 92.88 86.75 75.72 -65.60 0.00 21.89 30.89 0.00 -53.81 -79.08 -33.44 0.00 -51.55 50.99 -43.84 -67.74 64.30 0.00 -31.05 -64.48 -20.88 11.04 -70.29 -23.26 27.26 0.00 -54.99 91.53 29.34 77.82 -45.37 40.48 84.05 19.64 0.00 -91.13 -57.50 0.00 0.00 12.52 -67.17 0.00 -81.79 0.00 84.13 91.93 86.31 -69.69 -87.16 -47.14 0.00 -21.24 63.84 46.23 11.03 0.00 65.34 -84.82 83.76 -55.55 63.43 -49.33 58.40 -9.32 -4.31 87.13 0.00 -42.78 -26.50 -58.24 97.70 -42.46 98.61 -93.43 0.04 48.33 -23.39 55.47 32.45 0.00 -31.47 78.98 99.98
-18.63 -68.16 -21.27 -54.80 78.07 -73.04 -89.47 0.00 0.00 0.00 0.00 -69.55 0.00 -52.07 -7.80 -68.92 0.00 -1.40 -12.20 58.97 94.29 -25.07 -83.81 5.00 0.00 53.90 -48.91 62.54 0.00 0.00 0.00 52.50 -5.13 0.00 -0.21 0.83 71.48 -7.54 -66.73 0.00 -60.00 0.00 0.00 0.00 -28.57 -29.55 21.38 40.48 49.19 -96.22 55.76 -86.65 0.00 0.00 -48.47 86.21 -38.72 80.94 -45.50 97.10 -31.27 0.00 -86.54 -71.42 80.87 -33.14 33.58 34.76 17.96 33.33 -12.74 -87.18 -66.89 -74.71 0.00 -78.49 0.00 62.78 -4.23 -38.49 -65.80 66.23 -79.91 74.69 52.62 -76.12 30.44 65.97 -24.59 0.00 53.85 -35.54 -6.45 -91.66 -38.45 62.28 0.00 -40.98 -9.87 0.00
43.15 63.09 -39.08 15.11 -18.96 94.25 -60.43 31.08 0.00 -35.44 -35.14 52.59 0.00 0.00 -35.46 97.85 -48.70 0.00 -1.26 64.07 -28.60 -26.58 53.89 0.00 32.49 -58.94 19.85 -92.11 0.00 94.92 -78.49 38.65 -59.54 -16.94 0.92 36.69 0.00 -89.60 -18.73 -0.22 8.53 96.39 -81.98 0.00 39.98 -64.05 0.00 86.31 -58.26 38.03 38.89 6.28 35.87 -72.60 0.00 -94.99 37.14 -1.20 15.65 28.23 -31.51 0.00 93.92 -14.72 13.59 -73.97 6.80 -47.77 0.00 3.71 -72.94 53.15 -59.61 -25.33 -65.58 77.38 0.00 83.20 -31.99 0.00 95.41 0.00 23.17 41.17 0.00 81.71 -97.89 0.00 -20.81 57.81 8.39 -47.74 -77.59 50.62 -73.40 58.42 3.47 54.83 0.00 0.00
-73.10 -2.62 -59.89 0.00 0.00 40.49 0.00 60.63 46.91 92.72 -35.67 0.00 73.97 0.00 45.86 0.00 0.00 41.93 0.00 -14.15 -82.52 19.31 -30.96 0.00 22.70 0.00 51.92 0.00 -70.58 -36.13 0.00 70.83 -68.47 43.06 0.00 0.00 65.84 77.14 -67.47 88.25 27.75 -40.87 46.66 -31.58 -86.04 73.56 0.00 0.00 65.80 0.00 -45.93 51.25 63.63 -99.03 43.96 0.00 -72.05 -87.86 0.00 0.00 27.03 -92.91 35.20 81.72 63.61 -95.76 4.42 15.52 -29.13 68.29 23.55 0.00 39.61 0.00 48.55 -10.61 16.74 81.08 0.00 0.00 0.00 14.84 -55.52 -59.79 -1.29 0.00 50.11 -45.83 -27.74 0.00 0.00 15.91 45.45 -39.28 16.74 83.63 -95.33 44.70 95.77 31.70
0.00 51.79 68.18 13.42 52.60 0.00 72.42 -44.96 -31.89 -19.51 -76.68 -71.14 0.00 -79.91 -90.93 55.46 36.84 90.16 -29.70 0.00 -81.48 -32.43 -93.79 68.64 21.74 15.68 21.75 -32.82 76.40 -61.52 -49.20 81.08 -79.62 0.00 -16.23 49.98 -90.63 -48.06 -36.61 61.97 0.00 -38.44 18.43 -32.72 42.05 78.96 -3.85 99.36 88.04 -11.19 36.19 -84.61 96.32 91.92 -17.04 -97.48 60.55 -58.10 18.21 19.50 46.29 -5.40 0.00 57.99 97.09 -24.33 -84.43 18.06 -74.35 -75.05 0.00 -92.79 26.25 0.00 86.92 0.00 5.98 -18.11 -45.80 -14.76 -39.16 87.56 -15.41 -13.92 -23.64 -79.23 1.47 0.00 0.00 -27.32 -87.32 -78.37 0.00 0.00 -24.80 0.00 -89.56 -36.47 93.41 0.00
29.94 -90.19 0.00 0.00 -11.99 25.13 -55.90 -99.12 40.71 99.38 -73.47 65.66 -93.42 0.00 90.00 0.00 0.00 89.78 12.56 -28.12 -56.03 97.80 0.00 69.93 -68.48 19.59 -43.99 7.89 0.00 40.36 0.00 94.69 -82.23 90.26 -83.68 -7.03 0.00 -62.10 17.06 0.00 -13.62 67.84 64.09 -88.41 0.00 0.00 30.18 0.00 -91.82 -87.53 -29.12 -55.24 -23.78 -26.26 0.00 0.00 -48.66 3.42 -36.49 -98.89 75.30 0.00 7.49 -63.89 0.00 45.22 76.22 92.92 -61.57 21.31 33.27 0.00 -66.88 39.08 60.73 -13.35 -67.95 98.63 -59.09 0.00 55.64 -96.33 -95.01 -95.57 0.00 0.00 0.00 33.85 -49.61 -45.89 0.00 -95.28 0.00 0.00 -4.85 67.54 15.67 83.71 -29.05 79.18
-77.98 -53.76 0.00 0.00 23.87 -4.66 -71.33 0.00 0.09 -11.75 -32.90 -78.61 -41.27 0.22 97.69 0.00 0.00 -80.55 -75.93 -70.27 -81.92 0.00 0.00 0.00 -35.01 -77.43 -78.25 -30.02 -73.00 92.81 57.58 -18.89 0.00 97.53 0.00 -47.27 -14.14 13.19 -26.36 56.81 29.57 0.00 -4.34 0.00 0.00 -96.95 -46.56 -71.80 -31.07 90.74 0.00 16.46 36.03 -50.67 75.19 -26.54 -52.99 -68.16 -2.47 -23.26 -12.87 0.00 99.73 0.00 36.52 46.09 -30.29 63.52 38.89 0.00 -35.51 -18.16 73.62 17.22 67.70 -13.20 0.00 -71.94 24.50 -46.42 23.72 64.76 0.00 7.02 51.93 -29.11 34.96 5.59 0.00 -93.08 84.29 17.98 -19.62 -68.70 49.82 -84.89 0.00 45.25 -63.05 -85.16
-18.23 83.04 21.76 -17.51 21.93 86.25 0.00 64.33 -4.46 40.68 69.23 -80.45 68.74 30.94 10.34 29.67 0.00 32.90 -82.65 18.80 -96.21 52.31 -75.62 -89.29 73.80 42.36 0.00 0.00 28.30 -94.91 -7.83 43.41 50.35 66.33 95.46 -30.68 0.00 86.58 54.42 51.81 8.50 40.67 0.00 16.14 -58.76 18.55 22.57 -2.00 -12.72 -46.50 -91.67 -45.85 86.41 -37.11 72.95 90.20 -47.60 0.00 97.33 -99.10 -73.80 39.68 66.41 -31.50 0.00 -30.94 47.02 -81.16 -64.62 42.48 -11.84 -78.05 0.00 -3.11 -60.03 67.66 -25.24 93.32 -53.89 93.31 0.00 15.88 81.32 17.80 0.00 0.00 -93.41 -73.14 71.95 0.00 93.00 -10.25 44.90 83.19 42.16 42.22 0.00 -78.71 -94.44 19.11
-75.10 -25.94 0.00 -74.63 71.92 30.12 -2.04 14.39 -81.73 57.13 0.00 -51.51 -4.55 61.99 23.25 25.97 -91.91 53.77 0.00 -20.94 -73.38 -28.44 -14.35 -46.52 -56.50 0.00 0.00 0.00 -21.36 43.23 -74.40 -0.97 22.59 -94.97 57.53 28.15 61.35 82.43 -60.58 0.00 86.72 0.00 0.00 54.34 69.54 -15.33 5.94 -74.99 -58.21 54.43 0.00 57.68 -96.22 -22.33 -16.36 -50.92 -31.36 0.00 99.91 -24.30 40.20 -14.45 0.00 29.18 -79.09 -98.61 9.62 -53.49 0.42 -30.59 -11.25 -4.85 97.57 -49.91 -22.43 -63.02 -25.99 -30.88 -56.28 95.90 75.06 0.00 -31.27 0.00 0.00 0.00 0.00 -25.11 29.48 -73.60 15.88 -55.65 10.05 64.97 13.00 0.00 9.95 -22.13 0.00 -9.60
-67.29 -55.74 0.00 11.31 0.00 -65.90 91.09 0.00 95.04 71.74 -39.51 20.99 4.09 -4.74 71.09 81.67 69.45 -17.70 0.00 -49.22 -86.84 -21.81 -36.96 -18.10 53.09 -70.28 8.30 -31.04 0.00 0.00 11.28 -44.45 -28.87 0.00 0.00 -38.52 -97.29 49.01 51.89 -27.37 0.00 -69.53 0.40 6.73 -78.45 32.64 15.67 19.25 -46.37 -80.24 -85.49 -38.08 0.00 -61.37 83.96 44.22 26.62 97.13 -77.59 89.66 16.23 -87.30 -43.42 0.00 -75.48 -18.34 67.86 17.29 90.01 -33.45 57.21 76.22 -81.57 -70.17 -93.32 0.00 56.04 36.56 -34.56 -11.32 -10.56 84.69 79.52 0.00 46.41 -63.60 -58.57 85.04 0.00 0.00 -79.64 -77.15 48.86 -45.31 -17.53 75.72 0.00 70.92 -4.83 -67.71
95.44 0.00 -85.96 0.00 -62.65 49.93 -95.96 0.00 3.90 7.13 -82.54 59.54 36.96 -75.86 0.00 15.58 10.73 26.79 0.00 0.00 -58.54 -62.63 0.00 48.68 0.00 -79.03 83.78 85.09 -0.39 -93.99 0.00 0.00 -57.35 22.46 0.00 0.00 0.00 54.87 -2.66 0.00 -57.86 0.00 30.58 0.00 -31.75 37.31 -99.93 0.89 88.56 -62.58 0.00 -49.18 -70.20 78.54 57.95 -52.74 38.07 32.12 8.61 -46.36 -57.16 -27.40 -4.90 -19.79 -78.72 53.28 1.19 0.00 0.00 0.00 -56.43 -47.12 7.20 -13.78 -87.45 -0.73 0.00 83.56 -45.31 0.00 -32.95 0.00 -48.20 -70.80 -32.88 89.90 -45.03 41.75 -59.29 -15.23 20.28 -64.13 69.25 -41.65 -94.81 0.00 15.06 49.20 -14.76 0.00
87.67 -18.49 -97.35 -91.06 -28.01 0.00 3.84 -47.49 24.88 -51.76 38.73 74.64 47.51 59.49 -33.47 -48.24 -51.51 -4.27 18.88 -61.62 0.00 50.70 -2.17 16.31 -27.32 0.00 -44.68 52.18 -20.87 13.67 57.37 94.19 0.07 -57.40 81.85 81.58 -54.75 -72.01 -46.43 86.30 -19.50 -84.35 -65.47 -43.57 -72.51 -80.76 -46.88 0.00 -5.98 0.00 -29.00 0.00 1.61 89.75 -72.92 0.00 40.00 77.66 62.12 -43.70 -12.46 -82.57 -54.32 66.67 68.31 -59.75 98.06 -31.62 20.06 79.91 0.00 -12.84 -97.49 -92.11 0.00 77.94 88.81 25.61 0.00 -69.21 -39.46 -80.76 -41.72 16.99 -27.63 52.30 0.00 -74.81 73.98 0.00 0.00 79.26 -10.52 51.18 0.00 94.12 -48.41 0.00 -55.32 -18.35
-30.97 27.57 -14.48 0.00 0.00 -25.46 0.00 0.00 0.00 67.82 -16.43 0.00 42.92 0.00 25.08 0.68 -32.71 27.59 45.79 -54.78 53.60 -28.61 0.00 13.23 -48.66 -9.37 71.51 68.33 -99.80 0.00 23.81 93.52 0.00 -88.61 40.27 20.20 99.78 0.00 34.38 71.80 0.00 -55.54 -46.77 0.00 -21.97 0.00 0.00 72.03 75.96 52.57 77.06 -40.48 32.70 2.13 97.42 -62.81 -70.28 0.00 43.20 19.62 -79.48 -85.42 -67.16 -28.13 42.42 -95.65 -22.60 0.00 42.63 65.37 8.13 91.23 5.63 -71.68 91.00 -22.79 -99.89 -64.55 30.44 15.35 -55.31 6.39 -32.08 0.00 -78.26 -96.89 -62.18 61.08 -62.27 -24.99 -72.00 80.93 94.63 0.00 -51.47 -67.29 -35.32 57.61 75.14 0.00
-30.97 -65.00 54.97 -28.40 43.13 46.19 77.23 0.00 -91.34 74.39 0.00 -8.36 -91.23 0.00 0.00 -90.16 -77.93 61.34 -8.26 65.67 -70.75 50.69 -94.02 4.28 11.76 -56.28 -83.51 39.77 -38.15 -51.68 -74.50 -5.43 13.00 83.11 6.91 82.03 -44.69 -38.13 -46.38 -64.35 -54.74 -31.95 -55.69 -80.36 0.00 59.69 -9.71 -33.31 -81.04 -48.38 58.43 -78.17 18.08 46.32 -34.97 -77.65 -41.92 8.75 0.00 -23.95 0.00 -64.95 0.00 70.60 24.38 -39.45 -34.84 0.00 -62.63 -19.14 72.07 -80.60 73.38 -28.86 0.00 10.23 -90.98 53.61 -84.51 -9.46 -89.54 -87.62 80.84 -22.85 0.00 -31.44 -67.55 -27.21 -9.61 87.75 -80.90 55.42 -52.70 14.39 1.37 23.36 49.44 9.18 -52.27 -52.81
-88.46 -14.90 28.05 83.62 41.71 1.43 -8.04 -10.85 47.66 0.00 -17.22 4.64 -61.80 -6.76 17.02 -80.97 0.00 70.39 85.58 0.00 -11.31 0.00 -19.62 13.18 0.00 -23.57 -0.51 5.80 60.95 -48.92 -92.83 -15.70 -99.48 16.35 32.03 -52.29 27.89 -45.67 0.00 75.77 48.71 96.05 14.40 -22.12 -14.81 -37.95 60.66 -72.97 0.25 0.00 -46.11 81.26 56.49 -38.52 66.84 -54.82 41.87 0.00 17.22 0.00 58.82 -21.44 -76.99 19.76 29.64 -69.82 -58.74 30.16 83.74 0.00 73.29 -84.92 48.84 -72.38 -71.95 -2.46 -39.13 0.00 0.00 42.45 75.42 83.27 -58.30 73.28 -89.71 79.17 -72.84 91.55 35.65 25.86 95.59 -81.97 0.00 -32.28 12.80 -85.94 0.00 83.49 73.03 33.82
13.12 -59.59 0.00 0.00 75.09 -19.51 -75.85 85.58 32.78 72.99 -49.60 60.83 7.73 11.27 40.48 -16.85 0.00 0.00 -5.47 0.00 82.18 -6.37 4.82 61.34 20.80 33.58 34.20 -53.35 29.16 0.00 0.00 0.00 52.23 51.58 -20.83 66.29 35.06 -47.81 37.32 -14.62 0.00 -7.40 49.61 -96.93 16.75 35.18 0.00 35.85 26.94 85.59 0.00 -3.33 -65.33 34.06 -25.65 55.03 -71.41 -43.47 -51.35 70.62 0.00 -44.93 -93.35 4.19 0.00 -73.53 -46.70 -66.65 0.00 78.71 -57.92 49.73 0.00 82.20 77.14 0.00 -98.09 19.51 -0.27 -5.49 0.00 6.32 2.80 -51.53 -58.50 -61.35 75.41 0.00 -35.71 72.53 -52.72 98.35 -53.12 -97.70 -35.86 40.62 -11.83 -65.24 -67.11 -5.18
38.95 -40.63 85.34 -90.50 -24.72 -72.59 0.00 96.44 -5.32 -58.24 98.35 -48.60 78.70 0.00 30.07 57.72 -18.51 0.00 78.54 -63.58 57.35 91.15 0.71 29.88 0.00 -24.36 0.00 36.27 0.00 -86.04 -22.06 0.00 0.00 -99.60 54.58 -96.69 -27.63 0.00 0.00 -75.33 0.00 0.00 0.00 -1.86 0.00 0.00 -51.47 0.00 21.25 -16.53 -4.76 96.53 48.09 0.00 -8.32 -8.79 -72.95 -9.98 42.61 -94.26 -79.92 37.53 -12.76 -64.18 0.00 73.96 -18.21 -35.82 11.87 -88.34 39.82 -51.87 -37.17 0.00 -45.04 -14.25 -45.39 -41.72 95.33 -20.71 56.42 -56.15 -99.47 0.00 -22.91 76.31 -65.73 -74.83 -32.02 0.00 62.69 0.00 -10.56 95.21 42.50 -4.82 -47.50 -19.98 -80.38 -11.68
0.00 -8.82 1.42 52.50 -96.95 50.29 29.52 -11.61 -49.67 84.49 74.14 4.94 0.00 -57.24 -93.33 84.23 0.00 0.00 0.00 99.18 -49.48 -78.03 13.47 -73.18 -6.55 38.64 32.01 -43.87 -34.72 27.22 98.63 60.47 79.72 15.85 -82.71 0.00 5.24 -92.97 0.00 55.92 -5.05 -89.92 0.00 6.21 -75.54 0.00 35.68 93.75 -91.06 47.03 -1.32 0.00 -11.09 53.70 0.00 20.12 25.29 -58.58 0.00 0.00 0.00 79.30 -61.25 0.00 5.46 -27.26 -85.40 -62.54 66.08 -20.12 -98.12 -98.10 -22.45 -81.20 17.75 -5.15 24.05 61.99 -49.24 -43.80 -90.73 94.18 -19.34 0.00 44.96 87.92 26.82 -8.02 0.00 0.00 23.81 -47.07 -54.33 -56.08 78.23 24.30 0.00 0.00 -76.79 0.00
0.00 -83.03 -70.25 33.16 -68.43 4.43 0.00 -0.77 48.67 6.31 0.00 0.00 1.13 -73.79 25.12 -43.92 21.06 -50.84 -81.93 -90.97 0.00 5.36 -72.66 -59.59 -76.78 -90.50 0.00 -34.46 87.25 1.48 89.35 -59.82 84.36 0.00 -29.53 -81.60 8.66 30.89 0.00 -27.42 75.62 -35.96 0.00 4.16 0.00 -19.96 63.27 0.00 -47.18 0.00 0.00 0.00 86.36 0.00 -35.61 -20.97 0.00 11.47 57.68 -62.70 97.84 0.00 75.75 -16.46 40.40 0.00 -96.91 61.16 -99.18 -87.41 -73.31 88.08 51.29 -46.76 0.00 -34.54 72.85 23.71 -16.14 -18.50 -45.41 93.65 -42.88 0.00 55.84 -2.20 37.16 19.10 87.83 60.72 -79.31 4.07 9.39 78.38 78.58 7.22 91.33 -37.89 -15.18 -68.38
-76.74 -14.35 -18.57 -12.83 -26.28 0.00 0.00 -67.29 40.41 76.39 -94.45 1.33 -39.76 0.00 24.27 93.13 -46.12 -81.41 48.97 88.90 92.96 5.27 -86.08 0.00 53.68 63.18 0.00 17.99 -36.94 0.00 78.76 33.77 -92.51 70.08 95.88 -7.69 0.00 0.00 0.00 0.00 -61.09 -43.65 77.96 20.34 80.73 -11.12 53.05 21.13 -34.74 0.00 95.81 -40.34 62.71 0.00 57.28 -47.21 -46.20 75.87 -61.04 -20.10 68.83 44.23 -6.18 59.71 44.61 -50.98 0.00 -40.03 60.57 0.00 82.79 -32.54 30.65 -84.13 59.78 69.56 0.00 0.00 9.43 0.00 74.94 -10.11 -9.85 -36.18 -19.86 -51.52 66.29 13.15 8.15 66.21 0.00 -29.57 98.15 -42.79 -53.71 -62.90 37.11 0.00 -47.68 -81.47
-31.87 -87.98 0.00 -99.65 17.15 -28.00 60.92 37.15 76.67 28.77 53.02 0.00 0.00 36.44 -1.68 -37.56 48.59 -74.59 89.80 -50.39 42.76 -61.73 0.00 -84.11 -6.88 83.63 -80.70 63.55 81.77 -23.49 -52.96 -43.93 -86.39 0.00 0.00 -0.63 11.82 0.00 18.96 48.60 12.17 -63.90 -42.20 -26.92 -89.55 -65.53 -98.15 63.47 -91.89 37.38 -36.89 56.70 -100.00 -47.10 -93.70 79.97 28.39 -40.59 -26.92 12.01 -21.29 -63.38 30.99 0.00 92.44 20.88 87.06 -93.96 0.00 -79.76 -1.13 0.00 25.00 68.84 0.00 -51.76 98.32 -36.15 58.54 0.00 -91.24 0.00 -1.68 0.00 60.39 -90.56 6.43 34.97 9.76 0.00 0.34 0.00 0.00 72.18 99.88 6.64 52.15 28.26 -96.75 -37.57
-22.53 -18.03 36.27 -91.55 -25.60 -42.86 0.00 -67.28 17.65 -22.62 68.80 -20.14 -16.58 -45.75 15.38 47.27 -87.22 61.35 -54.42 73.17 70.79 89.23 45.34 17.76 -10.44 17.52 0.00 17.63 -66.60 6.87 -54.12 -63.34 0.00 69.30 60.56 55.84 5.56 0.00 0.00 -93.78 0.00 -32.56 62.70 -61.06 -77.71 -22.72 0.00 -55.06 39.36 60.71 -0.81 -45.27 0.00 0.00 45.18 11.97 0.00 -83.92 -72.03 22.34 -75.93 -82.81 0.00 -32.32 41.83 43.96 -77.60 -40.55 77.36 29.27 42.54 0.00 -48.78 35.77 3.10 0.00 -92.95 -58.67 9.32 11.70 -58.77 85.47 34.00 18.52 0.00 -32.39 -26.65 -20.78 66.81 65.30 -38.40 0.00 15.98 -81.42 0.00 -10.43 -61.68 0.00 -57.35 43.97
43.21 -78.31 0.00 -12.08 -97.19 0.00 0.00 18.35 2.49 0.00 32.08 -39.11 0.00 53.71 -32.16 0.00 -98.81 97.98 46.38 0.00 47.72 0.00 46.88 87.62 70.39 -19.13 0.00 43.34 -62.01 91.44 0.00 0.00 0.00 -40.24 0.00 -58.00 56.73 21.36 57.99 75.31 0.00 -89.07 0.00 -66.49 -44.84 0.00 54.90 -86.08 -23.15 -19.97 -83.27 0.00 95.21 -80.28 86.02 -6.70 73.43 -8.94 -5.51 -91.40 -62.56 -57.80 55.49 -37.74 0.00 -87.42 -26.44 0.00 0.00 0.00 0.00 -94.41 -12.22 -35.01 -34.65 29.79 -41.08 86.71 0.00 24.98 0.00 -65.78 0.00 0.00 -65.16 0.00 58.49 26.60 -73.05 0.00 -90.39 -96.56 6.98 -73.66 -64.15 63.91 -87.65 0.00 0.00 0.00
29.15 37.33 3.41 -76.37 83.15 78.06 3.04 0.00 0.00 0.00 75.84 -59.69 0.00 52.83 -50.61 0.00 -16.89 -22.18 51.60 48.46 -92.40 -89.49 72.38 69.79 -18.05 -55.58 28.27 -91.46 -28.63 75.09 -50.81 -84.45 -98.58 -14.95 79.46 0.00 -49.02 -48.60 0.00 54.00 91.60 12.25 0.00 74.35 0.00 69.66 -84.72 50.18 -52.83 -94.68 0.00 99.57 67.50 -16.86 51.16 53.16 27.95 98.89 25.53 -2.27 18.04 -92.84 -36.80 63.79 -21.47 -61.72 -87.03 31.30 -23.09 35.23 10.75 27.89 86.64 1.95 19.48 0.00 0.00 -1.12 -23.71 26.34 51.37 -73.54 -89.28 93.90 -36.76 78.22 14.24 -48.40 68.58 0.00 -57.82 0.00 0.00 -49.52 31.32 77.12 -94.28 38.48 0.00 -22.48
69.51 -45.79 15.80 0.00 82.49 85.51 92.71 54.92 33.47 57.80 41.55 0.00 -64.59 14.49 0.00 -22.37 11.71 -21.97 -33.79 75.38 25.96 -39.90 0.00 0.00 -61.39 41.38 74.35 -9.78 9.96 -46.27 0.00 77.91 0.00 -58.73 0.00 -31.94 83.64 0.00 0.00 79.75 45.58 53.14 -66.05 -1.41 72.83 0.00 0.00 -80.54 -8.71 27.75 0.00 90.14 -13.70 6.50 0.00 0.00 0.00 -74.46 -62.01 0.00 84.14 74.46 16.02 -49.66 87.05 -58.02 10.44 -74.35 83.36 21.99 53.08 -6.69 -87.07 68.20 71.79 -19.01 89.04 51.53 -36.23 79.38 -77.31 62.36 89.42 0.00 0.00 -20.64 -9.14 0.00 0.00 0.00 17.16 -30.51 77.16 -76.35 -4.97 -84.86 0.00 -55.01 6.70 68.37
0.00 -4.67 -6.26 -89.66 -57.02 56.60 -69.09 -97.83 46.89 61.43 -84.90 0.00 15.08 33.22 33.30 41.32 -15.26 97.08 20.69 44.64 96.64 10.10 -76.01 -12.51 -35.54 -6.52 -35.36 25.33 -74.28 16.99 70.32 0.00 69.63 22.57 2.86 -36.64 70.12 83.05 0.00 -42.84 -98.98 85.22 -95.96 62.46 -62.47 56.33 32.88 -91.97 -2.36 -45.18 -94.90 -44.46 99.47 -98.26 -97.16 0.00 -76.55 26.44 0.00 -32.69 54.15 -71.71 -70.16 0.00 -82.93 45.28 -99.85 86.70 0.00 5.05 40.22 0.00 -12.74 -24.83 0.00 0.00 23.26 44.42 0.00 -23.81 8.48 48.47 -24.15 83.22 42.00 -91.28 91.25 0.00 -60.36 -36.45 96.36 32.39 0.22 0.00 0.00 -64.70 35.23 23.67 61.74 -60.26
15.02 -72.77 0.00 -30.42 32.09 -90.28 0.00 0.00 6.95 18.78 14.77 -52.84 -93.97 89.94 -92.37 0.00 50.46 3.34 16.11 36.13 79.19 -0.68 -21.88 -74.88 -9.44 54.97 25.88 24.12 -12.65 -73.91 96.63 -40.21 86.97 95.58 36.74 1.99 0.00 -77.20 -56.47 -65.93 0.00 -67.48 50.48 52.86 84.51 -65.16 58.89 0.00 74.44 -57.53 46.55 0.00 -22.23 95.79 19.88 -5.83 32.31 98.01 56.50 -39.92 90.18 -17.63 84.20 -22.47 45.67 -81.97 74.53 32.63 -49.19 11.26 -65.39 10.82 54.79 -31.31 43.35 42.47 -41.25 27.85 -85.48 -45.16 39.49 0.00 0.00 0.00 0.00 0.00 0.00 -5.80 -98.61 0.00 -45.53 -10.01 0.00 21.27 85.85 0.00 -40.50 56.48 42.34 19.58
46.66 -38.09 40.99 -38.61 -92.43 0.00 59.02 0.00 -64.09 77.41 -52.97 0.00 0.00 84.38 -87.98 57.85 76.38 17.92 1.19 56.05 76.67 0.00 -33.76 70.57 -68.50 0.00 -57.06 0.00 1.98 -29.90 34.62 -70.83 0.00 0.00 91.38 20.46 -11.33 85.06 0.00 -91.75 31.71 0.00 99.12 49.24 -69.70 -56.11 0.00 45.46 -33.79 -78.71 0.00 92.49 -12.20 0.00 -66.69 50.33 -35.83 88.44 -11.27 0.00 -79.79 65.10 0.00 92.18 0.00 -72.01 -66.19 0.00 -27.68 29.97 3.91 -93.07 59.14 32.49 27.39 -14.99 17.55 0.00 -35.41 -6.74 -13.54 -36.30 -20.30 0.00 16.77 7.59 -37.64 -79.82 28.89 0.00 0.00 -45.16 7.98 99.41 -57.62 -90.65 87.85 68.32 -33.22 0.00
90.15 0.00 60.49 0.00 0.00 -5.23 -76.05 -29.98 0.00 -38.06 65.08 -23.05 -41.72 -2.44 -58.45 0.00 80.50 -47.69 6.14 -26.24 75.99 0.00 69.85 90.67 -7.25 0.00 14.64 -46.97 0.00 12.93 -19.27 7.87 -41.88 -19.86 87.46 -32.53 5.19 55.77 34.25 32.54 53.47 0.00 -33.78 0.00 93.71 -76.52 65.37 58.78 37.64 0.00 -39.15 -6.46 79.19 -58.65 0.00 45.86 22.54 0.00 52.32 21.84 -7.62 0.00 0.00 42.98 -48.21 -55.78 96.01 -98.08 0.00 24.96 41.09 -39.96 -57.70 28.54 64.73 47.49 21.52 -1.03 17.23 -25.02 0.00 0.00 -97.60 10.93 0.00 35.67 67.77 -30.30 -26.70 -34.17 -99.55 -47.51 7.18 0.00 83.52 75.03 -40.51 5.35 4.61 -60.33
94.35 86.04 -27.11 96.27 10.99 -86.03 0.00 -6.48 53.29 0.00 79.72 -41.76 0.00 37.98 1.23 94.42 -44.79 -86.59 96.82 66.14 49.08 -98.21 -26.95 0.00 -40.41 -32.38 -26.50 0.00 12.08 -88.00 -42.99 24.31 8.70 99.57 -33.88 48.37 93.91 0.00 -47.85 0.00 -78.75 -72.63 -99.65 -27.57 20.89 0.00 53.64 -47.85 79.13 0.00 28.83 90.59 73.55 84.04 -96.00 -92.44 87.38 0.00 90.29 0.00 -90.65 -39.58 0.00 -50.13 14.18 33.92 99.16 26.18 -71.87 60.67 -27.92 -72.31 -36.01 -79.55 -41.20 53.36 -21.09 -13.82 0.00 53.71 51.35 -55.73 44.55 -59.30 -76.60 -26.63 -68.72 0.00 -65.85 0.00 -5.39 0.00 -27.51 -58.29 -18.01 -0.01 -11.72 0.00 42.41 49.86
-97.55 13.54 0.00 86.23 0.00 0.00 65.85 0.00 78.88 46.89 -62.08 -56.22 -89.12 -4.42 2.58 64.24 74.50 0.00 -74.04 55.15 63.05 7.45 -0.31 0.00 -96.26 30.85 -89.73 -27.77 -97.80 4.88 81.94 -56.09 -75.93 0.00 -18.08 32.19 66.49 -31.02 71.86 17.23 -44.80 0.00 37.70 -3.90 0.00 0.00 -60.70 75.62 0.00 77.09 -49.82 -28.80 16.88 0.00 -48.38 -17.10 0.00 42.84 -93.24 -54.06 0.00 -49.72 43.66 -13.11 -81.67 91.14 59.12 -79.47 33.23 78.26 1.66 57.30 -39.83 -28.95 0.00 60.99 0.00 29.16 -19.89 -21.79 -78.44 -82.20 -88.48 -39.14 0.00 -69.37 -74.19 48.25 39.04 42.69 99.87 -78.07 -14.47 -56.17 -32.13 73.02 -75.30 91.97 0.00 -71.44
-84.17 51.08 0.00 -13.70 49.06 29.34 0.00 0.00 0.00 0.00 -74.84 0.00 6.36 -73.29 0.00 33.43 -32.66 93.08 -86.47 82.77 -85.36 -68.66 0.00 -68.51 -24.50 -0.82 0.00 -42.70 -39.04 -61.79 -62.80 -39.18 -39.86 59.94 41.87 65.22 32.95 0.00 0.00 66.57 57.18 0.00 98.72 82.40 45.46 -14.98 68.67 0.00 12.00 0.00 47.39 12.23 75.93 -19.19 0.00 0.00 -83.23 69.00 -5.65 -63.26 -79.16 62.90 -31.77 33.56 -37.93 62.75 94.52 37.49 99.95 0.00 -7.46 0.00 -65.17 59.88 -65.60 0.00 -62.75 30.03 -61.83 0.00 94.43 0.00 28.75 0.00 -79.43 77.09 0.00 -49.03 -73.56 26.30 98.36 38.67 2.22 -20.83 55.44 8.42 -89.28 92.19 29.27 73.62
-2.38 0.00 0.00 -37.18 -27.11 -2.43 0.00 -5.46 -89.63 34.72 87.08 -17.59 31.80 -78.52 19.66 -0.96 -40.35 51.29 -72.22 17.43 28.37 15.96 81.08 -8.13 51.52 19.74 -68.71 0.00 -69.32 12.39 76.93 -21.39 41.78 6.19 -47.78 -23.40 0.00 -93.79 62.32 0.00 -88.62 0.75 -90.11 46.10 -12.18 -7.70 -22.10 46.51 -88.05 76.94 -56.63 63.24 -58.08 98.01 0.00 28.82 95.09 0.00 79.09 -79.32 46.60 -1.18 -10.81 0.00 -85.51 -51.59 -33.89 0.00 -6.90 -72.61 -90.50 82.54 0.00 4.00 -84.29 0.00 82.06 15.38 53.67 0.00 91.96 -1.32 -21.31 -15.75 76.58 -37.59 -3.79 0.00 90.72 5.78 -3.35 -30.16 3.78 0.00 -74.54 2.13 -17.14 -16.64 -51.27 -81.11
72.55 0.43 4.51 0.00 -24.14 0.00 0.00 -69.27 31.91 -14.64 0.00 -49.53 -64.10 0.00 38.28 -67.47 88.49 -8.06 -75.52 -12.84 -92.17 45.94 0.95 -29.76 -20.65 -8.34 0.00 76.02 76.01 98.72 0.00 17.01 -98.54 0.00 38.05 -62.93 22.03 -76.02 0.00 -44.04 0.00 0.00 31.78 24.41 60.48 -92.37 92.36 29.59 0.00 0.00 -7.01 -57.18 65.49 -68.74 12.56 0.00 53.97 60.41 37.04 0.00 -58.88 68.25 0.00 20.19 42.07 -24.31 99.54 -29.06 0.00 -11.08 75.54 0.00 6.86 0.00 0.00 -94.08 -85.79 0.00 -55.10 0.00 -19.80 73.45 -31.11 73.38 5.23 -69.50 33.85 12.86 -77.15 0.00 0.64 -56.94 2.89 0.00 -33.88 11.53 -84.56 -42.71 -28.06 89.70
35.62 -22.61 9.88 -22.31 90.29 0.00 46.62 0.00 85.84 -20.80 59.37 -7.31 22.33 -89.22 74.80 -97.47 84.23 -19.11 75.91 -10.55 11.40 46.96 -60.48 71.46 -52.41 -17.42 -25.66 50.92 0.00 0.00 0.00 -68.69 -10.21 -91.80 3.25 16.69 43.82 -82.16 -73.44 -41.29 -54.66 -89.62 -55.46 0.00 24.54 0.00 69.75 0.00 74.44 -53.13 80.53 86.45 0.00 -13.39 64.76 -32.67 -0.28 -8.59 78.73 -53.33 30.93 87.40 31.47 -49.29 -38.27 -17.62 -17.97 88.73 0.00 0.00 27.79 0.00 -77.52 0.00 5.41 -28.40 -22.46 0.00 69.18 67.53 22.88 79.57 -50.73 -52.59 49.31 -39.08 31.49 29.84 -52.64 -44.70 31.80 14.69 55.02 -76.80 0.00 0.00 0.00 30.63 -98.32 91.35
18.02 33.15 -57.95 -83.05 -47.27 61.29 -94.32 80.52 83.78 11.09 -10.67 -38.69 0.00 -19.73 -43.15 -78.61 -40.17 6.12 6.01 -53.66 67.04 -62.50 -86.62 0.00 -85.61 0.00 0.00 -7.20 0.00 0.00 45.18 66.30 0.00 -14.97 -94.41 34.13 -13.29 0.00 96.94 -10.65 -42.93 -23.81 6.30 9.80 -62.52 11.98 27.53 0.00 -41.54 -39.72 -83.15 0.00 0.00 56.98 0.00 0.00 0.00 40.55 -26.30 78.37 0.00 -62.42 79.82 -15.63 0.00 -16.08 0.00 84.07 0.00 59.08 -2.69 -64.34 -10.91 -20.31 -98.05 74.12 -14.72 0.00 73.29 -39.18 19.42 -37.37 55.10 0.00 95.62 68.94 2.11 -29.70 18.12 -70.37 28.76 78.40 -53.52 22.94 56.15 20.18 1.30 93.73 37.20 -77.13
14.86 21.26 81.96 -50.63 56.93 8.25 66.27 96.09 -17.64 -48.45 0.00 69.38 80.39 -91.83 -30.79 35.49 0.00 -96.22 -61.86 -62.41 -25.92 0.00 93.48 -32.78 0.00 0.00 -59.96 71.87 50.91 0.00 62.98 28.02 -28.92 1.48 58.95 0.00 -91.73 0.00 61.57 11.01 0.00 66.75 0.00 43.52 97.59 0.00 0.00 23.67 -48.24 -98.94 0.00 56.96 71.33 -47.39 63.54 51.71 -39.22 -67.25 -12.81 1.78 0.00 8.10 61.99 -86.94 0.00 1.57 0.00 -33.59 0.00 -9.68 10.65 0.00 -82.69 -46.71 -24.13 25.60 0.00 91.99 0.00 -27.98 33.88 0.00 53.55 -79.76 37.83 34.27 -44.97 0.00 -1.30 -76.77 0.00 -43.91 0.00 -44.35 94.56 8.70 -80.81 0.00 46.26 -93.31
-10.85 -29.34 0.00 45.68 97.25 -67.36 58.74 36.03 36.27 -50.95 -16.12 90.79 39.56 0.00 59.75 16.39 68.75 -31.03 0.00 -12.53 0.00 0.00 22.29 -10.79 -74.71 -6.24 44.25 23.99 16.99 0.00 -99.67 -83.16 48.75 46.25 0.00 0.00 -63.97 -5.00 90.15 0.00 62.39 0.00 -97.14 0.00 35.82 96.85 -27.28 31.76 0.00 32.87 -91.02 0.00 -81.98 -46.05 99.77 94.79 -86.31 16.15 63.53 19.87 -96.39 23.02 -90.92 -33.89 -83.23 90.54 90.10 70.97 -71.93 -93.06 19.71 74.32 -19.82 -85.30 0.00 0.00 -98.34 -20.22 -45.22 37.48 -23.38 27.50 6.45 -53.31 36.48 0.00 24.47 0.64 73.45 19.25 51.54 0.00 26.81 -17.23 0.00 0.00 0.00 -28.60 30.42 -57.01
17.69 0.00 -66.26 0.00 -40.24 8.22 -38.96 -32.07 0.00 73.51 5.19 0.00 87.64 47.82 -77.42 -60.46 49.49 2.36 -5.68 24.17 -83.82 0.00 -78.19 -69.39 0.00 -37.13 95.50 0.00 92.29 0.00 -99.29 68.95 11.53 89.46 -4.25 -68.50 -1.94 -36.63 0.00 -25.51 -47.04 -2.89 0.00 71.46 98.39 58.16 -60.62 71.89 0.55 0.00 -35.78 19.71 23.13 3.77 6.40 -74.52 -64.71 0.00 -32.23 -58.34 -42.89 35.60 41.74 -47.40 27.88 79.66 -41.25 -23.38 69.11 0.00 54.50 45.33 0.00 4.38 0.00 0.00 -44.92 -42.97 0.00 57.34 52.19 0.00 -34.31 0.00 0.00 55.72 47.55 0.00 5.08 27.61 -51.90 -93.50 0.00 -15.48 71.23 10.27 90.92 -66.08 82.78 0.00
-41.32 12.79 -60.12 -68.52 -8.26 29.69 59.37 -28.61 0.00 -74.35 -26.81 -22.29 0.00 80.15 -81.49 82.09 -64.78 -24.46 76.63 -75.38 0.00 41.24 0.00 32.34 72.17 0.00 -16.48 0.00 -2.85 0.00 0.00 0.00 -42.53 -9.98 81.67 0.00 -34.09 -62.50 -90.22 -0.17 -42.52 5.68 -87.39 34.57 37.16 4.35 0.00 -35.75 33.73 -87.05 27.11 -93.09 27.87 7.26 -37.36 0.00 0.00 47.16 0.00 79.69 38.18 23.78 -58.49 0.00 16.62 -6.68 0.00 -49.11 -62.66 90.48 0.00 8.36 64.58 -90.66 0.00 74.27 -60.72 -43.66 0.00 11.30 0.00 -3.24 62.02 23.92 -68.68 36.38 -34.53 0.00 32.78 -29.89 15.63 0.00 -40.11 14.23 -56.51 -95.65 76.87 90.65 -78.76 52.26
51.63 -37.24 6.08 -55.05 13.65 43.43 0.00 -27.37 -78.00 45.21 -18.03 -66.52 84.49 75.52 0.00 44.78 18.45 37.53 5.90 86.98 -26.09 -91.42 19.75 0.00 81.23 24.21 -83.16 -4.55 -95.09 -41.60 -27.68 95.56 -20.35 -38.22 84.40 79.62 67.86 -70.66 0.00 -6.74 11.28 1.97 52.47 -6.31 -78.86 -76.85 -21.83 96.67 0.00 67.94 0.00 -66.18 71.40 11.04 -79.21 -17.49 19.62 77.76 -36.27 -18.96 0.00 -68.20 0.00 96.40 23.16 -9.79 5.92 55.92 0.00 -92.94 67.70 40.31 86.68 0.00 35.55 69.65 17.14 0.00 -15.96 8.82 -30.40 77.73 67.18 -7.24 -6.89 63.84 -2.10 0.00 26.93 0.00 72.44 0.00 -91.07 84.94 -45.05 0.00 65.77 0.00 99.90 55.89
-15.99 -31.10 89.49 -55.63 96.32 0.00 -4.60 -99.72 -96.63 0.30 0.00 0.00 0.00 0.00 40.60 0.00 -72.75 0.00 -64.15 0.00 47.45 44.39 57.10 -43.73 -86.01 34.82 -39.35 43.96 0.00 -72.08 -38.31 -20.94 92.07 -65.88 25.20 -85.80 0.00 26.28 28.17 -48.70 -17.83 0.00 -50.62 20.20 0.00 8.86 -6.25 16.52 -95.74 -5.96 19.89 4.56 -28.16 0.00 47.15 0.00 77.62 -80.72 28.74 34.71 12.76 79.94 -30.47 73.41 23.89 34.66 -64.91 -59.85 0.00 63.93 -30.78 65.36 -84.67 -67.30 -6.48 -33.37 14.87 42.91 0.00 0.00 0.00 86.84 -39.06 -63.35 3.35 -34.80 67.90 -39.56 -93.04 0.00 -60.27 0.00 -55.21 84.59 -40.98 0.00 73.54 0.00 56.50 71.78
53.47 0.00 -36.77 82.40 0.00 0.00 14.57 -64.90 -82.52 54.72 99.03 0.00 23.91 57.28 0.00 -85.64 56.62 -49.20 -19.01 0.00 8.69 0.00 -69.09 5.03 69.63 -32.44 -91.63 -27.97 -64.54 -31.18 0.00 16.21 0.00 12.40 13.61 0.79 71.42 0.00 24.35 -5.51 80.41 0.00 -22.18 57.73 -100.00 -70.41 92.83 -82.52 -78.49 -70.95 0.00 0.00 0.00 0.00 78.61 78.80 -19.38 0.00 72.43 -70.41 98.83 -18.89 -39.50 3.85 -12.05 65.27 12.23 97.19 0.00 -62.07 -81.75 13.39 50.34 31.86 0.00 -48.62 58.96 0.00 -6.58 45.88 76.57 71.24 40.81 76.57 -61.97 70.84 -68.74 -40.46 0.00 99.89 -90.14 -61.67 17.72 0.00 0.00 82.29 5.13 16.54 0.00 0.00
0.60 65.63 -79.62 -74.25 68.11 0.00 69.82 -77.06 -56.76 0.00 88.07 36.33 93.58 57.14 87.72 89.75 -49.45 70.80 66.31 -41.01 11.60 80.09 0.00 -2.98 -17.57 -88.66 0.00 93.77 19.52 0.00 -78.80 -67.90 -62.77 -59.31 37.23 0.00 90.98 41.29 40.07 -88.64 -95.75 45.38 -81.62 0.00 0.00 0.00 -72.81 88.62 -56.34 0.00 -99.28 -80.60 -62.00 88.44 -90.86 25.76 59.23 -87.35 -78.05 8.03 92.74 56.18 90.46 -95.93 49.94 47.19 -37.52 -80.76 84.42 3.17 56.48 75.40 -18.33 33.75 -76.04 -14.08 -20.88 -20.45 13.11 4.94 23.21 13.83 24.34 98.42 39.48 70.69 24.17 35.91 0.00 0.00 83.35 46.12 -56.06 76.08 2.29 -28.40 80.16 -10.56 -81.22 -57.37
8.68 -59.59 83.02 2.36 -46.99 -35.32 -63.90 -23.03 50.60 0.00 52.43 93.73 0.91 -42.63 16.94 -48.06 -81.09 52.56 91.42 89.61 0.00 -23.27 64.54 0.00 72.95 -39.95 0.00 0.00 -91.53 0.00 86.23 0.00 99.56 17.28 0.00 -96.42 -11.01 36.07 -53.78 -65.13 76.48 -33.56 37.24 -33.31 31.12 -89.46 43.66 0.00 18.92 62.98 0.00 74.59 -80.18 -42.45 -8.48 8.97 13.67 -18.71 37.60 40.48 58.02 0.00 2.13 13.42 -44.73 10.60 36.86 -45.18 -34.92 0.00 40.44 81.02 0.00 -98.86 -76.14 0.00 -46.90 0.00 -85.18 -9.70 90.34 -18.49 -41.38 0.00 0.00 -99.13 -37.63 0.00 77.54 0.00 0.00 -98.95 0.00 -63.04 -65.44 -4.19 65.69 0.00 43.54 -53.31
0.00 -53.03 -18.87 87.17 -57.81 83.26 37.80 34.68 0.00 31.06 -25.35 89.50 96.14 -47.71 -92.28 -65.51 -23.84 -39.18 -13.48 -96.34 -11.64 0.00 -94.76 -37.71 26.44 4.82 -60.18 64.71 78.99 0.00 11.60 -2.28 44.68 -44.87 44.41 -71.15 73.47 0.00 0.00 31.58 0.00 8.26 93.93 -30.63 -57.07 24.98 81.23 -30.37 58.32 -66.49 -22.65 -69.99 46.88 0.00 75.38 0.00 0.00 53.75 50.55 0.94 58.99 0.00 -87.17 -72.62 -36.20 -10.14 -70.71 0.00 -57.21 -98.55 0.00 27.01 -75.33 -6.21 -28.58 -9.27 0.00 -32.75 -59.80 98.99 -38.83 46.78 -58.09 -76.65 0.00 28.00 11.55 0.00 -81.12 98.72 -73.90 0.00 -13.90 45.60 -61.31 -60.16 0.00 -3.86 76.84 98.83
46.18 -95.79 -0.16 -63.97 -29.29 79.84 -25.30 97.73 0.00 -58.29 68.49 6.35 32.44 -27.05 46.55 31.43 71.33 -6.68 -89.46 -68.11 -41.48 59.30 -49.23 -42.77 85.41 0.00 0.00 36.87 -97.18 0.00 -38.70 0.00 -86.08 0.00 0.00 36.17 -61.87 0.00 0.00 -50.05 0.00 -17.66 -20.44 87.00 18.38 0.00 50.27 0.00 0.00 66.83 -69.72 85.20 -54.26 98.77 -8.46 -84.61 8.92 0.00 -24.71 84.03 -19.75 -94.19 94.57 0.00 49.35 -35.67 53.87 -62.68 58.78 76.48 -88.61 0.00 98.81 -62.23 -74.69 34.98 13.11 -24.73 -82.69 92.67 -37.74 72.90 42.94 -33.70 -96.83 65.34 0.00 0.00 12.04 0.00 -60.85 -43.12 27.43 0.00 48.07 69.38 11.45 -34.48 0.00 75.20
0.00 43.23 -85.14 -23.27 34.30 -47.82 0.00 -27.29 10.77 -36.42 0.00 0.00 -28.48 85.75 0.00 26.10 -56.30 -1.15 -98.64 0.00 -38.99 -8.48 0.84 -28.88 -28.34 67.14 -25.71 -63.01 16.38 13.44 31.08 -18.98 0.00 -1.28 0.46 -70.33 -98.56 12.86 72.90 -46.48 -73.21 7.19 42.91 -0.49 -44.84 -56.31 0.00 -91.77 -59.10 69.80 -48.07 0.00 39.76 0.00 -91.64 50.15 -68.73 9.20 -78.74 40.14 13.54 0.00 32.77 77.13 0.00 -70.08 -16.59 45.42 48.15 82.13 -54.13 77.82 -79.22 0.00 95.94 87.93 -25.70 -77.28 32.32 -82.80 0.00 59.44 0.00 87.49 0.00 -39.10 67.67 -71.62 -69.31 -80.41 68.14 -60.95 -93.05 -63.39 85.47 -71.79 -86.05 -1.00 98.19 91.09
0.00 0.00 66.13 -18.40 0.00 73.71 14.27 0.00 0.93 -80.43 -7.91 21.71 -47.29 17.22 0.00 -66.79 0.00 -24.57 -50.47 -49.58 -27.92 -62.99 11.32 0.00 -60.26 2.61 79.22 -3.45 7.95 0.00 0.00 -44.53 3.50 44.57 -59.07 31.71 0.00 95.73 39.94 67.11 86.81 6.06 -51.30 0.00 60.51 -79.67 86.84 -82.72 0.00 49.63 45.76 7.20 -33.16 78.97 -80.16 53.58 -70.62 -8.08 90.60 77.91 31.66 -6.80 57.12 0.00 0.00 -71.80 -61.65 0.00 -87.41 68.91 82.92 0.00 -46.48 0.62 -84.15 0.00 -69.34 4.93 -97.35 36.73 0.00 53.63 -99.63 94.27 77.67 -45.14 0.00 43.89 0.00 23.42 0.00 99.28 0.00 -52.07 2.39 -80.89 -98.50 68.98 11.03 -70.70
46.89 0.00 -20.11 59.71 4.00 45.31 0.00 98.07 53.80 14.21 -81.82 0.00 0.00 -55.47 -47.97 -65.97 -24.81 56.96 -26.10 -88.09 47.79 11.48 -93.83 25.46 66.34 0.00 87.27 0.00 -13.92 -97.19 -64.81 88.47 0.00 -78.08 -26.09 94.66 70.16 0.00 3.21 41.54 0.00 -49.95 0.00 -37.08 -17.26 0.00 -67.44 -1.81 -63.46 46.77 16.37 -18.93 -63.99 0.00 87.62 93.47 92.97 0.00 -38.49 -94.62 77.97 72.99 0.00 -51.24 40.63 0.00 76.53 -63.97 -73.30 0.00 79.35 8.43 -47.62 -61.53 82.34 -52.97 0.00 0.00 -91.37 22.76 88.57 -4.11 -77.12 -28.70 28.45 21.07 45.05 12.42 0.00 -25.36 -36.68 48.43 -37.75 -43.21 78.61 0.00 60.97 -0.62 56.57 0.00
71.16 85.35 -2.81 47.69 -78.63 61.10 64.24 0.00 67.02 0.00 -86.53 0.00 -97.30 86.56 -2.29 0.00 -51.46 9.31 -13.73 81.64 32.19 94.79 10.08 0.00 -9.54 77.04 -40.29 65.11 -22.43 -91.87 0.00 0.00 -35.44 34.36 86.74 -74.47 -29.06 80.51 96.69 -43.72 -22.31 81.58 0.00 14.87 -61.21 83.02 -18.12 -10.53 0.00 -77.07 -31.57 87.19 -28.53 77.75 10.66 -46.89 0.00 0.00 47.14 42.65 -99.61 -62.40 19.69 -39.90 -60.09 97.26 5.45 4.47 68.82 29.39 67.21 -60.25 9.90 -98.90 33.24 -75.21 82.68 0.00 -51.90 -36.42 65.70 29.98 90.27 0.00 -74.17 -64.38 0.00 0.00 77.45 0.00 -2.70 -49.43 25.31 87.62 0.00 -65.09 -32.04 88.02 0.00 -27.49
87.65 -14.68 49.63 -77.90 90.77 -8.69 -71.88 0.00 20.16 -41.49 -32.13 -69.95 -40.39 -98.90 -7.95 -20.50 0.00 -13.58 55.64 -17.60 -83.61 83.11 8.23 -10.78 0.00 60.55 -57.27 77.00 23.06 0.00 -69.65 -88.09 91.02 0.00 -44.43 -15.58 -84.14 40.89 -28.74 0.00 -62.04 31.66 62.57 3.29 -10.98 -78.93 71.16 56.28 17.90 -90.53 -51.68 -65.40 -4.11 -58.84 54.21 49.49 -75.74 -37.57 -24.08 -77.99 42.37 -47.09 0.00 45.08 72.72 -35.18 36.09 0.00 -71.72 86.46 51.96 -93.62 0.00 0.00 -42.29 -72.88 0.00 0.00 75.25 -79.73 30.42 0.00 0.00 -35.74 -21.45 0.00 38.78 -79.47 96.45 85.46 -31.15 -68.96 18.55 0.00 47.23 0.00 -77.55 5.25 71.49 -15.12
81.17 -69.29 -72.75 -65.93 75.79 -62.83 36.11 49.08 2.67 22.56 0.00 38.24 9.05 80.27 0.00 -97.43 -15.71 0.00 0.00 -62.26 70.20 85.76 16.29 46.18 -93.72 49.95 31.64 0.00 12.34 0.00 -81.81 -49.82 -40.44 -59.35 55.43 -31.74 25.53 73.80 -1.03 0.00 0.00 0.00 89.99 -92.13 11.96 0.00 -35.63 81.19 -38.97 -95.76 3.74 99.28 0.00 0.00 50.50 0.00 21.21 -98.16 -28.01 58.95 -90.76 -42.26 12.44 55.42 1.23 -37.62 -12.95 -86.44 -19.42 74.45 10.34 21.23 67.08 -84.20 -16.04 40.88 14.77 11.16 85.96 -73.28 75.53 67.14 24.96 -83.03 8.08 24.23 67.47 -70.72 63.28 -60.55 -74.57 72.52 -2.81 37.87 27.94 0.00 98.42 0.00 -99.75 -47.81
-50.82 -19.17 -36.16 96.73 0.00 -97.95 -69.08 -87.48 -13.99 -91.00 27.29 -65.63 94.96 91.22 -90.11 0.00 99.30 0.00 0.00 16.18 -73.14 7.37 -22.39 94.33 0.00 36.65 -21.90 -29.02 62.08 0.00 -12.18 68.17 -0.06 -47.04 -96.22 0.19 42.37 -47.03 -81.78 0.00 -93.80 -50.31 -79.73 -62.88 -37.78 43.50 -53.88 -73.29 0.00 0.00 -84.93 -21.72 -44.86 0.00 -75.03 -22.43 -91.48 -10.96 0.00 84.94 23.34 20.58 0.00 21.58 -98.57 91.56 20.86 26.47 96.94 -79.20 0.00 79.43 -99.29 58.20 21.79 0.00 -46.32 76.43 28.00 0.00 0.00 0.00 40.59 -66.10 -97.68 0.00 -97.20 -85.40 -14.34 -33.28 -70.32 63.94 21.86 -8.14 -21.28 30.38 -81.90 -36.35 -46.28 38.68
-77.56 -7.64 67.45 43.30 0.00 0.00 -81.18 -98.42 0.00 -98.70 0.00 0.00 98.26 0.00 0.00 -97.71 59.51 0.00 57.25 0.00 -6.81 0.00 0.00 73.14 22.45 -66.23 0.00 -55.76 24.78 0.00 -26.22 -41.15 -52.36 40.50 25.74 -88.43 -37.64 0.00 -82.41 -9.71 -70.06 -64.31 91.16 20.87 -88.42 -86.41 -86.77 -83.77 56.89 -67.95 -82.19 95.41 -32.49 -79.90 0.00 0.00 92.12 -38.03 50.50 65.25 84.42 84.27 -53.31 46.40 -41.96 5.54 94.04 -64.25 -31.52 -57.18 -1.89 23.28 70.32 65.26 96.19 61.47 -13.87 -92.24 75.06 -0.64 -38.80 0.00 69.16 68.62 0.00 -20.99 -98.24 -26.66 36.32 93.88 35.31 0.00 24.03 96.33 56.93 0.00 8.29 -56.99 3.33 0.00
-96.46 85.77 34.57 -60.71 0.00 -45.76 77.39 74.61 77.53 47.71 39.86 73.71 9.17 -36.81 -81.33 21.44 99.76 17.08 27.80 68.38 0.00 96.09 29.56 -21.08 69.61 23.43 -85.78 0.00 -6.37 19.75 0.00 -91.65 -60.87 0.00 99.97 0.00 0.00 48.89 -57.33 85.73 -16.54 19.17 -60.03 0.00 0.00 -1.95 30.98 0.00 -45.30 -54.25 8.04 0.00 -34.39 0.00 92.14 71.24 21.49 50.78 70.99 -61.44 15.78 76.57 0.00 -28.15 -54.67 -44.52 -58.55 -94.04 0.00 6.91 72.30 0.00 62.92 52.48 -88.58 62.88 1.36 0.00 -8.70 0.00 48.61 0.00 84.82 -52.33 -74.22 -17.13 78.65 -19.52 65.83 23.89 0.00 83.30 95.17 32.33 4.78 0.00 83.15 40.53 43.34 -1.08
