100 100
-75.10 50.39 16.85 60.55 -49.54 -66.20 92.22 34.32 -65.27 -53.02 89.29 -93.50 13.94 58.20 77.43 47.83 -77.73 -64.70 79.91 0.00 75.81 9.56 90.14 38.85 23.62 81.21 -30.14 28.25 0.00 -57.39 21.93 -64.64 -54.03 84.04 85.75 -99.98 44.59 -26.58 -66.18 0.00 74.01 -55.06 5.77 -41.81 -65.78 12.27 -90.66 -70.37 26.90 57.17 0.00 -48.10 99.41 0.00 74.29 -72.29 8.96 64.42 66.56 -30.21 82.83 -26.38 -64.76 -37.35 95.55 -29.39 45.83 79.59 -6.44 45.85 61.38 66.98 -83.13 72.59 -88.08 22.64 -69.23 -16.65 -27.89 -59.89 12.98 99.01 -65.51 64.89 -64.39 -91.23 -70.20 44.58 73.19 96.36 -48.43 93.23 0.00 -30.03 -13.19 -44.13 2.72 0.00 0.00 94.63
0.00 -61.10 19.51 -11.81 84.75 0.00 -19.12 0.00 -44.84 -98.39 -46.54 4.29 61.47 21.45 87.65 -66.43 98.77 37.83 -30.21 0.00 -66.75 39.92 5.40 -20.77 69.72 0.00 -12.82 -10.37 -96.73 75.96 -17.15 -26.76 0.00 -0.02 75.93 -86.83 -5.40 -85.18 32.68 82.79 -63.23 -49.23 0.00 -24.84 0.00 -24.41 41.44 -83.35 0.00 -62.95 0.00 -37.12 -58.50 7.84 -1.14 79.34 -85.17 0.00 69.32 19.25 20.23 -51.45 0.00 -11.03 0.00 -55.38 38.18 -7.76 -79.43 0.00 -78.98 -97.31 20.55 -65.85 -46.93 -47.64 -51.03 85.75 -27.65 0.00 22.95 -63.49 47.51 98.54 77.96 64.17 -27.20 -21.96 -94.34 -82.16 76.90 0.00 -77.80 -67.33 46.22 41.46 90.11 94.77 -32.37 -65.28
0.00 70.15 97.08 -7.49 -71.63 0.00 -63.03 -49.74 -37.48 0.00 -9.96 2.62 48.70 13.00 74.98 -28.36 49.51 22.48 7.38 64.67 23.85 80.18 -57.29 66.73 -64.78 -80.40 -73.87 -32.11 -96.98 -95.21 -4.79 -65.01 -27.58 29.93 -94.87 6.71 -40.36 -29.29 80.89 9.91 33.23 8.14 -87.48 -18.08 -78.87 87.50 90.77 70.64 47.19 -1.85 35.31 8.24 15.53 -84.78 0.00 12.17 50.76 -27.97 38.31 -44.15 -24.94 43.10 51.06 0.00 10.05 -47.27 0.00 18.20 52.40 96.65 0.00 77.84 -76.90 77.53 24.95 93.55 -14.34 37.48 12.67 44.00 62.18 0.00 3.44 51.85 46.57 -61.21 -12.85 -45.19 0.00 91.53 39.58 0.00 0.00 -95.82 79.49 -88.40 42.49 0.00 -64.66 -13.34
22.80 -76.40 -66.08 -87.27 79.01 -76.48 -53.42 56.85 -53.38 -75.90 -18.21 -22.63 46.98 -43.53 90.05 28.18 -44.14 -6.52 -19.98 -97.58 69.48 -95.63 -5.56 0.00 61.00 43.95 -1.37 77.70 55.56 -21.68 -49.76 -20.58 -98.89 -26.16 13.34 -48.95 -47.15 74.07 -2.37 -53.10 -79.31 58.95 65.90 0.00 35.27 43.13 -40.42 25.31 -28.70 15.44 -81.22 0.00 51.33 17.86 -74.54 55.70 -87.70 86.47 36.86 48.14 64.16 29.62 0.00 -73.55 -48.40 -90.97 -35.22 25.44 59.59 15.83 -84.51 0.00 33.65 -86.54 -0.40 91.55 -90.39 -34.50 26.82 52.74 62.29 -47.88 -38.76 -22.28 8.12 -87.44 -67.22 33.58 -94.53 -17.71 57.25 79.54 -69.58 58.61 9.15 -43.12 -89.80 0.00 18.18 21.66
72.86 -22.24 -25.31 88.35 -51.38 25.36 25.16 -59.84 34.97 90.66 66.98 24.91 90.15 -43.69 86.16 -32.14 64.43 -64.08 37.85 0.00 -2.00 -21.40 -79.86 -7.54 -41.87 -12.23 -48.94 -95.52 81.86 -1.52 0.00 22.67 40.72 -28.67 -62.37 -84.59 -3.12 0.00 0.00 23.46 40.77 -77.97 63.63 12.95 -50.11 67.81 0.00 -62.15 -59.97 -75.89 -76.00 45.10 88.54 -2.86 0.00 -17.05 23.75 75.74 40.30 -46.59 -28.92 -71.94 4.47 -24.44 -90.08 -97.06 0.00 -64.57 50.64 11.48 10.28 -96.75 -91.64 -66.27 81.24 -69.61 -65.44 -5.82 -19.71 -97.63 32.03 57.53 -73.52 93.25 2.63 -47.77 27.59 85.58 -86.82 3.32 25.87 -33.41 -88.40 91.14 -91.74 -12.83 -61.74 -51.58 59.81 -73.89
59.90 -29.92 -70.64 68.26 3.82 -89.41 -64.14 38.38 4.77 53.36 77.96 -25.99 10.88 -95.56 4.46 -86.50 0.00 -6.12 -67.96 -63.72 7.06 72.57 99.36 -89.15 -78.62 0.00 90.50 -80.89 8.55 -34.04 0.00 -32.47 -31.65 0.00 -7.93 -35.36 75.65 21.44 -67.11 16.67 69.24 0.00 5.96 -7.75 11.22 -3.48 -29.79 85.23 -92.60 11.86 26.89 -41.89 -94.27 96.14 -5.60 50.00 -94.10 30.96 98.06 -72.72 58.66 -82.84 35.83 -75.38 0.00 21.91 -58.61 53.90 86.55 -45.76 -24.67 -43.36 70.91 -18.22 0.00 99.82 -36.85 93.00 -3.67 70.57 -84.58 0.00 3.73 -17.58 42.31 99.06 25.36 75.65 30.66 -24.65 81.55 -38.39 10.61 -91.17 -79.73 64.99 81.87 -17.90 -13.11 -76.75
-64.01 10.64 14.70 48.54 67.28 0.00 -14.40 0.00 -69.69 -95.71 85.97 -39.49 0.63 0.00 56.53 -24.07 -58.44 -61.05 0.00 -44.56 -59.39 64.31 0.00 -68.92 -91.53 -23.13 -50.17 -29.91 0.00 -75.32 -41.34 27.57 89.67 -59.47 -53.13 0.00 -23.45 0.99 -17.14 -75.61 -84.31 -31.40 91.68 38.50 -1.09 95.97 24.46 59.42 33.80 18.20 -27.45 75.37 57.15 65.20 -46.82 0.00 58.66 0.00 0.00 96.28 -38.34 -27.27 -16.68 68.96 -2.58 0.00 41.98 -3.48 24.29 0.00 82.51 0.00 43.39 -99.16 0.00 20.71 -36.55 -74.77 73.61 32.06 -45.89 12.10 -31.83 -12.71 -26.23 0.00 -35.20 -41.71 91.97 74.56 -66.35 86.32 39.76 -13.16 82.18 73.24 85.71 -45.09 -43.45 54.66
89.54 98.54 -48.83 13.82 -81.76 -68.24 51.87 38.95 32.42 -85.69 49.76 -35.53 5.63 -38.14 69.86 -69.88 35.63 -65.35 0.00 -11.58 27.59 -90.80 0.00 22.07 51.11 0.00 0.00 0.00 48.96 -53.89 33.28 22.20 -30.98 -74.61 0.00 -84.05 0.00 -76.33 -85.08 -85.52 12.05 65.96 -30.06 81.02 55.03 -53.91 13.44 69.34 95.86 -84.89 12.18 -42.29 84.97 42.30 -69.46 -80.39 -32.08 0.00 95.34 -33.97 90.00 46.44 -47.81 0.00 -26.69 -20.29 -88.41 0.00 42.34 5.11 0.00 -72.45 -96.79 57.24 -20.76 15.27 23.19 49.18 -3.72 15.43 95.28 -90.29 21.97 91.13 -75.17 -65.86 -13.96 -53.00 -86.35 16.58 3.83 -18.43 0.00 11.91 0.00 69.86 8.77 -4.45 0.00 -40.75
0.00 -80.71 0.00 75.26 -29.15 61.63 0.00 0.00 17.57 -1.60 -97.96 -25.19 77.64 17.31 -64.80 64.03 -49.20 50.63 59.30 -2.28 -27.40 87.63 59.76 6.74 0.00 10.87 -93.24 20.39 -35.35 10.59 -60.83 -86.24 17.65 47.94 9.31 76.90 67.23 21.77 -15.05 66.06 -60.66 -79.45 68.11 14.15 -64.60 22.62 49.35 99.43 -89.38 -0.02 95.93 8.35 72.58 83.55 5.31 16.52 31.62 0.00 12.07 -25.88 96.27 -40.14 13.29 -89.98 -85.29 -38.78 19.33 -71.18 -34.34 -58.91 13.77 -68.29 -19.57 0.00 71.54 -62.98 0.00 -68.22 -93.07 59.65 81.14 -93.65 -92.53 18.32 -97.73 15.82 28.10 -76.98 -78.87 0.00 -55.39 54.64 70.41 18.73 50.90 -32.52 -30.78 60.92 19.40 30.45
17.45 48.22 -66.69 95.75 -0.80 -34.98 -23.82 -29.27 0.00 39.26 7.96 -22.34 0.00 -1.10 26.30 -15.99 43.58 -18.18 0.00 23.49 -40.60 -90.09 46.51 17.74 -45.47 38.35 25.35 -89.54 -10.76 -69.97 -20.31 -12.64 49.44 -52.66 -57.99 -2.35 -19.35 -62.25 -65.95 45.67 13.93 4.78 -15.08 -40.90 82.44 -78.98 0.00 -77.40 3.65 64.61 4.43 -35.66 -38.79 14.34 -51.95 -83.85 -93.93 86.40 41.50 -83.46 12.84 0.00 -91.26 -3.77 -62.60 58.18 80.78 -20.59 -44.18 -38.58 17.17 -10.12 -92.92 -31.70 -68.14 29.22 64.61 -48.49 87.45 -75.58 92.37 89.26 66.06 -43.29 -12.33 -19.61 4.76 3.82 23.68 28.37 0.00 -17.47 77.43 -58.80 -8.73 10.86 15.82 -50.56 0.00 -8.37
95.23 42.47 53.05 49.60 0.00 -30.45 0.00 97.34 -82.10 1.42 63.76 -80.29 90.14 51.21 0.00 -55.87 82.50 0.00 40.46 -89.82 -23.59 -34.66 0.00 27.79 -81.62 69.16 -48.54 46.75 -11.11 -71.12 -74.85 -82.64 0.00 0.00 76.95 40.97 -33.20 -31.43 73.41 -53.52 -78.39 23.00 53.24 -81.06 78.11 0.00 -8.14 0.00 -80.09 97.83 -18.01 71.12 -58.05 1.70 0.00 48.78 -10.65 78.11 -85.89 -82.87 96.49 -79.52 5.80 80.44 9.37 71.89 -94.41 26.74 0.00 48.83 83.77 -69.26 -45.40 0.00 57.17 14.43 0.00 -23.79 17.38 -32.33 0.00 32.36 -4.52 59.53 52.27 30.51 -21.27 60.59 72.47 80.43 46.58 -0.98 95.74 60.69 53.36 92.23 -81.63 -3.64 72.66 64.96
-31.76 -84.55 28.90 -45.73 -63.57 59.64 46.08 -69.20 11.28 -77.72 0.00 48.18 -83.85 0.00 91.85 -19.13 -87.12 81.33 -88.63 -8.39 79.12 83.84 9.24 25.69 20.06 0.00 4.98 23.59 -26.59 0.00 -2.80 41.96 0.00 -93.03 7.06 6.91 0.00 -24.79 22.52 0.00 -64.20 66.69 0.00 96.16 -67.35 12.76 -73.05 81.14 72.25 75.14 97.29 -98.70 -44.00 -89.84 -80.17 -32.63 1.78 98.95 -11.58 -51.78 61.85 -54.32 0.00 53.20 -14.57 19.10 -12.40 -35.41 26.07 94.67 -91.29 -61.51 54.39 -18.28 -57.62 50.54 14.37 92.36 77.49 32.71 -98.20 89.83 29.99 -96.90 -54.18 40.16 -39.86 50.41 -20.86 -3.70 0.00 -61.18 27.36 -41.86 0.00 21.71 -19.44 80.78 -59.20 68.16
-54.64 -95.92 -99.98 -8.72 -20.22 54.41 73.01 59.37 0.00 42.15 24.58 51.72 19.64 -42.71 53.53 46.67 87.28 93.84 -70.30 27.43 -8.81 80.11 0.00 -93.44 87.49 -43.87 33.93 -17.17 77.84 -48.31 -36.40 -44.15 -80.16 46.17 -2.86 -80.13 -62.55 76.92 -88.52 -89.55 36.28 53.64 72.24 25.21 10.48 -70.48 15.94 0.00 -42.86 -45.99 9.77 24.05 -81.36 -61.84 0.00 4.15 0.00 -74.79 -74.36 60.28 96.35 8.47 75.33 -14.76 -90.73 -68.83 5.08 55.45 28.31 62.16 -69.90 42.43 -89.15 -22.24 0.00 15.91 64.49 -50.01 -58.89 12.17 16.73 57.05 -93.49 70.74 4.03 30.57 89.38 42.19 -65.29 -48.21 -94.96 -67.80 -14.66 13.51 -55.27 70.58 0.00 22.79 13.11 -24.34
15.44 -58.59 -24.98 45.54 -78.96 -14.13 -76.71 36.95 -12.44 -26.72 78.07 99.73 90.01 72.32 0.00 -56.55 97.95 -23.66 74.02 87.33 -44.26 -54.07 -60.89 -39.22 15.34 24.46 -88.51 0.00 60.07 -4.97 34.28 -26.83 0.00 -92.11 0.00 -13.08 0.00 51.79 20.13 -67.55 72.83 -56.80 -7.05 46.99 30.77 0.00 66.24 0.00 25.05 67.70 93.45 34.57 -88.86 91.40 -89.09 -77.64 -84.08 3.86 5.51 -44.97 64.64 -41.95 -83.31 76.13 -81.88 48.94 47.62 0.00 28.50 94.04 -65.47 17.50 0.00 14.16 0.00 4.20 27.53 0.00 0.00 0.00 94.58 97.15 -25.49 25.34 -99.42 -63.24 30.24 -68.76 0.00 71.34 78.60 -40.16 -80.55 -99.05 0.00 -24.24 23.31 43.67 68.00 25.15
-98.28 -78.10 38.48 -42.95 70.84 23.30 0.00 -77.25 0.00 -97.93 95.05 40.25 16.24 -0.76 0.00 -32.22 48.02 33.59 0.00 79.50 -26.65 34.18 -83.74 -96.42 -97.38 -75.20 0.00 -80.62 -37.54 -55.75 -42.45 38.22 -95.24 0.00 -98.79 43.42 67.12 -59.86 65.32 5.59 -2.81 36.15 -71.11 19.95 75.44 -38.86 -2.60 -8.33 60.38 -97.62 0.00 -23.11 31.17 81.89 50.24 2.55 98.15 91.03 5.17 -39.85 0.00 -89.59 67.63 4.40 5.17 43.05 46.37 6.38 -13.53 50.69 83.74 -11.01 -43.73 -19.08 -37.65 22.37 -61.93 0.00 -62.22 83.51 35.48 66.66 81.09 75.07 -56.46 49.47 56.95 93.78 -47.99 92.30 -78.00 57.19 -47.56 -30.38 62.02 0.00 94.05 74.79 42.28 77.62
18.38 -71.26 28.30 2.11 54.94 -78.22 0.00 -79.77 -82.72 0.00 44.15 -4.48 0.00 -44.94 64.87 -31.80 -78.29 83.16 -56.74 -34.75 32.62 -99.79 0.00 -3.77 -78.16 -70.29 18.24 79.03 -17.84 87.86 78.25 13.41 99.86 0.00 20.52 -8.97 55.44 86.47 0.00 -80.68 -42.46 41.41 -58.90 14.98 58.69 -77.54 -89.51 -49.04 -75.47 -21.31 -27.33 -92.32 21.96 37.93 77.52 59.38 -65.85 99.36 0.00 89.09 89.60 -84.42 -28.76 -85.34 -68.97 84.66 -85.49 51.56 12.89 69.95 75.23 69.42 -35.31 53.84 -89.48 79.67 49.74 -29.81 -72.63 -99.31 -5.28 6.06 -26.64 39.61 -71.99 -51.51 0.00 17.12 -75.41 -17.35 53.68 -86.32 -27.76 69.26 -15.08 -13.10 -99.71 6.78 38.62 89.06
0.00 -43.13 45.77 0.00 -98.52 0.00 -73.71 -52.34 0.00 55.33 -25.98 -35.46 5.06 44.21 -8.09 42.96 -61.08 97.97 -83.69 78.53 -36.81 -35.19 32.86 -12.22 84.67 -13.47 38.67 -5.89 -7.00 -39.20 -81.78 30.50 67.58 56.84 56.76 -38.34 0.00 0.00 39.82 0.00 58.24 -12.05 87.48 13.56 61.97 -47.99 -44.18 6.17 43.92 0.00 98.78 82.30 79.10 -47.70 98.03 -57.72 0.00 54.32 68.09 67.27 76.19 -8.17 5.94 -29.71 84.83 66.74 -11.49 52.53 71.52 -17.44 9.28 -66.83 -77.63 -32.49 58.33 -90.16 -81.72 57.50 -38.14 11.31 0.87 0.00 -57.02 0.00 47.30 -16.84 -77.93 99.60 18.40 1.56 0.00 0.00 91.12 -13.52 -31.17 67.30 78.31 -88.03 -62.42 0.00
-99.67 0.00 -84.09 63.31 90.07 87.43 -54.14 -0.66 -42.19 -31.77 -95.94 -46.66 15.28 -40.45 -89.16 -85.66 70.86 11.71 -42.67 55.36 -67.92 -20.60 92.16 87.69 80.97 83.27 -25.84 -13.00 87.77 -10.32 36.18 0.00 -37.44 27.22 52.09 -74.14 17.29 76.72 -28.28 -46.17 -28.27 77.16 -4.90 25.08 -7.57 54.65 73.13 43.99 62.72 22.04 -98.69 18.07 91.33 -19.29 10.23 79.01 0.00 -1.12 30.70 -9.62 -76.92 18.47 -82.74 59.26 81.03 44.48 48.55 -55.91 -1.03 62.48 53.02 90.02 -65.80 30.17 22.32 96.49 -40.20 14.18 -93.19 -96.22 -23.11 28.86 -57.70 -67.84 57.39 60.23 79.60 73.61 0.00 0.00 -40.90 10.30 -36.02 19.40 -34.03 -18.76 15.86 -53.01 0.00 0.00
-37.08 -35.59 28.29 99.11 -35.91 -18.70 -73.68 -1.71 -51.33 0.00 48.64 31.99 45.68 -37.19 38.80 86.68 76.91 4.86 -71.03 0.00 -53.72 -37.75 89.20 -74.13 -64.15 -14.49 73.38 37.04 0.00 -95.10 -60.66 -44.52 57.97 23.54 18.40 0.00 -40.42 0.00 -48.18 54.71 23.67 33.12 81.03 -78.04 0.00 -81.01 66.88 53.95 0.00 64.68 0.00 -70.32 29.95 51.35 -56.20 -65.19 80.32 -9.92 -2.94 -93.28 15.95 70.12 0.00 -7.77 -10.67 7.15 34.34 65.88 99.84 -7.70 -10.58 18.23 51.89 41.24 10.15 -24.45 0.00 11.57 28.38 34.72 30.56 -4.75 25.87 32.44 62.15 -44.18 -16.22 -94.06 -9.37 1.31 33.23 -75.11 8.03 -13.62 -67.79 -62.54 -87.09 39.36 71.80 78.80
39.19 1.30 -31.79 -5.38 -9.61 -53.35 -58.03 65.95 95.43 70.36 37.87 63.20 -34.40 -36.26 0.00 -4.37 -35.05 19.56 -83.38 8.10 -52.61 55.14 -58.68 -27.72 -36.84 64.92 4.49 0.62 77.83 -18.95 9.62 56.62 0.00 -42.56 -89.09 -37.97 89.27 1.31 45.90 -68.76 4.46 41.32 0.00 -98.41 -20.47 41.72 4.40 0.00 43.27 -25.44 -93.44 0.00 0.03 0.00 -8.82 14.66 84.63 -53.69 55.99 -5.89 46.68 20.90 0.00 98.60 -15.50 35.93 16.85 94.12 -7.45 -88.51 -57.77 91.79 -99.24 80.75 37.68 -30.79 22.41 -21.00 8.01 -98.06 -42.08 -50.39 45.21 32.48 -43.83 -17.55 -39.14 70.84 -32.93 0.00 7.17 64.03 61.19 -8.95 22.13 96.99 75.55 0.00 -41.95 51.05
-93.14 87.81 62.54 -13.69 0.00 79.60 -99.50 -32.95 17.27 0.00 6.92 89.47 -66.53 -85.08 -71.39 -8.60 1.75 -88.98 -38.92 57.92 -6.53 21.95 65.96 97.76 -33.68 29.98 96.15 57.38 -10.69 93.13 70.13 47.37 81.38 77.00 35.17 43.92 -36.70 51.97 81.63 0.00 0.00 67.56 -30.76 25.76 0.00 94.23 2.71 40.68 -77.17 -68.69 -20.37 -28.93 -7.60 -62.45 64.54 -85.66 -59.29 99.50 -19.34 70.70 95.64 -24.76 -2.79 -74.03 -54.63 -55.43 -92.66 -40.43 -83.05 88.47 60.08 68.92 -92.70 27.63 -24.64 33.06 0.00 0.00 59.07 -84.72 10.94 -80.90 -53.41 90.58 0.00 -9.83 76.20 -34.67 -8.08 -72.26 6.04 -8.59 45.62 13.94 24.26 -79.15 -88.85 50.23 3.43 -7.07
94.78 63.00 9.88 83.25 23.07 16.01 90.55 -49.30 -71.43 23.60 -53.03 -56.15 0.00 -28.26 -33.93 27.66 -37.69 93.46 3.85 27.64 -14.63 68.81 -29.11 -86.02 14.42 84.83 38.24 72.48 -66.82 25.67 -24.09 26.12 20.45 -61.10 0.00 -26.80 3.69 61.98 89.21 31.44 -50.12 -45.01 -7.76 -3.15 -1.16 63.98 -99.88 -73.51 -36.50 93.58 67.56 -71.66 -21.06 73.57 -0.77 -7.07 -12.02 21.27 0.00 -31.63 -39.55 54.45 94.05 73.57 -19.44 14.49 -87.53 53.77 -44.62 74.45 80.18 -75.98 -38.47 -64.84 16.26 58.38 71.22 17.44 58.50 -65.09 0.00 0.00 0.00 80.94 89.29 -60.33 -90.72 0.00 -31.78 -86.77 45.72 98.36 38.42 -33.02 -33.27 -63.92 -78.57 -39.23 -90.36 1.99
-87.54 -77.89 -7.04 0.00 -32.16 -66.24 10.35 -8.14 -4.71 45.51 -54.68 -9.13 53.93 62.76 -13.42 88.85 80.91 -24.14 -71.49 -72.61 81.29 -58.25 0.00 73.11 0.00 79.65 80.17 -59.91 -16.42 -83.76 -1.27 44.35 -74.11 -99.29 94.02 -14.79 30.89 -0.94 56.19 -58.77 -71.88 0.00 -11.32 0.00 -76.06 -26.56 79.56 77.88 -26.60 3.34 0.00 -96.08 -8.49 79.20 -67.57 18.90 60.48 11.39 -7.99 77.33 -8.44 69.31 -39.10 45.01 -31.97 -57.55 -91.90 5.95 -63.54 -6.68 0.00 -25.96 35.52 -13.29 52.48 63.64 75.39 76.43 -25.72 92.15 91.51 47.69 -4.52 0.00 95.43 0.00 -60.81 11.88 -34.94 95.31 -27.64 76.46 24.52 -13.11 5.22 0.00 -6.18 47.80 -49.78 99.06
90.25 -4.46 42.21 -36.08 0.00 -73.94 -83.75 99.44 12.77 68.73 -99.72 -11.85 82.36 0.00 -25.44 0.00 -19.70 0.00 73.86 -40.55 0.00 -87.02 -93.52 35.86 24.87 8.76 31.16 -65.57 22.42 -44.33 21.32 -72.37 86.70 -30.89 15.06 -77.05 -3.43 -89.41 65.16 60.49 0.00 -63.35 0.00 81.41 97.13 49.42 87.35 -65.39 -25.22 69.70 9.18 0.00 92.29 80.77 -94.17 0.00 -94.74 -75.55 41.69 30.13 33.21 0.00 10.05 -98.24 -44.38 65.72 23.09 20.46 89.62 -70.60 -64.48 -87.44 63.18 -16.68 77.73 23.66 19.98 96.34 58.00 6.60 83.68 92.61 81.38 53.38 38.99 -89.14 0.00 71.35 44.83 -83.87 95.80 -13.49 83.47 66.22 96.57 85.24 -78.17 99.49 8.32 42.30
89.11 74.93 -84.98 -61.13 38.11 -1.66 0.00 -83.41 -1.03 -44.48 -49.86 0.00 -43.04 99.34 -66.19 0.00 -13.22 80.71 -75.61 0.00 0.00 -74.24 -71.22 95.74 70.59 -55.09 0.00 0.00 -71.26 -5.69 -71.63 0.00 94.96 28.08 -86.40 -46.01 27.56 59.13 -66.51 0.00 53.87 34.06 -51.49 92.75 9.37 84.07 -53.46 0.00 -91.67 -23.21 -3.32 2.51 -23.88 67.71 89.29 -5.96 -70.70 0.00 -84.96 22.82 -74.96 -77.16 67.73 -9.01 17.15 -66.70 -14.06 -17.57 -15.88 77.14 -90.02 -56.76 -89.37 -98.94 0.00 -85.50 -3.65 -68.99 0.00 23.87 17.62 14.76 69.42 94.42 -51.35 9.13 -29.47 -83.65 -1.59 64.57 -54.35 50.66 24.59 7.90 73.50 -7.69 98.89 27.85 62.83 22.03
-89.73 0.00 -53.06 36.38 -42.53 -9.82 47.01 -4.26 0.00 41.90 -19.44 0.00 26.75 0.00 2.97 98.19 -21.29 -27.62 92.60 27.36 0.00 81.51 0.33 43.71 17.12 2.11 -73.43 0.00 -32.22 -73.31 71.68 -21.52 56.22 70.57 -93.67 19.04 29.80 -46.19 65.98 3.38 0.00 11.28 -6.64 -49.62 -55.78 -64.75 68.16 0.00 70.97 38.23 66.34 -13.11 -52.19 96.14 -85.76 -33.47 -3.54 95.17 83.65 -64.23 -41.06 -11.37 -0.32 -69.39 67.12 -44.11 -61.62 -89.35 -87.87 68.19 1.67 78.11 8.77 -49.84 8.67 59.16 -5.62 81.14 64.52 0.00 2.56 0.00 19.36 30.85 89.45 -95.63 64.19 -59.11 -29.10 -2.15 -63.95 -8.24 0.00 0.00 33.63 -5.01 80.39 -66.70 25.61 84.71
26.40 0.00 63.99 -67.44 38.53 69.38 34.24 53.84 0.00 -21.85 -78.40 -37.50 -25.49 15.98 -56.37 -23.77 -44.26 0.00 -99.81 -92.93 0.00 -54.82 -58.22 -91.54 23.29 49.89 6.31 59.34 -58.36 -22.86 -8.46 -40.76 10.44 -45.65 -18.85 -25.96 -44.46 13.72 -87.44 -37.87 -14.84 -96.40 77.49 43.97 -33.89 -10.80 0.00 -40.06 46.95 65.43 52.90 84.36 -90.30 -64.72 -36.66 -81.84 58.57 -86.78 24.47 55.12 -45.13 -98.39 -53.35 51.32 0.00 49.26 38.21 0.00 -67.54 -76.70 -69.05 46.18 -26.93 -6.92 -31.46 -23.32 -29.44 0.00 -87.50 80.00 96.97 9.66 64.15 62.39 -37.45 48.50 72.09 -2.17 -50.96 90.25 -43.60 -37.73 51.93 -88.49 17.14 0.00 90.75 -4.63 -31.55 40.00
-29.22 38.12 0.00 -99.50 1.73 -15.70 -26.42 -67.98 90.05 87.47 39.79 0.00 -60.24 67.46 36.76 49.42 31.60 -0.86 -50.83 17.31 8.44 47.00 66.35 35.89 -59.40 -71.39 -12.19 -10.68 82.96 -21.45 -78.11 -11.39 -44.24 -7.33 -73.27 -6.53 -68.39 48.24 -95.75 0.84 75.49 91.72 -59.38 -84.76 96.38 77.38 64.66 27.98 13.73 -86.18 -17.51 -77.84 98.04 -13.96 58.05 -61.37 51.87 -16.93 65.17 34.82 0.00 98.83 87.06 -39.36 -45.42 16.94 0.00 24.58 85.27 85.76 0.00 -27.19 89.52 -13.41 -51.71 -81.56 27.21 0.75 -85.19 41.80 2.61 80.00 -44.48 16.44 -37.52 14.89 51.68 48.53 -27.07 -72.49 0.39 56.00 92.68 -27.59 92.04 -83.06 70.26 -16.18 71.09 -5.17
-30.92 0.00 56.84 -95.16 -41.40 -19.37 -9.65 14.25 -92.17 91.10 0.00 29.06 86.84 0.00 -6.30 9.06 -57.65 -52.66 -91.26 57.24 99.02 94.48 -32.62 -36.26 32.07 0.00 -39.42 -6.38 0.00 -95.52 -47.39 10.56 -88.06 36.44 -18.36 6.78 -57.28 -24.32 48.83 38.53 56.31 -60.83 -47.23 -98.65 -69.74 81.84 0.00 -74.61 61.18 28.10 4.96 0.00 -54.28 36.84 -37.81 -55.26 31.32 66.78 45.69 -36.62 -35.43 -60.70 5.07 17.18 87.08 17.02 -9.18 5.92 -39.00 0.00 33.55 0.00 81.61 -90.18 -27.93 75.12 -13.79 24.85 -86.33 53.68 43.89 -23.72 14.85 -28.02 81.24 60.58 0.00 -91.19 -56.58 -57.48 77.34 -52.59 88.21 -59.28 11.98 -35.29 83.00 -33.64 -48.22 37.22
57.19 57.71 98.22 27.94 76.52 -54.75 -62.79 51.63 31.46 99.27 -97.49 -14.87 43.15 -21.21 0.00 99.99 -84.88 -39.98 97.77 -38.85 0.00 40.65 -59.72 -61.52 -74.74 -34.31 16.41 37.24 30.40 -0.59 -59.19 0.00 -80.61 -26.17 -64.80 77.10 -27.95 63.14 53.61 54.51 -99.66 0.00 42.44 -14.04 99.62 82.16 -91.71 79.97 -39.06 0.00 -91.73 -67.70 58.17 0.00 -56.76 -6.55 36.03 0.00 20.73 69.14 61.29 -76.38 0.00 -14.45 35.74 54.03 -77.84 76.55 -89.38 -4.01 -88.26 87.72 -94.76 -87.92 41.32 59.75 -50.37 20.96 -17.09 -13.55 3.12 -8.79 -33.58 -98.74 -0.52 35.93 59.44 79.94 -70.63 32.67 0.66 98.51 31.16 0.00 24.29 21.26 -33.11 15.52 80.63 -19.36
26.14 -23.38 29.59 0.00 51.06 -18.14 41.67 29.58 -21.18 -71.49 -49.47 61.73 14.96 53.65 -47.07 -81.42 92.13 89.63 54.51 88.77 69.56 -78.92 21.43 7.42 -43.20 -47.42 -31.09 78.06 56.69 -78.37 58.69 -62.68 84.98 -27.49 66.92 73.24 91.58 45.79 2.81 -29.61 74.30 53.35 -30.67 26.47 44.20 22.26 45.05 73.53 11.88 36.77 62.29 18.64 57.85 -16.29 0.00 -36.73 -85.36 73.51 69.39 -70.09 0.00 30.19 91.03 -74.20 67.51 -86.80 -1.69 34.42 86.45 -10.12 -19.79 -10.75 97.49 -8.29 -20.20 -33.19 -81.83 -38.79 89.07 63.23 -65.27 38.16 0.00 37.20 97.03 -6.00 0.00 -4.96 17.94 57.27 46.90 -8.56 26.66 76.81 -78.38 54.89 -97.40 89.14 68.09 38.12
60.76 0.00 91.74 -72.01 -21.83 -19.01 -37.32 69.89 0.00 98.00 29.49 0.00 0.00 88.06 -40.80 55.77 0.00 88.49 31.15 31.13 25.68 28.17 -74.88 -42.07 -53.90 -80.40 -95.18 37.55 83.47 -81.17 59.17 0.00 75.56 -41.36 85.51 43.64 96.76 46.27 72.59 -38.05 -75.57 -46.43 24.64 -68.48 -11.23 -45.88 -43.21 85.19 -52.91 -17.52 16.33 78.22 -91.84 -55.51 -59.45 3.30 27.80 -2.64 45.33 -34.66 -19.18 -98.64 -38.28 -43.63 -40.00 -52.78 -62.79 -43.25 -69.31 -90.21 18.70 -7.66 0.57 -19.46 23.86 -73.45 34.67 -82.15 0.00 -88.27 -81.04 0.34 28.06 -65.61 45.71 72.55 12.15 -51.00 0.34 -90.50 -68.47 -97.11 27.53 -67.11 -35.39 0.00 -78.90 30.10 49.04 -41.69
86.85 -83.06 5.32 42.75 9.28 -56.91 -76.71 -29.66 -30.36 95.17 25.41 0.00 18.58 -48.67 0.00 0.00 -74.26 0.00 -53.37 -14.28 71.45 0.00 -43.62 97.87 -42.35 93.94 -92.64 -10.82 96.83 34.89 59.28 -1.36 0.00 93.20 -10.63 -15.12 -11.28 13.42 1.82 94.04 -43.84 -51.70 -25.67 16.66 55.86 0.00 81.19 0.00 49.03 -18.74 -0.24 -99.64 7.00 83.61 0.00 -13.92 15.65 -60.02 -16.05 73.30 -66.09 0.00 28.52 -0.32 -32.06 0.62 -3.84 0.00 66.58 -6.19 0.00 85.53 -11.33 82.53 36.15 90.49 -86.24 -70.49 -24.00 0.00 25.31 46.18 -68.15 6.49 -4.80 13.11 -56.55 -4.44 -42.69 -35.74 -81.15 -89.84 4.25 2.80 -79.34 75.37 -31.48 57.55 -56.69 0.00
69.14 -46.30 -52.91 0.16 -23.57 35.76 19.89 -87.43 63.46 33.66 -57.92 -60.55 -41.04 -74.54 -28.70 -97.35 57.88 -78.39 -16.69 -46.57 16.13 0.00 47.58 0.00 9.49 26.29 -10.97 -50.51 46.95 -35.61 18.02 41.70 44.91 24.36 95.40 92.01 -38.28 -28.18 64.97 81.62 21.60 28.42 52.48 -99.12 67.87 -88.57 -73.65 -23.63 -48.71 -78.57 -2.02 71.81 -25.14 -85.90 19.38 84.36 77.60 0.00 -91.60 -28.95 0.00 61.75 -27.20 89.07 0.00 3.44 0.00 -45.09 0.00 50.64 -1.17 -53.09 -87.65 -92.15 -50.91 93.97 66.66 77.51 46.44 -95.25 45.38 95.08 -31.69 -78.26 -16.43 -10.26 56.94 -44.62 64.60 -91.76 74.76 86.16 85.85 -79.63 -42.79 84.80 30.38 -16.52 -11.76 85.29
0.00 -65.89 -75.73 -30.59 -16.32 -30.66 18.50 -22.36 -26.80 33.21 -38.71 -22.05 0.00 -21.42 -6.43 46.26 37.54 77.15 0.00 -64.01 31.68 0.00 -67.48 -62.20 39.92 -55.52 -38.84 62.97 -35.15 18.37 47.77 95.23 -60.94 -64.00 -82.28 10.38 -2.52 -12.87 94.06 66.82 -57.17 8.91 -59.98 76.04 70.20 17.97 -8.17 -36.24 1.44 -70.64 -21.89 37.43 98.25 47.84 75.23 38.16 92.33 -63.61 38.34 -5.62 91.97 -13.90 26.82 -31.77 59.31 44.54 78.62 -43.22 -68.34 72.67 0.00 -39.19 -25.51 -18.43 38.04 0.00 -12.27 -11.03 -6.79 79.56 89.95 94.65 -53.88 -31.95 32.08 -55.64 -84.11 44.51 -80.27 -54.58 -81.90 58.07 39.80 -52.72 -18.63 -33.39 15.51 -59.33 -88.86 -5.88
34.66 0.00 -19.99 4.00 95.47 91.71 -77.23 0.00 33.50 -20.56 11.75 -36.08 -41.01 38.90 -41.44 5.12 -93.06 -72.16 86.69 -39.96 72.36 -93.59 5.46 -72.34 64.48 -17.53 -25.06 -16.95 86.29 -72.34 23.72 0.00 -65.36 0.00 21.78 -4.41 14.65 -37.02 -8.95 43.57 -14.24 0.00 -38.24 0.00 -39.79 -65.29 25.68 56.41 0.00 73.61 -78.56 -1.27 0.00 -82.25 0.00 -50.71 -14.58 -22.20 -41.15 0.00 -8.17 -79.54 -13.49 -6.48 40.14 98.67 76.57 26.43 -73.68 37.50 61.07 85.31 -66.92 12.92 -14.50 0.00 61.34 -43.52 -91.54 0.00 -76.91 53.90 -56.83 85.98 10.31 -46.02 -92.58 -90.97 8.94 -43.29 -5.55 -76.06 52.77 -76.51 -55.59 -60.73 17.01 -78.25 -24.86 30.78
48.18 1.46 0.00 -31.73 9.24 23.98 38.56 -77.84 -90.53 -0.10 15.85 -82.07 60.20 -30.25 0.00 -1.69 46.18 -82.74 52.29 90.81 -73.71 -38.78 0.00 -52.49 57.96 22.38 -62.52 81.45 -96.01 13.96 -1.55 -74.26 89.11 -33.57 73.93 27.77 34.71 -16.84 -48.26 10.47 42.53 -38.79 -89.64 -41.62 -20.86 70.57 65.34 0.00 77.45 53.95 82.60 66.94 44.75 -91.12 -34.63 -70.54 66.84 87.75 -33.06 85.49 91.74 80.90 -16.07 0.00 -82.53 -92.80 0.00 0.00 50.37 -71.40 34.98 22.28 11.77 86.72 -30.05 -8.50 -14.86 -19.68 49.88 64.28 -11.91 52.42 78.94 -20.76 35.01 83.08 -76.02 81.11 -51.56 -9.35 85.15 -26.61 94.80 70.64 0.00 0.00 0.00 2.33 -87.11 -8.23
19.81 -79.90 -20.66 85.62 55.08 -61.18 34.59 79.00 8.78 -73.91 -35.87 89.10 -86.83 -34.38 14.39 65.60 -18.24 93.63 37.81 -35.17 -45.19 18.91 13.28 82.67 41.27 -76.13 77.46 49.11 0.00 26.21 -72.45 -59.13 -16.78 -52.35 20.22 -31.17 -60.07 59.04 -96.58 -43.86 -32.19 -70.49 20.27 -5.89 -57.32 -76.91 -91.51 -54.52 4.85 -60.68 83.30 69.69 -5.87 39.41 20.17 -23.21 17.88 44.04 -8.55 -33.02 7.45 19.01 7.86 0.00 90.67 -96.14 -34.72 -3.29 -18.99 -38.48 0.13 37.15 66.55 0.00 66.85 -5.38 -39.35 -53.27 54.93 6.36 -7.78 -40.23 45.68 12.72 -70.55 -22.98 -10.67 86.83 91.02 -55.58 68.08 -17.53 11.40 -24.48 -98.53 0.00 -43.54 3.40 -57.46 21.74
-99.90 23.55 83.27 0.23 -2.10 49.81 4.28 -70.27 -52.34 51.01 84.66 91.23 -19.57 -55.58 0.00 74.12 -69.65 11.09 -48.87 56.90 0.00 0.00 -2.09 -20.65 -98.69 3.19 61.82 12.71 78.72 -99.51 69.18 -17.89 -19.75 28.12 19.42 -96.21 48.59 0.00 -80.36 38.91 35.60 61.13 0.00 68.64 -79.53 49.34 53.29 -88.31 -33.02 97.71 0.00 85.81 -2.67 46.00 -25.86 -45.78 -18.88 0.00 90.71 -44.47 84.31 52.52 -94.55 63.02 90.23 -88.17 -17.67 -29.53 0.00 39.95 -98.26 11.47 25.75 -41.41 -49.63 -38.66 -80.29 -81.00 -18.19 -93.74 -90.51 30.72 -26.76 -92.80 0.00 53.73 70.57 90.41 -72.13 -38.00 -28.48 -81.43 54.74 -44.17 -91.71 97.40 -43.95 98.52 -90.78 38.39
6.19 86.39 77.34 -82.34 12.13 -64.07 -31.97 -89.33 0.00 -7.15 0.00 0.00 24.25 0.00 29.70 -0.89 33.74 0.00 -39.59 72.35 78.15 -85.87 0.00 80.13 68.56 -20.79 -57.88 -22.72 34.99 -65.94 33.11 43.29 -68.54 -73.63 79.01 -59.32 64.76 22.41 -35.73 0.00 79.30 40.07 76.40 0.00 -84.78 -54.70 -75.72 45.29 -93.25 53.98 -55.61 77.71 -85.62 -46.05 55.85 -34.28 -65.93 61.61 44.94 13.40 -23.90 -20.08 47.46 0.00 0.00 -90.80 -39.59 78.92 -27.22 -23.37 -43.19 0.00 -62.47 99.04 21.08 -45.96 76.31 -2.52 0.00 -30.74 0.00 -41.19 21.76 -85.46 2.78 12.94 -3.85 -19.52 27.32 50.10 -63.68 0.00 -69.76 -78.63 -64.86 75.18 34.77 0.00 0.00 0.00
11.24 -7.69 -17.78 57.65 89.93 -1.65 -69.57 -33.45 0.00 55.16 5.17 2.79 -23.77 59.21 16.30 -89.09 -34.32 75.12 69.88 17.43 15.10 -17.19 -86.43 95.58 -52.67 -99.13 -30.90 -22.42 -77.76 4.24 0.00 -10.04 94.22 -47.32 82.27 0.00 13.65 -52.46 72.20 -88.01 15.18 -24.05 -95.65 -79.66 78.75 -19.42 -83.24 32.25 -8.50 19.65 44.57 -1.42 -62.93 -40.34 81.40 -12.14 -44.77 -34.07 -11.27 24.34 43.51 0.00 48.19 -34.22 -66.53 42.40 55.68 -47.06 -43.96 -96.79 -74.87 5.24 18.39 1.09 0.00 9.59 75.94 17.04 -72.62 0.00 -70.10 -13.51 18.88 49.55 -68.94 -82.55 -76.17 -9.28 -63.95 11.69 83.17 1.99 -62.38 7.50 -17.30 85.81 -89.52 16.17 65.42 66.16
69.12 -41.34 -93.43 -68.55 -98.89 24.96 69.75 10.70 38.11 23.99 75.29 -94.79 -89.52 -5.84 54.77 -21.25 48.83 -84.20 69.47 -77.92 27.49 89.84 61.28 -97.69 34.54 -56.02 -74.67 45.03 60.15 -72.05 48.39 66.47 -13.39 54.97 97.93 0.00 -12.28 17.13 0.00 0.00 -95.13 -64.37 -44.77 28.87 -89.09 0.00 -39.55 76.56 42.29 -47.58 -44.70 0.00 28.32 -31.78 -38.03 87.61 -67.09 0.00 -48.19 0.00 0.00 48.89 0.00 -27.57 86.35 92.87 0.00 -2.24 31.37 90.22 25.71 -20.24 56.69 -50.47 -28.07 91.82 74.46 89.06 -66.11 -89.92 -18.50 62.76 -41.79 41.95 39.31 -62.30 -68.43 -68.19 -96.78 37.00 -6.21 90.83 -92.89 45.60 39.71 -20.46 69.15 0.00 69.78 77.31
0.52 60.00 40.22 -82.52 53.89 89.75 0.00 -10.59 0.00 0.00 45.70 64.21 15.67 79.59 -88.51 97.17 79.56 6.91 39.11 56.07 44.61 -92.12 87.89 85.04 0.00 44.88 18.88 75.87 51.99 -35.53 52.78 -31.26 -66.39 22.56 -53.96 71.34 19.76 86.26 -73.98 -26.36 76.01 52.64 -80.67 77.42 -31.69 -63.88 0.00 88.91 -34.53 -47.12 -4.18 -58.21 -91.05 -22.37 0.00 -50.33 0.00 -65.96 -37.33 -68.24 52.92 -24.26 -79.05 -45.41 -71.49 -10.31 0.00 25.41 88.28 72.94 33.96 8.03 59.20 59.98 0.00 81.67 72.41 12.62 -61.80 87.03 80.93 11.54 75.93 -53.61 64.42 0.00 8.95 25.39 -89.43 86.59 75.07 -18.18 -13.54 -55.97 -65.27 62.20 -35.02 26.53 -72.09 54.68
-48.06 -46.60 64.82 -76.90 98.64 24.01 83.08 -82.49 33.62 32.90 -7.08 0.00 20.64 51.03 -95.55 33.78 97.43 -93.92 -57.28 60.02 -83.35 -33.49 35.08 35.69 90.18 -83.69 70.42 89.58 -18.70 34.16 -82.51 -26.82 -76.70 8.10 -62.01 -53.60 6.73 99.22 -33.32 24.24 70.04 99.59 -82.84 0.00 27.89 50.61 -41.18 -38.34 85.24 0.00 -35.10 41.59 45.26 18.77 -91.90 17.54 -8.34 -64.52 33.86 -0.72 -74.94 -47.64 -66.57 -57.45 25.54 -43.27 87.86 -99.27 40.34 31.79 99.95 -92.98 -43.97 -92.81 -56.19 10.40 35.08 94.42 0.00 -93.58 -66.06 -83.14 8.54 75.53 99.33 -35.49 -79.17 0.00 16.86 56.17 -43.68 -12.08 -44.56 -18.62 40.28 26.09 61.14 3.02 82.82 48.99
3.76 60.37 -19.23 40.91 -95.41 74.01 0.00 48.10 -51.60 21.61 20.38 -19.98 28.04 54.32 -3.12 -26.22 29.85 -3.80 38.29 50.68 -49.73 31.66 -55.80 0.00 38.19 0.00 87.10 25.58 -21.53 13.18 0.00 23.92 81.49 33.21 10.11 22.45 -6.43 90.89 0.00 -36.64 35.37 -97.91 -51.34 83.77 0.00 0.00 60.92 0.00 69.05 -36.22 0.00 26.16 23.36 97.88 99.94 -9.59 -5.93 38.22 -58.91 81.55 7.08 22.50 19.74 0.00 -5.83 -51.92 -64.59 -55.44 -90.80 -83.11 77.77 19.32 76.56 0.00 8.54 47.41 -60.09 -56.10 49.50 25.78 -35.13 10.41 -5.18 0.00 28.65 -63.44 -44.61 63.73 -26.30 45.80 -42.20 -50.88 -75.91 -60.66 56.20 46.60 0.00 0.00 96.29 0.00
-12.42 94.68 0.00 -68.31 32.14 -96.13 -14.20 9.90 60.40 -37.65 -44.36 7.80 39.47 36.75 -42.70 -34.76 -98.39 -95.09 60.07 30.26 -21.31 -84.55 0.00 -6.01 52.39 98.46 89.00 0.00 -61.28 -77.45 -34.46 94.92 69.15 -0.96 0.00 -17.51 -98.98 30.73 -85.38 0.00 -57.90 -83.48 61.73 -97.50 16.08 -45.43 10.30 -44.46 91.32 0.00 67.60 20.79 92.93 -90.28 18.06 60.40 -11.59 70.72 -45.62 -22.00 69.17 -19.42 16.72 91.72 83.33 48.85 98.07 -17.64 -31.46 99.09 -86.91 -16.83 -58.81 -33.18 -17.90 -56.31 82.91 36.68 53.99 -24.35 27.99 58.80 -66.36 20.92 68.52 0.00 51.70 18.52 -5.87 0.00 59.62 72.90 72.13 66.00 -9.32 26.06 0.00 94.92 -26.00 12.11
92.99 93.58 80.65 92.07 -56.13 1.02 -66.75 10.69 0.00 83.13 -23.06 30.80 57.01 -69.07 -56.34 22.20 89.73 -22.70 -19.68 95.45 -33.79 98.84 0.00 -10.43 -36.97 -91.07 -1.10 -70.98 -0.39 -37.84 -76.06 -89.18 0.00 74.27 -83.08 -58.40 92.13 -91.02 -14.53 -6.86 -20.55 -66.64 0.00 13.47 56.39 -98.63 -29.53 -75.48 -54.97 92.68 -48.55 22.33 10.20 -53.11 -74.26 9.04 73.67 -11.22 17.97 -27.43 17.80 -45.21 71.94 41.74 2.82 46.21 95.87 44.42 75.54 -57.94 -70.12 -31.33 21.51 0.45 82.15 -22.11 1.82 -10.18 0.00 39.63 46.85 19.70 -71.72 6.39 -70.10 -24.82 32.13 76.15 -13.95 -41.89 -5.89 95.83 75.92 86.11 67.77 54.86 -11.08 51.18 50.73 -29.46
26.71 -70.01 37.63 -67.42 51.50 -61.92 0.00 -48.07 -33.41 39.90 41.76 0.00 -93.79 23.96 -1.34 0.00 -65.50 -69.66 65.77 46.89 0.00 99.68 0.00 41.91 0.00 -29.86 -42.21 -26.77 -34.03 -29.09 -40.67 -66.27 -74.24 85.47 -77.89 -86.31 -44.00 0.00 48.82 -56.32 93.64 81.40 95.18 -31.08 0.00 -66.67 -1.02 0.00 -91.19 -87.71 5.19 0.00 69.98 10.95 76.90 -62.48 13.93 0.00 60.99 -62.80 -44.17 -31.66 32.20 0.00 0.00 29.06 34.31 -96.90 88.40 -94.76 -33.93 73.86 -72.65 -20.23 0.00 -32.94 -86.63 60.66 -39.31 -68.03 93.05 29.61 2.51 -7.98 75.64 52.01 -65.59 45.61 0.17 -51.48 83.14 -85.91 -53.29 -42.46 0.00 -30.08 15.05 89.74 0.00 98.99
-13.44 -69.96 -75.42 -8.20 -3.89 0.00 0.00 -64.36 56.36 -86.92 2.70 0.00 -93.07 73.75 -99.40 -23.88 66.79 30.21 78.63 -3.99 43.05 67.85 30.42 25.87 -31.99 0.00 78.94 46.21 -17.90 -37.14 -96.26 89.23 77.91 0.00 -69.32 -74.59 -35.53 -39.28 -50.01 93.48 56.83 22.84 49.84 69.92 -74.46 93.98 80.87 -73.86 -29.91 84.86 93.56 -14.07 -19.14 36.61 -46.23 0.00 -88.73 -37.53 21.78 -72.58 -91.33 -58.92 27.49 -50.38 0.00 -69.70 5.39 17.51 -44.28 -92.94 0.00 78.23 42.92 -99.46 72.26 -34.24 87.59 79.38 28.51 81.56 0.00 60.24 91.86 -11.14 0.00 82.30 85.41 74.79 -36.85 59.22 -71.45 0.00 11.64 -41.11 87.54 76.27 0.00 4.77 -71.39 0.00
3.75 54.39 -3.88 -90.87 -28.11 89.05 -83.80 -12.68 31.97 -46.05 -3.21 0.00 -65.07 -58.47 -23.84 0.00 63.44 -76.92 -26.39 92.50 49.15 -44.10 -84.90 23.93 56.27 0.00 74.33 89.69 -32.10 -66.79 -85.58 -55.84 75.20 -19.76 0.00 85.12 66.79 76.37 94.25 -61.32 65.41 -52.35 63.21 34.58 1.60 -40.01 0.00 69.51 80.34 73.37 70.15 -59.37 -15.82 99.85 89.78 77.29 -85.05 50.92 33.55 89.28 40.60 -61.35 -40.31 92.24 0.00 -17.19 -65.12 -27.53 -32.08 -98.33 -13.96 -0.62 0.00 0.00 -22.44 -11.34 84.24 -22.03 -76.77 -14.16 75.18 -70.05 3.38 48.54 0.00 -62.70 44.01 -30.08 -62.85 0.00 0.00 33.79 -52.80 -47.90 -15.30 -82.04 0.00 -21.42 -37.50 0.00
-43.39 38.27 0.00 -45.27 76.64 -89.64 27.21 -55.45 -50.76 -49.55 81.14 64.01 39.11 65.38 -58.03 0.00 99.56 -11.58 -82.86 -33.29 91.80 0.00 -97.12 4.01 35.81 10.01 78.37 6.80 94.43 -32.33 0.00 91.50 0.00 -87.62 46.25 -46.01 -31.01 0.00 21.73 45.94 -54.38 32.09 -26.86 27.39 -81.47 60.80 45.73 82.54 -0.09 48.31 0.00 -38.29 -0.54 -26.07 16.07 66.17 0.00 -34.27 56.16 7.38 -61.26 -33.83 -14.25 45.54 -39.41 53.42 74.24 10.18 36.88 -34.57 -83.63 -41.40 -88.64 -0.79 -72.11 21.71 -36.20 0.00 -53.58 -17.49 0.00 -90.48 -71.05 82.42 57.84 -9.34 19.08 -68.24 0.00 0.00 -93.28 22.45 34.70 -99.91 -32.97 -89.36 -33.74 89.99 93.39 64.06
80.62 67.62 -25.77 17.49 -29.74 27.81 76.09 -18.38 -72.99 -96.03 -59.46 -9.19 -12.40 23.05 0.34 16.55 42.67 -4.62 -55.59 0.00 0.00 -1.05 64.35 -11.65 -78.61 0.00 36.26 0.00 -11.56 25.63 46.90 91.91 15.62 0.00 40.29 55.96 -3.77 45.11 -32.61 -49.08 -47.43 95.20 -35.79 34.20 -40.58 5.39 74.74 0.00 50.23 92.99 34.99 -12.23 0.00 0.00 46.74 -22.35 -79.65 91.15 -86.20 -78.09 16.70 -64.81 58.17 -57.66 98.03 5.06 -65.76 13.64 -17.45 -72.60 -52.93 -35.13 32.00 -2.01 17.44 0.00 64.41 62.20 -11.16 -76.18 -32.42 0.78 -88.75 -39.44 -64.24 36.24 -92.71 50.62 56.59 -64.35 64.42 78.50 89.56 0.00 -63.19 36.66 -68.10 -65.16 0.00 -21.07
0.00 3.35 48.48 98.69 67.97 -67.24 -36.45 -0.04 0.00 30.75 -81.80 0.00 1.57 -7.05 7.04 62.60 60.53 -92.18 0.00 73.86 -41.70 0.00 -19.21 10.09 -34.41 -31.38 3.88 38.45 -66.97 -17.62 28.01 0.00 7.06 -43.76 97.12 41.90 72.38 0.00 0.46 27.58 71.07 -31.58 60.34 -28.18 -94.41 0.00 -8.91 -9.98 44.37 -78.76 -65.73 6.97 0.00 -81.03 -57.91 -19.18 -22.73 60.09 -71.89 80.08 0.00 -71.30 31.99 18.52 -1.05 -85.64 0.00 0.00 -16.27 -94.00 7.82 0.00 -19.16 85.11 -19.81 -81.49 12.68 -48.75 24.14 10.23 60.29 66.94 -61.48 -49.70 11.31 -40.24 0.00 -15.43 -81.73 15.94 63.87 36.30 93.22 23.96 64.41 73.29 89.87 33.60 29.01 -11.19
85.18 0.00 -50.05 0.00 -5.19 -7.01 30.79 -20.09 0.00 0.00 73.18 86.51 -70.20 -38.36 10.65 40.03 -78.08 14.79 78.55 9.43 -73.91 -24.49 94.01 -18.43 91.45 57.87 -82.14 -78.14 19.03 -80.53 -67.65 8.90 53.08 0.00 61.37 97.71 38.25 -88.69 29.73 -31.56 79.31 -90.37 -58.39 -96.98 -60.57 40.46 50.88 -83.34 62.38 -34.34 -67.59 9.02 28.97 45.13 3.02 0.00 -89.47 0.00 36.58 -1.91 -34.39 95.65 -82.88 22.29 -72.00 63.23 -24.64 89.37 98.14 -49.19 -62.12 27.86 19.25 0.00 -45.61 37.50 98.08 -5.38 -85.87 38.53 -54.51 0.00 -69.20 38.12 11.16 0.42 -52.87 -59.88 -54.45 87.36 -12.14 -80.67 -14.56 53.47 -85.03 39.77 -24.24 -57.03 40.20 88.33
-30.46 38.34 0.00 -23.65 44.63 -33.81 95.60 99.03 -59.11 -69.13 30.85 -7.76 -93.39 76.35 60.25 0.00 81.94 24.71 -39.34 -70.94 -97.97 6.21 -46.38 -10.11 25.54 76.27 -19.43 40.52 53.25 56.33 -79.31 -6.56 81.86 0.00 -9.76 0.00 -68.23 -41.80 -65.14 35.18 -8.99 -28.91 -86.73 21.88 -98.06 5.51 28.49 78.29 2.96 10.42 40.20 63.63 76.69 42.23 7.04 -32.49 -67.89 -67.42 -56.22 49.89 -89.70 0.00 97.03 6.21 -69.01 27.67 25.28 58.44 59.45 83.48 93.31 31.83 -25.52 1.60 82.31 -66.43 3.54 -12.18 99.27 19.03 90.78 0.00 46.90 -40.78 91.61 23.58 -61.35 -1.35 91.10 7.98 0.00 68.44 -27.92 -42.14 -84.06 -30.90 -98.72 -15.86 96.77 26.56
-57.42 0.00 93.42 47.24 -26.91 62.45 -41.07 74.69 44.76 -7.50 15.44 -30.22 -8.24 -28.33 -2.24 -61.35 30.90 26.58 99.45 -93.25 -74.78 -72.26 14.73 -69.14 -0.18 72.60 -53.20 -93.88 73.88 68.15 -59.91 0.43 -52.07 -29.28 -52.34 0.00 21.02 -29.63 43.80 32.92 -47.67 -63.71 0.00 -51.65 22.11 65.27 20.02 -42.92 -58.88 0.00 -11.88 83.66 -22.23 -5.12 -53.92 5.51 -53.19 -23.06 -57.47 -80.60 60.95 0.00 0.00 -14.14 -69.52 0.00 66.30 63.17 30.91 -85.77 0.00 -28.91 -84.22 35.25 41.46 96.79 -31.84 0.00 93.80 -66.92 53.72 53.11 -64.45 10.95 -52.61 13.88 99.07 -31.75 91.66 31.15 14.33 0.00 34.37 77.97 -71.53 76.91 -65.43 -73.38 0.00 -0.03
-34.94 92.93 -36.87 0.00 -66.83 -92.85 34.22 -13.84 79.61 12.89 0.00 0.00 -17.05 -15.02 43.89 53.24 -61.31 34.20 88.79 49.64 81.60 2.66 85.92 -50.16 31.52 54.27 -98.62 -34.11 32.23 -70.15 0.00 -20.00 66.81 0.00 -6.31 79.97 -30.93 -13.39 -19.69 2.24 30.97 -48.27 88.41 10.57 -98.18 8.56 95.55 45.71 -38.21 -28.55 -20.09 -12.22 -41.71 -1.29 -72.36 -18.59 85.76 59.17 0.00 -64.32 87.14 -74.95 0.00 0.00 -94.89 -45.80 42.26 -90.88 47.89 59.43 -21.81 -65.51 -60.27 -82.36 65.46 28.68 -56.75 13.23 67.71 51.81 45.99 13.42 -86.41 -82.57 -69.47 38.58 12.93 66.45 66.22 94.35 52.20 25.38 -32.77 39.34 87.64 -27.66 93.54 29.89 -18.53 78.63
0.00 -10.68 96.87 -86.89 66.26 0.00 -85.50 -84.23 -5.07 -42.25 29.00 -37.36 -90.45 -25.02 -86.74 -39.65 29.62 -19.00 98.93 -20.24 -52.56 -97.65 11.31 99.64 27.73 78.54 76.18 52.58 -11.92 -93.09 -17.54 -93.25 0.00 85.54 71.78 -96.38 -64.15 75.25 -44.67 -48.38 7.38 0.00 13.09 -82.17 70.02 0.00 59.85 30.02 -79.52 -42.59 -40.36 1.48 -6.46 76.61 0.00 86.13 -4.11 -12.09 85.77 0.00 -39.17 -33.56 61.94 -86.60 91.73 -93.94 -4.14 98.49 91.60 4.85 -97.90 -72.55 -19.91 -42.57 16.28 87.47 -92.28 34.11 94.70 0.00 67.58 -35.87 -47.62 -37.81 60.98 53.87 55.73 0.00 74.79 77.20 -48.38 -37.31 62.96 49.66 0.00 66.34 62.11 0.00 63.06 58.06
68.17 -41.09 56.54 96.97 -99.04 58.64 -38.38 18.26 -46.72 77.91 5.73 0.00 0.00 0.00 -39.00 12.01 37.63 -34.22 -86.66 90.01 27.97 -88.48 81.08 0.00 -16.30 86.31 58.28 72.53 -51.01 58.44 22.18 -84.68 57.75 0.00 -14.77 -89.41 63.12 81.35 67.13 60.09 -80.48 0.00 62.98 -78.30 37.78 -83.75 99.61 -19.29 14.46 48.83 -81.67 80.25 99.38 -91.66 0.00 8.21 -89.10 89.42 -70.89 97.21 84.90 -98.37 -16.59 43.34 0.00 61.02 35.94 1.08 -16.55 46.53 1.41 2.01 13.66 -38.51 21.53 13.84 20.40 -40.70 30.09 57.22 40.02 -18.25 6.04 58.35 -38.01 5.41 -96.11 -92.59 16.31 0.00 -69.48 -63.48 50.73 -84.59 -24.63 -65.87 95.96 -26.41 70.07 34.25
57.05 16.60 0.00 -64.35 -40.95 0.00 0.00 -32.54 34.35 80.58 81.30 -45.26 -22.92 0.00 48.59 -88.05 -82.91 -69.67 55.20 -87.35 29.54 -39.39 -46.25 36.95 -85.88 -15.73 -89.33 -97.95 36.90 -13.96 0.00 -63.82 70.06 59.64 0.00 -56.54 4.30 53.89 60.06 77.16 -87.07 -35.28 48.71 93.51 -16.78 -96.55 7.79 -68.20 0.00 -47.39 24.89 -0.66 -92.19 74.75 0.00 0.00 -71.13 5.63 -71.51 65.82 56.96 0.00 49.98 76.50 59.02 -13.13 -0.26 95.20 -5.87 -3.42 -61.35 -64.36 -49.54 -64.09 -87.21 -36.61 0.63 61.51 -5.90 -78.95 -97.84 -98.11 0.00 -47.15 -45.23 63.99 52.20 -0.21 75.94 81.07 -94.59 -58.37 84.10 62.38 91.61 97.80 0.00 21.39 0.00 15.68
34.74 53.79 -90.19 -68.68 -70.35 -54.55 18.99 -34.44 -4.55 -80.41 -96.60 -43.05 13.69 -75.55 -3.68 52.79 14.52 51.10 53.98 3.92 -11.91 29.91 22.19 0.00 -6.49 71.55 6.28 -6.91 63.15 41.28 -48.32 16.04 -23.98 -57.33 25.85 44.55 -27.68 -91.50 -36.47 75.10 0.00 0.00 3.95 -16.88 -84.30 98.12 -65.98 -22.64 -5.57 -75.99 91.88 -17.27 78.00 0.00 -4.21 70.83 45.11 -44.81 1.54 0.00 16.65 61.47 -68.17 17.01 39.96 20.72 0.00 -66.96 -84.03 63.39 96.10 97.73 -64.29 -95.41 -1.54 -51.99 8.54 -81.21 -36.29 43.86 -47.19 78.28 -24.50 14.03 -92.64 58.23 29.23 40.36 66.26 -25.66 95.55 5.00 90.99 57.02 36.83 45.20 34.18 -42.46 -84.56 50.15
-41.86 -88.47 85.08 31.06 -46.67 -16.47 79.07 61.88 2.32 -20.02 0.00 42.94 92.34 -41.75 -81.57 6.37 2.82 -86.13 -64.41 -56.82 0.00 0.00 0.00 0.00 80.13 47.14 -61.28 22.34 75.34 -67.06 -40.84 20.53 67.12 53.92 35.98 54.47 -50.74 84.72 39.54 80.32 0.00 -61.95 -76.93 59.38 -62.87 0.00 62.60 -23.44 80.07 54.94 72.02 0.00 98.51 -1.49 0.00 -25.16 -87.63 71.31 18.02 -70.30 18.45 93.95 52.04 -6.22 -73.11 -51.59 0.00 -85.70 94.01 -60.47 87.49 48.48 -11.21 72.21 25.22 -30.90 -89.75 48.29 -34.32 0.00 -52.62 10.89 79.45 -35.35 3.03 51.46 0.36 0.00 0.00 -98.47 -73.71 49.94 72.84 81.52 79.65 28.49 0.00 75.47 68.89 -77.74
-60.44 -45.50 0.00 -26.22 -66.44 -5.97 -38.74 -80.76 -79.98 -29.33 0.00 44.47 -10.88 18.13 29.96 92.01 65.51 -21.95 71.45 -32.63 0.00 81.08 22.91 67.73 82.61 86.41 17.67 92.66 -94.87 0.00 0.00 34.52 21.14 -82.20 3.40 43.41 -42.64 57.91 -45.61 -9.08 -10.86 52.86 47.38 9.17 -76.47 29.05 -64.51 41.66 -41.00 -72.50 44.38 37.06 -63.85 -88.26 55.34 59.06 -83.33 37.95 82.68 34.34 67.81 0.00 -74.99 -31.15 -11.06 -57.19 -90.54 -30.45 0.17 -95.43 23.94 -71.71 30.92 14.01 75.67 -59.92 37.54 4.71 12.79 16.40 -99.08 40.29 -39.23 75.19 76.44 9.72 30.52 72.71 63.61 -31.54 92.59 -2.06 -26.53 -82.41 -96.00 62.42 -39.60 -49.33 -30.83 60.57
-44.76 -69.68 -73.94 0.00 86.16 44.33 -98.27 -36.55 19.07 43.65 76.24 -64.54 44.57 53.73 33.45 19.75 67.37 -19.63 -49.73 40.07 -56.03 55.94 69.86 41.92 -33.38 87.45 83.13 -33.76 0.00 -14.95 -66.21 35.41 -17.18 0.00 26.24 0.00 -97.07 8.89 49.60 47.26 10.62 -86.96 -33.68 -8.53 -73.52 1.79 -26.75 80.21 -27.56 -69.80 47.58 52.81 17.68 24.85 96.79 10.83 -5.29 75.91 77.45 19.36 59.03 -56.32 -95.59 -69.98 79.09 -12.77 56.26 82.03 96.12 0.00 5.85 0.00 66.49 0.00 43.94 56.11 -67.19 -64.59 82.59 71.81 45.87 0.00 -100.00 -55.76 0.00 76.07 84.79 -65.75 0.00 0.00 0.00 -6.25 9.63 -68.97 -95.43 -58.46 -93.07 82.02 60.91 -96.84
-74.31 0.00 -97.48 -66.82 -58.02 26.96 -73.36 -38.79 23.08 69.71 -72.30 4.22 63.02 -2.28 76.84 0.00 82.81 6.73 22.70 82.81 50.97 -1.23 67.59 -77.58 92.52 14.43 -46.54 -65.71 93.18 -2.40 -83.70 54.08 37.98 -58.01 93.81 -91.64 0.00 21.18 20.77 -64.99 82.40 -18.95 -58.08 0.00 -52.70 85.27 -95.07 45.02 99.32 87.74 -48.26 22.01 -92.25 -60.09 -79.23 75.34 -37.67 -49.51 26.97 53.00 -15.22 20.15 -49.40 38.29 11.43 0.00 -74.22 -82.52 5.24 -65.86 38.67 -36.79 6.36 21.06 44.26 48.28 -94.44 66.73 90.42 50.58 66.04 -84.64 0.00 -60.48 0.00 25.26 -76.89 16.64 83.24 -64.35 78.97 -66.27 62.63 69.18 55.72 19.98 0.00 -43.02 -5.99 0.00
-68.60 -17.24 11.49 73.85 16.90 -49.85 -25.74 -39.53 0.00 -91.59 -44.28 -54.05 0.00 -86.03 -77.55 -63.63 -98.25 -74.31 -48.27 -21.52 50.95 -25.16 95.12 34.19 10.49 -88.71 -94.88 10.32 80.47 60.84 -69.71 -62.56 -7.95 -1.09 57.41 -96.46 9.96 11.51 -9.10 84.23 71.98 36.53 0.00 -22.85 -82.07 87.71 -0.40 -8.49 -73.33 62.51 0.00 43.24 5.15 50.66 -44.72 0.27 22.05 -97.03 11.56 27.17 13.30 29.23 25.22 80.80 0.00 -96.13 -82.74 16.91 0.00 0.00 61.28 -41.99 -35.92 -27.22 48.92 0.00 -14.49 0.00 -18.03 0.00 22.65 0.00 62.66 -0.10 47.56 -0.53 91.41 74.23 -38.03 71.85 -20.62 -87.38 -72.88 -83.15 0.00 34.68 -32.70 65.62 -0.95 -82.20
-5.16 -75.74 98.61 -1.29 -21.26 52.72 -40.02 0.00 36.75 -83.21 69.97 22.87 0.00 2.30 -48.07 -17.28 0.00 -35.04 89.04 -69.72 64.43 -82.36 -95.50 -36.40 -73.31 21.09 13.43 -8.98 37.94 -14.69 58.33 3.55 84.37 76.13 98.39 0.00 -54.17 -88.07 34.30 24.57 -98.14 -68.52 -1.47 -81.35 -98.55 -41.40 58.17 -9.41 0.00 0.00 41.33 -39.67 16.84 71.61 -38.04 71.69 -86.69 62.77 98.39 34.41 -23.81 26.61 -27.66 61.51 -15.07 -86.90 0.00 83.08 -38.94 0.00 -51.31 -33.89 10.20 83.00 90.69 12.06 -48.32 26.42 67.93 -9.66 0.00 85.02 26.09 80.94 0.00 63.55 -76.38 0.00 0.00 34.98 0.00 35.15 0.00 22.79 43.87 0.00 48.47 -14.45 79.46 20.08
0.00 61.74 6.07 -70.38 60.45 91.00 -57.28 43.52 -10.74 28.63 -90.37 99.47 48.83 -62.48 48.73 0.00 -99.50 -98.86 16.65 -9.15 86.16 -20.06 8.99 0.00 49.71 0.00 3.56 -56.04 22.06 -73.66 87.83 7.73 49.10 67.29 -34.99 10.84 10.56 -5.36 8.49 1.55 74.57 -47.99 -71.98 3.19 -1.15 -35.31 -10.78 0.00 73.58 -86.59 -10.27 74.72 30.07 -82.22 98.08 -90.00 26.77 84.99 50.78 -92.07 44.26 0.00 -85.68 -67.04 -48.02 63.43 -62.55 17.00 11.47 48.01 0.00 -51.16 -80.05 0.00 -13.23 -76.60 0.00 9.17 14.79 63.81 -91.99 79.48 -46.98 -81.21 92.89 79.96 0.00 93.51 22.95 97.74 -71.21 70.17 24.50 -86.23 58.15 69.64 95.24 72.47 -97.40 -52.78
73.10 -59.95 0.00 0.00 0.00 0.00 -98.58 0.00 -15.44 -74.73 -12.53 41.73 12.04 48.08 -49.11 -73.18 11.88 -3.88 -93.71 -97.89 0.00 14.91 -63.62 -80.73 45.63 96.55 -82.99 -88.38 66.71 78.72 -74.61 0.00 62.06 85.57 -79.37 34.52 88.17 5.06 44.83 -34.58 43.69 -33.41 -9.31 0.00 -31.64 0.00 -91.69 -97.28 0.00 -83.57 -40.79 -70.46 65.53 92.54 -26.96 -95.16 44.65 9.43 -75.89 -9.73 5.97 -21.67 1.89 9.88 -5.74 64.50 -28.07 0.00 -20.18 -77.67 -56.35 5.19 64.60 88.48 -92.19 45.49 -44.93 -1.49 -86.16 0.59 38.44 -32.52 97.01 -94.81 -67.00 89.54 -21.77 0.00 -62.16 34.19 -75.14 -0.83 -38.34 30.83 -85.30 63.56 -22.09 8.96 65.26 49.84
-74.02 -75.21 93.50 68.38 -73.41 -80.83 76.20 72.08 -25.76 -25.30 -76.88 74.84 -49.66 -9.40 71.84 -44.47 23.61 98.59 33.77 98.66 32.77 58.63 -2.18 94.43 26.67 49.74 95.19 -95.43 -41.31 97.65 91.63 21.89 -77.57 85.12 -9.74 -50.98 -95.72 -33.55 -41.70 15.74 78.36 -18.58 27.78 0.00 -71.30 72.03 36.82 -15.77 32.84 35.40 -44.80 31.49 0.00 5.37 -48.96 0.00 -33.48 37.01 77.71 -83.75 32.19 -80.52 12.15 67.05 -88.90 -65.97 -73.32 96.22 61.51 -24.29 -62.29 -72.05 71.22 90.66 -56.48 -47.36 18.43 -27.78 -38.13 -44.76 93.66 0.00 94.71 -72.15 -13.93 26.19 33.22 37.11 -70.09 -29.78 52.02 -53.84 -60.38 71.50 0.00 58.32 -93.34 82.61 -70.45 -66.66
-83.98 91.06 0.00 46.26 -9.06 -43.78 54.69 -18.41 -0.26 -92.68 -62.78 -90.84 6.40 29.68 -59.98 1.10 57.53 26.09 -35.51 0.00 27.95 -36.81 -5.59 -64.62 -84.80 77.78 -25.00 86.71 73.30 18.87 -93.49 -97.15 89.42 -77.47 -68.89 72.89 50.69 -12.67 27.57 -67.73 87.07 72.10 -30.50 -66.57 -21.51 99.18 -26.54 79.59 93.91 99.55 -18.72 0.00 21.85 -0.05 75.69 57.23 15.15 53.47 -30.57 39.06 26.76 88.30 0.00 45.57 29.61 -85.08 0.00 -94.69 60.73 87.81 93.21 -14.74 52.58 -74.53 -27.67 24.67 32.18 42.97 -59.64 31.35 -83.58 -42.85 62.46 -84.03 38.43 0.00 -15.69 53.13 14.12 -21.26 -31.73 -32.42 48.18 -55.46 -68.46 36.47 -72.69 98.37 88.60 -30.17
96.30 76.40 -36.97 -18.45 28.97 -11.49 91.09 -9.16 -79.32 34.06 31.20 89.25 87.69 0.00 88.35 51.70 -59.14 26.78 -26.79 0.00 93.99 -21.90 51.96 0.00 -37.74 82.89 0.13 44.01 -85.58 -26.20 0.00 0.00 71.32 -50.01 -0.39 0.00 -58.85 -53.72 -24.00 4.18 65.05 -57.82 -70.11 56.13 33.02 -12.21 27.39 1.43 14.24 15.08 26.98 -34.07 55.94 -9.04 0.00 76.36 49.93 69.06 28.31 0.00 -50.61 89.15 -34.36 0.00 93.40 -59.22 76.65 64.71 -9.23 -23.75 -56.94 74.27 89.47 47.25 39.31 -68.36 -85.66 0.00 -4.57 -98.14 2.13 -77.18 3.29 -83.64 75.11 -32.52 19.51 31.04 58.44 -4.14 -19.04 64.71 0.00 -38.63 30.35 53.85 64.22 60.95 94.63 78.07
0.00 25.66 22.61 -8.47 68.72 0.00 -3.13 -19.01 53.17 -63.83 49.84 0.00 0.00 67.52 68.81 88.91 -30.36 -71.17 29.41 23.22 -96.07 96.89 0.00 -57.28 34.98 0.00 0.00 55.32 75.79 -46.86 20.02 -25.64 -79.30 -26.13 -61.43 81.65 5.70 -46.16 44.51 -71.70 0.00 45.37 13.23 25.17 -36.44 3.60 98.55 -86.61 -28.89 67.36 -60.49 77.97 96.19 68.92 1.18 -99.88 65.80 81.11 0.00 72.31 58.32 0.00 56.89 -37.35 -21.66 -68.76 -16.65 89.42 7.02 -35.00 0.00 -4.89 60.86 -90.50 60.63 43.44 59.94 -14.21 -93.01 -36.46 21.55 -42.40 71.86 -11.10 -2.89 49.82 -14.92 -33.98 -49.01 22.41 -30.98 -30.70 -5.29 -72.67 -73.82 57.37 42.88 -5.37 0.00 -22.08
32.29 -98.36 80.13 -35.39 99.72 -73.16 -74.77 43.15 86.78 48.23 50.14 -12.48 -30.23 -92.27 -40.62 95.88 42.05 -53.60 -19.04 -54.73 34.61 -59.43 14.29 0.00 0.00 -96.10 35.29 41.63 -69.91 29.86 -15.50 0.00 0.00 24.72 -55.02 -46.00 63.58 -74.89 18.61 63.29 -48.05 81.05 6.43 -24.07 66.48 -6.23 -99.34 -26.54 38.72 -39.96 0.00 -30.67 -19.24 43.65 50.29 0.00 63.25 -21.75 90.87 -22.47 0.00 -17.84 63.36 -43.64 12.25 30.42 78.08 -25.83 75.40 -67.93 -25.05 -99.50 87.89 -61.77 -10.34 68.93 81.87 65.60 72.61 12.85 0.00 0.00 -96.54 -53.94 -48.44 0.71 0.00 15.40 69.53 -55.65 2.89 0.00 0.00 32.77 22.61 30.96 -52.49 -95.24 31.52 3.87
54.22 -0.86 -18.06 -34.41 -25.46 51.22 40.55 12.25 39.10 0.00 -84.02 -60.88 45.23 0.00 -64.94 -58.08 17.84 47.91 -54.62 -98.90 -63.33 46.09 53.71 -56.60 0.00 90.44 -6.19 76.18 50.25 -75.24 -76.32 0.00 55.01 93.50 64.76 46.43 -7.37 -16.09 -87.98 -95.63 -64.88 0.00 89.78 53.84 74.23 0.00 -57.04 92.96 56.66 -21.98 0.00 -65.13 -25.51 -36.87 17.46 12.81 -0.20 -36.46 -33.49 80.42 -8.82 0.00 60.32 56.59 -58.57 -77.71 -82.53 0.00 0.00 -66.36 -84.22 -80.57 80.08 45.62 3.34 -70.70 50.00 38.47 -80.93 3.83 49.90 -0.76 33.99 6.55 77.27 -93.94 0.00 -81.75 -22.40 23.52 31.06 -85.39 -75.74 -65.23 95.03 15.44 95.10 88.82 94.08 -82.62
-56.51 -72.28 0.00 -29.63 0.00 -37.08 -55.00 -84.02 66.27 -25.70 -96.82 41.94 30.58 0.00 7.01 -8.17 -70.19 -21.80 98.38 -55.72 -15.74 -83.38 21.89 -92.23 84.89 36.50 -67.97 -80.34 31.52 84.69 -48.04 57.54 78.76 -30.66 -98.98 -56.32 76.92 -36.06 -11.32 -69.90 0.00 0.00 -32.59 0.00 62.98 -66.71 0.00 -90.66 0.00 -6.45 40.30 1.17 60.58 -44.29 36.76 0.00 -95.15 0.00 39.97 90.59 63.95 47.75 75.48 37.65 -83.02 -67.66 6.37 -61.13 -15.70 -36.10 -82.37 90.85 -35.08 -1.48 67.76 28.87 87.21 97.86 -66.52 50.18 -31.65 -57.17 -19.06 0.00 0.00 -91.35 81.21 -21.28 0.00 -35.64 17.96 20.78 -58.47 8.55 -15.27 -73.52 21.23 -77.63 -56.53 90.78
28.75 19.55 -24.93 -70.15 74.39 3.12 -5.22 -27.09 8.08 -39.15 -39.89 5.93 -5.67 -52.51 74.29 74.37 28.43 -79.86 55.58 -92.86 21.71 -26.47 27.93 -99.56 -80.72 0.00 -50.14 -73.07 77.72 9.44 7.61 68.49 0.00 -61.82 0.00 -72.85 -19.24 5.25 -98.46 83.88 -99.98 11.66 0.00 -8.05 -1.92 0.00 71.77 0.00 -64.91 -70.39 -80.75 -90.63 -96.02 84.90 -33.28 59.56 -70.76 -74.37 -29.71 94.38 -73.93 26.79 -18.56 -9.79 4.50 90.89 97.82 -27.01 -33.73 -75.03 53.75 71.52 -36.28 74.84 0.00 -91.26 -87.42 -33.22 6.82 84.35 1.87 73.65 -59.20 48.45 77.63 -37.10 -84.84 74.39 29.36 -22.00 -18.12 23.73 41.29 0.00 -91.34 -57.62 -68.51 13.17 0.00 -66.74
-70.69 -76.64 -0.47 -8.51 -85.69 -28.95 92.42 89.15 -20.21 -95.01 -44.07 -76.18 -73.46 57.80 0.00 97.47 4.55 43.46 0.00 0.00 -87.71 -95.34 95.83 0.00 0.00 86.68 34.02 -26.17 -31.45 -5.05 0.00 0.00 -47.68 -22.78 37.33 -16.19 -72.41 0.00 70.59 50.33 -11.84 0.00 7.33 0.00 -58.19 2.47 78.38 -28.57 28.83 0.00 -4.63 13.63 84.76 56.40 40.17 79.76 53.86 -18.07 60.42 66.15 23.80 56.25 0.00 90.03 -42.19 -69.93 -41.42 89.97 19.60 73.01 64.51 0.00 -96.60 -99.41 72.30 53.74 -11.25 -20.38 -67.25 0.00 -71.58 0.00 -4.80 4.19 57.25 -72.22 -44.98 79.21 84.18 -67.60 96.18 38.04 14.33 56.59 41.39 -61.88 50.04 0.00 31.42 33.14
80.11 -72.80 60.31 0.00 36.91 -99.80 24.81 40.32 0.00 -62.00 -2.89 31.26 63.96 -86.07 64.01 92.38 9.14 5.40 86.84 36.92 60.43 0.00 -96.76 21.09 92.83 99.42 -3.67 0.00 44.36 93.22 -62.28 -80.32 43.25 -93.66 90.03 60.57 -66.46 50.33 -2.53 -66.26 -24.86 -25.01 8.95 -90.55 -93.76 0.00 0.00 -27.10 -76.62 70.26 0.00 2.48 69.73 12.86 0.00 -10.69 6.64 0.00 10.49 29.77 -35.06 0.00 3.31 66.39 61.27 -15.13 59.60 -63.81 4.55 0.00 40.06 -20.26 -5.43 37.83 13.28 0.00 -17.89 -27.50 84.23 0.00 57.25 47.50 0.00 -6.83 66.70 53.74 66.07 -72.72 61.20 0.00 -31.45 97.02 -25.94 95.07 40.86 -78.25 24.83 -94.21 0.00 62.28
-8.78 -95.73 -52.86 -11.98 -22.33 88.91 -34.72 57.42 20.68 -96.90 -29.31 -97.22 -24.39 -45.08 97.24 -39.69 48.09 -98.87 -85.96 51.37 -71.58 -87.55 -42.88 -74.57 23.72 -10.61 0.00 66.29 45.47 -85.78 -90.71 7.74 42.65 -86.44 92.10 -32.13 28.44 0.00 81.00 70.37 -14.15 38.88 73.47 93.76 41.67 -13.72 -51.33 76.11 46.59 -66.04 77.25 97.85 -77.47 -94.34 0.00 -52.50 -20.35 -31.70 71.22 69.05 -65.42 53.89 0.00 -79.53 -18.92 -38.37 -99.68 -5.36 -46.28 5.40 -39.71 -28.08 -24.24 46.14 0.00 -89.21 -50.77 39.89 89.67 72.72 -74.24 65.78 56.52 -3.06 0.00 80.23 91.57 19.47 85.89 -60.94 -63.67 -45.82 -52.52 -57.42 25.97 -98.64 0.00 -36.95 -92.95 0.20
0.58 38.90 91.13 -94.03 -63.61 0.25 0.00 -18.26 82.54 48.26 68.18 59.63 0.00 37.92 78.10 0.00 -77.40 40.90 34.61 19.54 21.12 26.17 -23.79 44.21 -97.57 49.75 -64.41 -50.09 92.33 98.78 -11.51 -7.42 0.00 -56.97 88.69 93.16 81.93 -82.98 -63.66 -44.47 17.27 18.08 -61.94 -34.48 -13.75 -65.11 0.00 -59.35 -35.66 -42.51 81.55 -63.84 -85.77 39.88 99.54 0.00 -9.55 21.29 -60.82 -22.60 56.89 26.30 0.00 -30.27 55.66 -85.22 0.00 62.31 -64.11 -59.32 92.68 -44.98 -42.30 -70.99 10.55 0.00 74.97 84.30 48.61 -22.30 0.00 7.75 0.00 -79.29 18.35 -90.71 -21.80 37.10 -54.55 -7.56 -23.03 0.00 -17.80 -79.91 -64.53 21.38 -2.51 -70.44 -52.33 -95.58
-77.58 -37.54 -96.06 -41.69 40.35 96.62 0.00 13.33 98.05 -37.17 -76.12 -89.79 -52.88 72.49 -12.09 0.00 54.87 93.20 -56.54 64.16 8.61 80.57 -53.18 -61.75 -5.26 29.02 -4.45 30.21 -49.61 93.04 59.77 0.00 -1.94 -65.33 0.00 82.19 97.73 -61.39 -59.51 75.28 -27.57 91.04 0.00 73.32 35.26 -85.09 0.00 -79.26 0.00 -80.42 -75.40 45.86 74.45 0.00 -44.99 89.33 75.81 63.62 69.89 -77.38 -60.93 1.83 88.85 34.62 -67.96 -60.77 27.65 -70.99 74.51 99.53 -51.59 -90.57 -61.87 26.11 84.72 10.56 17.14 95.24 -16.98 32.05 -46.82 2.60 93.87 99.05 14.25 -51.13 -74.43 -9.94 0.00 -50.31 95.46 49.89 -11.24 34.49 0.00 38.74 0.00 -76.63 66.53 -84.83
0.00 0.00 88.23 -67.25 89.68 87.76 -18.84 -63.68 -74.12 -92.74 -78.97 73.66 61.62 -46.53 -43.33 30.87 6.66 96.49 24.73 5.70 10.73 73.60 31.27 -99.22 -76.72 63.93 50.68 12.04 -1.59 26.62 72.62 2.15 41.79 60.85 34.90 68.68 48.60 -46.74 -95.01 -88.32 -2.27 -36.77 85.34 0.00 -40.66 16.70 0.00 -20.78 90.22 -39.44 -24.30 52.15 66.26 86.43 25.75 34.73 -75.58 86.24 35.86 -87.70 35.49 -28.52 38.92 8.10 73.63 -19.30 -31.06 45.73 -13.42 -82.47 98.99 -8.43 -33.57 -3.29 92.01 -48.24 93.27 8.71 0.00 68.19 83.48 69.27 -56.12 35.62 72.74 -32.48 -1.43 44.67 -8.06 0.00 -15.19 -19.47 41.45 -79.71 52.01 -19.64 65.60 62.84 98.27 -65.46
0.00 8.56 -15.15 -10.72 7.54 -86.38 0.00 55.71 -58.55 0.00 -94.37 -55.32 -65.29 0.00 51.55 -87.14 -44.61 58.02 -6.04 -71.78 30.75 61.48 26.79 12.63 0.00 -9.38 0.00 0.00 -51.20 0.00 93.16 -67.94 6.30 82.37 49.63 -28.10 82.41 0.00 85.10 43.65 -9.04 -30.06 -67.08 -64.30 0.00 20.78 -74.16 -22.85 26.41 -29.48 49.08 -22.05 20.59 -95.54 -26.83 -85.46 -30.11 -96.08 -86.78 -66.11 53.76 3.84 -17.31 84.12 73.11 0.00 -73.80 66.48 59.94 -1.90 48.88 45.04 -58.26 -22.96 -47.82 11.87 0.00 12.74 72.96 37.71 -72.91 36.57 -54.57 -86.63 -48.28 66.03 -82.16 24.90 80.57 24.94 0.00 66.03 93.80 58.83 19.78 34.84 -21.27 3.89 45.16 4.93
7.57 5.09 -59.77 -6.35 -49.88 19.18 70.69 39.52 -68.96 20.63 0.00 49.68 -94.04 84.93 -13.75 -48.61 98.31 75.18 -82.59 -46.65 0.07 97.99 78.29 3.30 -71.02 37.12 -76.93 -98.98 -46.95 64.17 46.18 0.00 57.98 8.94 -48.73 0.00 98.21 -97.42 38.60 17.38 -89.53 -21.89 85.63 68.31 -72.21 91.59 53.24 51.25 0.00 -57.02 88.75 26.42 -2.40 -57.91 -73.51 32.79 -42.42 67.00 61.77 94.70 90.08 62.80 -52.26 91.45 8.97 0.00 -57.08 0.39 97.45 -58.88 40.18 36.05 95.71 87.87 0.00 -48.64 81.34 56.17 0.00 -20.85 0.00 -89.88 46.61 -32.40 -46.90 35.35 94.03 50.71 -85.36 -42.28 0.00 0.00 20.70 -27.77 -75.29 -17.53 -33.08 -48.01 -17.53 51.88
0.00 -56.56 -71.36 -68.00 81.04 0.00 0.00 -73.91 10.34 21.21 99.35 6.04 46.28 -49.30 24.58 2.45 67.07 34.71 -13.74 0.00 -65.34 -74.99 -78.39 -34.11 0.00 -87.08 -63.75 23.61 33.63 8.48 85.54 -46.70 -87.39 -62.48 35.77 0.00 -98.31 18.17 -98.39 -66.31 36.41 -72.30 44.03 -42.38 -35.75 -12.72 -96.11 52.17 -88.15 43.55 19.23 83.77 -70.19 91.10 -91.22 -11.37 -43.01 -78.30 62.09 -82.20 55.33 7.78 -59.46 -91.38 57.60 0.00 -21.93 81.60 59.29 -66.56 83.22 -69.82 69.86 -51.88 -88.58 -35.32 0.00 49.59 35.91 5.78 0.00 1.75 47.76 -13.46 -41.82 31.53 16.35 -50.73 77.52 -57.82 43.47 99.22 -95.74 98.49 0.00 91.76 49.25 -60.98 -62.42 6.84
54.30 -80.82 3.33 -75.05 -60.40 70.73 94.81 0.00 24.93 -80.65 -3.31 -25.49 55.26 -60.33 76.26 40.22 26.21 -65.57 8.95 -20.24 20.92 0.00 -13.54 21.94 1.59 22.89 63.42 0.07 14.64 12.66 76.31 89.43 -43.29 67.81 -54.19 60.04 92.76 -14.59 67.97 -75.24 -89.66 0.00 87.32 21.45 -15.15 79.78 61.13 -1.68 20.00 24.54 32.75 -33.85 -95.70 -9.13 52.62 26.24 92.47 12.71 26.86 -7.47 -72.66 -23.27 6.04 -46.03 33.44 -26.15 -0.21 30.68 -33.40 85.20 -1.35 28.58 -67.26 23.17 -12.77 54.81 2.95 -14.44 -46.88 -77.06 -89.90 -76.93 -10.91 0.00 -85.60 13.95 -21.09 0.00 77.85 43.62 91.62 4.71 -26.65 -43.84 -81.36 0.00 79.40 10.14 52.08 -9.55
-90.08 19.96 0.00 0.00 94.26 0.00 -67.68 -81.40 22.83 2.28 78.99 -89.94 -42.92 -18.07 32.83 47.41 4.87 42.93 70.48 -68.84 94.54 21.63 47.29 72.39 2.45 0.00 76.11 14.30 75.81 -67.73 0.00 70.15 55.20 79.62 59.43 -17.15 -73.26 -20.62 -22.90 -3.73 35.20 99.94 98.55 14.18 -52.80 -44.38 96.11 80.03 -96.98 38.18 60.17 -89.29 -93.46 54.70 69.55 53.83 64.29 -28.00 67.15 15.79 -52.20 99.42 -14.07 -59.80 -83.77 0.00 -54.65 23.05 -19.82 61.95 -99.86 76.45 -2.86 -62.72 0.00 -87.80 -88.69 -15.52 5.03 -55.38 1.72 8.06 -80.00 -38.12 0.00 55.98 -73.46 -46.22 25.52 -82.42 -81.93 97.52 84.73 71.07 -17.48 -78.66 -5.79 22.72 -25.22 39.56
-17.03 0.00 54.96 38.71 20.33 68.61 -64.16 0.00 57.61 80.81 -15.64 -20.70 -14.16 66.19 0.00 81.02 -68.90 86.19 -19.90 87.08 -87.27 33.88 49.80 -32.48 89.16 84.53 -47.76 60.23 -32.96 -26.42 -45.57 89.77 48.36 -68.81 0.00 9.94 40.52 0.00 69.91 -69.74 9.12 -57.05 87.88 27.14 64.53 4.38 -87.03 30.71 -14.61 -18.72 16.90 -97.31 5.56 66.84 36.57 -44.65 -65.65 25.73 -60.13 0.00 -13.41 23.16 44.13 97.38 -85.21 71.10 45.73 -16.81 -18.97 23.45 -9.70 11.30 -67.44 33.26 36.38 59.70 34.99 -59.25 -90.13 -34.31 63.35 -8.85 0.00 -80.21 66.04 -66.09 86.63 2.60 -10.73 -79.03 -34.47 66.35 44.77 -74.11 10.47 42.14 -22.11 -18.44 25.07 61.09
99.81 -51.49 -48.62 11.10 18.29 0.00 -78.16 -15.32 15.19 56.83 0.00 25.43 0.00 25.07 -40.27 25.98 -46.58 -20.48 0.00 -7.99 -12.66 -33.85 -68.19 -86.19 24.33 -2.65 -82.64 6.31 60.45 27.84 -51.56 -61.66 -53.40 -89.28 99.43 -53.60 -3.56 0.00 -11.99 94.71 -48.07 9.86 -20.62 67.13 3.89 -57.99 29.40 63.62 67.99 82.82 -56.86 -2.80 7.36 46.50 29.02 21.17 -29.18 -36.43 38.54 77.13 -75.99 3.58 -37.22 -0.44 50.18 10.71 -1.02 -66.21 0.00 -55.65 -75.80 -34.30 -3.71 71.27 0.00 0.00 82.30 0.00 0.00 -36.59 -24.85 -38.49 -69.99 -24.02 -70.50 -87.18 0.00 19.12 26.70 20.19 2.82 -7.08 -21.44 73.64 0.00 0.00 56.49 -82.91 87.98 -82.29
20.67 -49.25 17.27 8.06 98.67 -46.54 79.06 -56.99 -22.34 -18.04 39.30 -51.08 0.00 -35.75 -60.09 61.28 25.77 -30.08 -62.75 92.48 0.00 19.96 93.58 56.38 -22.65 -3.61 -50.70 55.91 7.24 -94.22 -89.79 -4.79 -76.51 68.09 83.17 77.98 13.35 -80.97 -68.57 -7.60 -37.96 46.30 0.00 74.37 -61.45 0.00 0.00 95.22 -24.18 15.67 93.70 -98.42 -77.20 -31.84 -68.74 0.00 0.00 42.76 -1.06 87.65 -42.69 0.00 95.34 -25.85 -86.79 39.78 -20.07 -39.37 0.00 -27.81 40.64 -71.28 0.00 -44.65 55.82 42.07 -25.62 87.25 -28.32 73.63 33.54 -53.96 -87.83 65.96 0.00 59.07 65.06 96.86 97.87 87.86 -34.99 -70.88 67.82 63.96 -46.03 -74.88 96.50 28.12 0.00 0.00
-24.46 36.27 -91.95 36.18 -91.55 85.90 64.90 1.01 78.92 44.17 -87.41 66.16 -84.16 86.22 36.90 -0.91 -64.40 40.06 -41.84 -99.35 36.91 -43.98 -74.29 -60.87 22.35 93.53 -59.71 76.33 -44.15 -63.22 4.44 68.60 -89.75 49.70 4.77 -44.09 72.80 6.87 94.13 0.00 51.71 0.00 -48.96 -93.29 17.86 -33.12 -69.87 -8.04 65.98 -34.27 -67.99 -38.66 3.59 68.93 17.36 29.30 -54.74 -60.30 60.03 -14.45 -46.77 0.00 -84.13 22.33 57.68 84.48 69.79 7.37 26.45 -37.10 -19.83 -66.68 -42.98 -68.13 21.57 0.94 86.95 -74.35 31.07 -21.10 -71.17 -65.99 48.13 -9.83 0.00 37.60 54.26 -55.27 4.11 99.52 -15.56 1.34 -14.94 37.67 54.43 -55.41 32.55 38.90 0.00 -85.63
0.00 -60.08 2.55 -22.73 57.30 0.00 73.08 71.50 -73.63 31.85 -27.57 -49.48 57.51 -96.51 0.00 66.64 86.34 -25.29 14.76 -23.49 -50.48 -30.99 21.24 53.63 -31.48 -57.12 -45.04 90.79 -82.24 -53.41 -64.63 50.31 -77.31 0.00 -50.26 -72.57 25.25 64.22 84.73 0.00 35.53 35.71 0.00 -51.69 -32.62 0.00 -91.87 -1.17 -75.12 -51.17 -34.54 -51.58 23.55 80.22 0.00 24.93 73.07 -13.57 -16.62 63.90 0.00 54.95 63.47 0.00 -43.94 45.73 0.00 0.00 81.23 2.66 -81.70 68.75 25.35 -31.96 96.18 -12.20 -30.54 -81.89 -76.67 -57.63 -33.58 -9.29 -12.29 65.25 52.80 73.76 -32.08 -98.79 -2.70 -51.87 63.36 7.57 34.57 -53.27 8.67 26.72 -52.60 64.73 9.66 -71.37
4.59 27.96 -65.42 -70.06 -66.79 -69.25 17.74 2.67 0.00 -13.93 78.28 82.26 89.70 -31.02 -30.04 92.16 -41.02 -56.29 -39.93 -39.80 0.00 78.22 8.20 -76.45 -14.22 -20.03 7.49 -68.35 -93.31 54.89 96.39 16.35 0.00 0.00 83.52 0.97 -18.49 -44.70 68.12 14.72 23.27 23.07 0.00 -45.40 -90.67 1.34 0.00 -63.15 99.04 -92.47 44.02 91.19 -33.49 87.74 -11.54 26.71 -96.85 96.66 87.47 26.15 13.84 -5.05 57.80 20.53 -50.16 54.18 -25.92 -29.44 0.00 -7.64 55.59 25.87 -2.32 7.52 -50.87 -79.26 62.12 -41.54 59.30 98.97 -5.30 -95.97 80.19 23.09 -29.46 67.92 -88.46 -65.54 71.08 -54.59 -78.08 34.43 59.25 54.09 0.00 -7.78 16.98 -96.08 -16.39 -71.74
-25.52 75.97 -78.95 -62.45 -26.36 0.00 28.57 -13.32 31.60 -9.32 82.36 -9.11 26.85 14.26 -5.08 7.04 -25.44 -97.34 0.00 12.16 -13.90 -62.88 20.44 68.72 -3.74 -45.14 0.00 65.17 -49.66 47.09 -17.86 -8.53 -69.31 10.40 -96.85 -56.14 31.46 -59.29 54.71 0.00 0.00 -39.98 27.39 0.00 -13.70 0.00 87.92 46.95 77.19 51.97 -38.79 9.31 -3.79 35.77 11.98 -54.42 -40.93 86.31 66.02 -35.00 19.77 -41.91 0.00 -69.84 70.11 -57.62 12.31 -1.22 10.28 -40.09 1.94 54.14 0.00 91.37 42.65 8.84 -11.40 7.24 -67.65 13.72 -8.60 -53.26 2.89 52.61 56.06 -63.69 25.58 0.00 5.24 -18.11 -78.15 28.75 -52.10 -13.15 -51.48 43.20 17.02 -44.17 85.58 -70.68
54.62 -4.15 26.44 -6.24 -12.81 55.02 -26.39 -66.76 -19.18 0.00 80.85 -34.41 -68.26 -27.76 12.33 34.63 -37.95 5.59 70.94 87.63 -89.18 -47.18 -90.52 0.00 76.79 37.94 -3.67 -74.70 -18.87 -49.45 -18.87 3.92 0.00 17.08 -27.05 99.77 -56.48 66.71 -13.04 98.54 -59.69 20.20 -20.65 -41.63 -77.01 48.30 67.82 0.00 35.32 -17.08 -70.13 -21.88 -8.93 -45.30 26.15 43.89 1.39 2.93 0.00 19.03 -65.07 28.23 -62.63 -14.52 -53.43 0.00 41.29 -97.44 56.73 41.05 0.00 -16.71 23.44 -34.79 -18.18 -99.05 -77.39 0.00 98.38 -40.68 -54.40 46.67 -35.65 -81.87 -33.21 -5.78 0.00 -3.75 57.86 86.13 -77.61 38.96 -12.48 62.54 -42.02 22.45 -9.24 -4.65 -54.87 0.00
74.54 -63.37 -52.31 31.27 -85.11 30.98 -8.09 17.31 -50.00 -7.14 39.93 -14.42 89.40 -77.27 -67.76 -46.26 -59.14 36.25 85.17 74.32 -5.90 71.29 -66.08 -66.95 -3.99 96.46 28.25 -81.55 24.42 0.00 -76.41 0.80 -1.04 -2.56 48.49 -32.57 49.54 16.68 0.00 59.34 -33.16 -96.12 -10.60 -93.24 -10.53 -21.21 -33.29 58.92 69.74 44.78 -4.84 92.11 19.10 -73.53 -99.40 90.23 -3.27 -3.39 -76.12 -75.03 52.28 48.30 0.00 -14.22 -46.93 -15.54 83.22 -61.24 89.10 32.75 92.65 48.43 0.00 0.00 -63.21 96.54 0.00 -62.17 -19.23 -14.00 53.83 47.48 -17.88 60.78 -7.75 -85.51 52.88 -51.45 -59.04 53.48 -61.23 0.00 37.69 0.00 -49.91 -37.35 99.88 -60.43 -51.84 -14.35
-7.36 69.83 6.07 31.40 58.93 -23.98 24.05 7.35 12.81 57.79 82.39 93.58 -19.01 0.00 73.43 41.05 63.11 34.20 -29.49 77.60 0.00 24.28 19.06 -44.24 -22.24 95.05 -69.34 65.06 -5.10 -69.47 0.00 -95.38 80.27 16.18 34.47 50.10 -40.55 3.07 46.23 35.47 -72.89 -9.22 -14.52 -77.90 -26.83 -20.94 3.09 -53.41 -42.69 -33.80 -82.01 65.03 -19.00 42.27 21.30 36.77 -42.77 53.55 67.43 -40.51 -51.56 -64.84 -35.89 -34.08 0.00 88.55 98.58 -83.99 -52.01 1.65 99.45 -79.34 65.97 -9.78 6.14 -74.72 63.39 -77.60 0.00 28.37 -52.82 16.93 -68.23 2.38 19.16 12.78 -18.14 -59.55 -13.25 39.09 94.00 -8.62 98.59 -20.35 0.00 63.75 -0.10 45.57 52.29 35.69
98.79 -62.52 -25.46 0.00 98.23 -41.86 -59.50 -11.56 0.00 -98.52 2.99 -10.96 -38.90 -68.64 73.43 78.03 0.00 -36.87 -24.19 34.39 -86.89 57.67 74.85 37.07 -3.25 68.84 -34.35 32.54 -14.31 -70.61 -67.56 -68.75 81.68 68.13 -32.76 -43.64 -57.34 -34.54 14.50 20.37 91.12 53.20 -76.64 -19.85 -85.71 -8.07 -46.43 -70.48 0.00 92.27 29.38 63.91 -94.62 24.25 75.96 79.66 -41.79 82.01 -54.69 90.75 -32.31 -25.30 -39.61 0.00 -1.05 -6.41 -34.28 66.19 49.95 45.59 -31.14 1.66 -34.04 -40.03 -45.15 26.53 40.12 6.35 -44.34 -69.11 35.87 -52.08 60.28 36.98 -9.49 21.73 12.94 -29.83 79.94 0.00 -5.06 15.48 -92.11 62.63 -72.62 -31.72 -1.22 58.18 71.22 2.18
8.13 16.80 71.04 -53.01 -80.04 -31.79 1.84 46.49 -91.68 -54.61 -97.86 -60.79 -81.54 -12.72 -63.31 0.00 55.44 0.00 77.79 58.43 -31.63 -52.05 75.57 -99.49 -99.37 83.46 63.15 -34.77 -11.05 -0.87 -76.60 -39.84 -98.70 68.74 0.00 -85.84 -90.46 -47.07 -65.87 -22.25 54.77 -82.18 0.00 -13.93 -62.64 -42.82 62.50 -44.18 44.46 -63.61 -88.74 22.24 -67.98 0.00 16.84 -92.60 -92.41 17.36 -54.76 -71.75 17.71 10.47 54.41 0.00 -83.17 71.09 -48.23 -44.65 0.00 77.03 -34.06 -35.11 -70.04 37.28 42.65 0.00 -78.07 55.10 -34.08 -40.70 0.00 -87.73 -34.38 15.12 93.94 2.02 63.59 16.18 71.25 -19.57 60.79 -83.96 97.79 -93.98 -18.49 0.00 0.00 52.70 53.71 -64.09
